0.208920
0.341949
0.068549
0.852900
0.193807
0.019016
0.000000
0.702188
0.007724
0.191983
0.485372
0.847424
0.498164
0.550219
0.096323
0.528875
0.601678
0.982107
0.376418
0.393240
0.939577
0.960943
0.516389
0.800871
0.867490
0.364187
0.102550
0.717685
0.837079
0.881162
0.736308
0.000000
0.000000
0.335805
0.000000
0.997417
0.000000
0.094265
0.560341
0.221166
0.869293
0.212630
0.620610
0.330933
0.028846
0.782173
0.054385
0.000000
0.437618
0.922106
0.948757
0.818859
0.070223
0.128526
0.244805
0.098120
0.185701
0.740708
0.898331
0.722377
0.761328
0.027884
0.882181
0.958149
0.017182
0.000000
0.520177
0.978331
0.479035
0.481942
0.690728
0.199508
0.797360
0.947733
1.000000
0.696752
0.000000
0.262928
0.360884
0.199581
0.518962
0.136371
0.000000
0.858609
0.365108
0.151895
0.574562
0.702123
0.757094
0.042123
0.667821
0.236100
0.000000
0.078948
0.000000
0.886132
0.367112
0.191641
0.525559
0.252828
