0.618112
0.482953
0.220544
0.923309
0.103870
0.061604
0.000000
0.583807
0.086690
0.201206
0.338711
0.786573
0.660981
0.553810
0.096040
0.369147
0.896596
0.811408
0.292974
0.507467
0.695920
0.535601
0.561027
0.862088
0.868755
0.562527
0.238990
0.777836
0.882930
0.963858
0.499537
0.000000
0.000000
0.619111
0.000000
0.774614
0.000000
0.253149
0.310878
0.313580
0.736402
0.051395
0.398215
0.271986
0.011122
0.625432
0.041584
0.000000
0.384575
0.910266
0.755713
0.773584
0.128549
0.122103
0.373728
0.263235
0.154431
0.783817
0.995620
0.681846
0.792611
0.067178
0.909332
0.901036
0.042862
0.000000
0.656623
0.833112
0.675850
0.258437
0.772916
0.244773
0.519863
0.983343
0.994478
0.252813
0.000000
0.394207
0.152273
0.152864
0.460265
0.228554
0.000000
0.820216
0.128016
0.243020
0.515950
0.691983
0.927893
0.036546
0.844907
0.143111
0.000000
0.126506
0.000000
0.913633
0.530652
0.202467
0.717850
0.227629
