0.757972
0.910268
0.040613
0.026367
0.368810
0.821875
0.000000
0.997986
0.937146
0.678321
0.111343
0.692304
0.601890
0.035806
0.791638
0.516592
0.390406
0.770060
0.410259
0.909905
0.252059
0.575151
0.091611
0.059029
0.984180
0.109606
0.273782
0.743903
0.669350
0.458583
0.879247
0.000000
0.000000
0.926652
0.000000
0.677444
0.000000
0.473602
0.155357
0.265832
0.389400
0.763552
0.663413
0.199085
0.917539
0.103847
0.683617
0.000000
0.034681
0.033668
0.125610
0.479950
0.051829
0.898353
0.193420
0.847368
0.692952
0.828905
0.523048
0.496418
0.501466
0.447121
0.982528
0.403753
0.937262
0.000000
0.798624
0.109285
0.670966
0.553442
0.218033
0.416874
0.662806
0.046789
0.310656
0.916784
0.000000
0.709330
0.051679
0.424689
0.557952
0.733984
0.000000
0.664988
0.582923
0.627189
0.982628
0.231689
0.114207
0.986642
0.373499
0.490595
0.000000
0.139557
0.000000
0.842390
0.411304
0.788182
0.638786
0.657359
