0.380043
0.822967
0.036268
0.042233
0.790941
0.859269
0.000000
0.971779
0.604746
0.649341
0.100170
0.589236
0.564802
0.129660
0.887151
0.252873
0.663204
0.603789
0.482159
0.897362
0.505681
0.176106
0.168318
0.028109
0.801932
0.081967
0.432022
0.569122
0.737386
0.442935
0.804282
0.000000
0.000000
0.714738
0.000000
0.375088
0.000000
0.715030
0.244957
0.672363
0.328648
0.991102
0.607816
0.131398
0.636146
0.209798
0.866313
0.000000
0.049750
0.006664
0.254196
0.528756
0.092115
0.402228
0.774461
0.653048
0.703604
0.595029
0.594660
0.251041
0.997689
0.293069
0.778471
0.415516
0.953357
0.000000
0.718944
0.163217
0.479554
0.215272
0.852376
0.357209
0.480498
0.004237
0.780393
0.737220
0.000000
0.831170
0.058004
0.679264
0.345035
0.873492
0.000000
0.600550
0.382395
0.660409
0.929086
0.249857
0.102431
0.637150
0.647762
0.997785
0.000000
0.135193
0.000000
0.536957
0.304537
0.914685
0.865350
0.819719
