0.235387
0.181447
0.144772
0.811799
0.688723
0.014490
0.000000
0.761860
0.036996
0.315552
0.166819
0.591540
0.556910
0.930239
0.081812
0.510974
0.947241
0.743322
0.919027
0.290517
0.892545
0.875224
0.682690
0.591589
0.253575
0.431558
0.522021
0.624777
0.371015
0.758110
0.971840
0.000000
0.000000
0.907026
0.000000
0.901677
0.000000
0.399524
0.868173
0.199458
0.859476
0.855792
0.385299
0.454823
0.077398
0.701507
0.332083
0.000000
0.341954
0.505240
0.731357
0.452034
0.301951
0.261875
0.123540
0.010488
0.929529
0.370683
0.865983
0.978239
0.642105
0.463185
0.417319
0.855557
0.378923
0.000000
0.744879
0.301939
0.493007
0.664473
0.786314
0.146707
0.969327
0.348236
0.520038
0.766156
0.000000
0.111288
0.390575
0.042873
0.507504
0.041452
0.000000
0.196953
0.436267
0.481248
0.655423
0.228629
0.956781
0.467782
0.634130
0.250839
0.000000
0.159466
0.000000
0.349247
0.126078
0.048147
0.373571
0.986185
