0.390355
0.305011
0.587967
0.455863
0.691038
0.031600
0.000000
0.922110
0.744062
0.622905
0.629299
0.710590
0.477396
0.676739
0.378894
0.122135
0.965089
0.917197
0.778117
0.168391
0.068982
0.851697
0.493812
0.089039
0.038124
0.817146
0.701546
0.618177
0.782814
0.920120
0.142559
0.000000
0.000000
0.234654
0.000000
0.187124
0.000000
0.660398
0.700795
0.193264
0.517009
0.781475
0.203223
0.267620
0.016132
0.993143
0.016648
0.000000
0.600741
0.410719
0.590860
0.661582
0.379222
0.694130
0.168195
0.376028
0.880435
0.506158
0.881684
0.651950
0.651625
0.323678
0.430220
0.717942
0.523854
0.000000
0.228845
0.408256
0.604308
0.471170
0.701236
0.856052
0.521572
0.489934
0.978617
0.350822
0.000000
0.361060
0.011408
0.229764
0.858602
0.864528
0.000000
0.263525
0.411902
0.431879
0.499897
0.199893
0.974582
0.230275
0.615995
0.143238
0.000000
0.076507
0.000000
0.121396
0.199147
0.280752
0.947860
0.436106
