0.815977
0.849526
0.042444
0.113164
0.316600
0.695889
0.000000
0.654754
0.808149
0.449753
0.222235
0.445927
0.115605
0.390929
0.457776
0.941778
0.154822
0.803463
0.561300
0.385572
0.399625
0.318709
0.265383
0.084173
0.558300
0.060254
0.834774
0.962435
0.580079
0.393758
0.513716
0.000000
0.000000
1.000000
0.000000
0.283638
0.000000
0.974151
0.496835
0.805788
0.318603
0.484567
0.207070
0.120801
0.468547
0.247535
0.867851
0.000000
0.071589
0.023494
0.291660
0.445279
0.536713
0.423293
0.766968
0.939173
0.997480
0.919581
0.987176
0.164183
0.452292
0.206926
0.453153
0.789817
0.557480
0.000000
0.657240
0.317609
0.593524
0.196651
0.845045
0.234662
0.432795
0.001698
0.484549
0.566259
0.000000
0.696717
0.088205
0.426514
0.235132
0.899810
0.000000
0.846710
0.181714
0.623659
0.341646
0.140075
0.009288
0.990222
0.753071
0.403640
0.000000
0.112781
0.000000
0.952525
0.389885
0.977042
0.247377
0.788406
