0.510676
0.915640
0.032345
0.023340
0.372460
0.791527
0.000000
0.967553
0.847130
0.679097
0.091841
0.644885
0.695772
0.058938
0.950219
0.328033
0.614416
0.549094
0.529512
0.792271
0.431183
0.318910
0.122157
0.029276
0.850762
0.098024
0.280183
0.940662
0.558375
0.651293
0.779662
0.000000
0.000000
0.711999
0.000000
0.602177
0.000000
0.683874
0.126003
0.513111
0.485679
0.781803
0.720725
0.134720
0.854214
0.107643
0.988120
0.000000
0.031152
0.017126
0.204111
0.425215
0.107480
0.735541
0.356246
0.669794
0.809524
0.753177
0.651191
0.502516
0.586765
0.457108
0.897053
0.364720
0.938732
0.000000
0.819705
0.161424
0.444066
0.233375
0.412863
0.455490
0.444479
0.014999
0.335712
0.955248
0.000000
0.719186
0.062016
0.545341
0.403836
0.830496
0.000000
0.593040
0.515545
0.833165
0.900727
0.403752
0.102077
0.746142
0.604508
0.713101
0.000000
0.166581
0.000000
0.808229
0.388034
0.893607
0.771668
0.924083
