0.994575
0.642929
0.059167
0.447884
0.267193
0.703296
0.000000
0.495150
0.876486
0.547779
0.573779
0.419045
0.027851
0.520730
0.653843
0.552434
0.083220
0.220819
0.977152
0.285228
0.921360
0.925985
0.432590
0.092379
0.814451
0.189106
0.869312
0.315821
0.788848
0.409896
0.587138
0.000000
0.000000
0.815096
0.000000
0.168124
0.000000
0.818063
0.806080
0.877180
0.236591
0.282307
0.584465
0.238354
0.679437
0.159531
0.339294
0.000000
0.283027
0.060519
0.366187
0.471065
0.633700
0.670479
0.682483
0.856696
0.694760
0.700293
0.856630
0.396875
0.497269
0.357826
0.139046
0.975454
0.719278
0.000000
0.732903
0.945685
0.672333
0.159025
0.737105
0.448947
0.299583
0.001907
0.316885
0.282018
0.000000
0.329543
0.077235
0.291365
0.130079
0.864406
0.000000
0.613315
0.534213
0.148317
0.641830
0.130704
0.031424
0.347795
0.984770
0.221393
0.000000
0.098192
0.000000
0.787131
0.255978
0.645747
0.334498
0.712299
