0.303601
0.216193
0.101777
0.725280
0.255901
0.019351
0.000000
0.880825
0.022707
0.412466
0.232353
0.554151
0.566253
0.632165
0.119890
0.634762
0.976722
0.652340
0.748819
0.306492
0.910724
0.922775
0.583594
0.929304
0.478797
0.545166
0.229828
0.938876
0.680416
0.648786
0.950352
0.000000
0.000000
0.663005
0.000000
0.743770
0.000000
0.180400
0.680564
0.195593
0.798706
0.706896
0.842811
0.412823
0.068916
0.979431
0.265671
0.000000
0.738590
0.602758
0.582354
0.530824
0.220889
0.143444
0.164558
0.034232
0.659855
0.416085
0.904098
0.700311
0.905687
0.094466
0.856409
0.849932
0.087449
0.000000
0.862779
0.351258
0.353165
0.936186
0.476648
0.102549
0.844073
0.443006
0.799011
0.886776
0.000000
0.132942
0.499895
0.098454
0.577977
0.013416
0.000000
0.700538
0.627228
0.208760
0.825716
0.385658
0.848388
0.379878
0.786906
0.321570
0.000000
0.251997
0.000000
0.786173
0.448274
0.072895
0.448107
0.491980
