0.884199
0.668106
0.644154
0.947791
0.106236
0.086992
0.000000
0.642075
0.216358
0.244096
0.267821
0.686928
0.566302
0.830961
0.045484
0.333736
0.794802
0.734607
0.338688
0.681812
0.870387
0.256975
0.561342
0.854874
0.787101
0.582615
0.398687
0.751874
0.935690
0.939414
0.429203
0.000000
0.000000
0.853640
0.000000
0.666935
0.000000
0.421911
0.194269
0.278076
0.726126
0.022431
0.356625
0.165160
0.009425
0.387041
0.112166
0.000000
0.266140
0.954541
0.632062
0.625979
0.158514
0.067613
0.760055
0.256888
0.209635
0.861706
0.961612
0.759368
0.765528
0.134645
0.614258
0.946782
0.056272
0.000000
0.990534
0.941095
0.762922
0.221194
0.598935
0.161347
0.588946
0.923086
0.797352
0.192512
0.000000
0.327594
0.140142
0.134748
0.480819
0.340232
0.000000
0.684179
0.071341
0.316148
0.578449
0.723871
0.975340
0.031498
0.905234
0.238407
0.000000
0.275338
0.000000
0.950920
0.515755
0.282766
0.816878
0.261783
