0.460910
0.801829
0.048200
0.087282
0.720867
0.978430
0.000000
0.924698
0.816775
0.584808
0.087076
0.454758
0.343471
0.237498
0.672357
0.529996
0.430791
0.871524
0.434637
0.587399
0.266679
0.197781
0.211009
0.050372
0.623676
0.052109
0.636459
0.452744
0.765831
0.338637
0.967717
0.000000
0.000000
0.799853
0.000000
0.306119
0.000000
0.985750
0.369945
0.796803
0.232307
0.819582
0.372206
0.112301
0.383367
0.310544
0.827178
0.000000
0.052640
0.013591
0.196547
0.584267
0.167789
0.330767
0.933727
0.823844
0.674037
0.586350
0.723062
0.109656
0.560031
0.175646
0.914442
0.566407
0.810187
0.000000
0.583786
0.135086
0.610347
0.262332
0.920278
0.276413
0.596793
0.002049
0.989308
0.688474
0.000000
0.976496
0.069397
0.627323
0.287929
0.898716
0.000000
0.784410
0.164555
0.665210
0.404312
0.128975
0.041429
0.677341
0.659165
0.632124
0.000000
0.109619
0.000000
0.487524
0.237349
0.825905
0.355361
0.801072
