0.939746
0.915690
0.027667
0.029520
0.564988
0.917741
0.000000
0.821757
0.757270
0.741428
0.234482
0.707187
0.526903
0.053302
0.551456
0.699018
0.358493
0.864300
0.526277
0.955598
0.222977
0.564033
0.154441
0.103864
0.881547
0.199073
0.372232
0.609035
0.812305
0.338223
0.775326
0.000000
0.000000
0.899077
0.000000
0.858431
0.000000
0.325881
0.189734
0.073506
0.270474
0.774069
0.624868
0.269364
0.939330
0.046993
0.530266
0.000000
0.057644
0.013000
0.181037
0.572342
0.071230
0.786581
0.202842
0.957944
0.725865
0.698551
0.547420
0.551764
0.646238
0.418025
0.916443
0.504467
0.946410
0.000000
0.725459
0.071056
0.838167
0.984507
0.206863
0.261900
0.765278
0.043076
0.381935
0.801952
0.000000
0.616931
0.086737
0.348310
0.582083
0.775094
0.000000
0.474331
0.416621
0.318220
0.983682
0.205950
0.190241
0.909219
0.212230
0.329173
0.000000
0.116887
0.000000
0.769600
0.571883
0.732631
0.712901
0.487417
