0.166255
0.303096
0.065556
0.771259
0.274378
0.014960
0.000000
0.873515
0.003976
0.371039
0.427594
0.838117
0.435446
0.543469
0.079725
0.615307
0.625351
0.772517
0.567637
0.448309
0.964608
0.952554
0.518567
0.948455
0.722555
0.381617
0.077852
0.803712
0.901920
0.642015
0.937153
0.000000
0.000000
0.381937
0.000000
0.751411
0.000000
0.085042
0.559616
0.149772
0.949326
0.503427
0.881180
0.282375
0.064267
0.845912
0.136436
0.000000
0.599702
0.895294
0.750038
0.608004
0.081227
0.112439
0.142931
0.038042
0.348608
0.455465
0.859222
0.735909
0.730335
0.026630
0.768682
0.892738
0.013701
0.000000
0.799743
0.595081
0.407607
0.815485
0.360009
0.177292
0.941315
0.615243
0.935590
0.796728
0.000000
0.140310
0.518309
0.228416
0.490306
0.038003
0.000000
0.857688
0.642278
0.129077
0.838810
0.566046
0.769513
0.174195
0.801846
0.458598
0.000000
0.145793
0.000000
0.928517
0.508833
0.144910
0.551537
0.232173
