0.101304
0.401259
0.332458
0.486616
0.775287
0.016255
0.000000
0.752888
0.044814
0.218134
0.454481
0.712899
0.528352
0.917500
0.042188
0.424083
0.860163
0.971153
1.000000
0.313463
0.418761
0.606146
0.937056
0.446967
0.139724
0.338828
0.778652
0.531410
0.431624
0.429271
0.601598
0.000000
0.000000
0.957613
0.000000
0.403545
0.000000
0.919835
0.623445
0.145795
0.708725
0.797656
0.127914
0.198337
0.018933
0.700733
0.110891
0.000000
0.185885
0.752507
0.957025
0.869247
0.410218
0.249460
0.052485
0.002460
0.632395
0.308018
0.831825
0.710518
0.483756
0.691197
0.244214
0.775939
0.359063
0.000000
0.690524
0.514356
0.486894
0.607800
0.910905
0.267553
0.820047
0.237127
0.525240
0.935892
0.000000
0.192084
0.126953
0.046770
0.600163
0.239112
0.000000
0.057559
0.495555
0.540428
0.481433
0.169952
0.716336
0.791299
0.477049
0.315081
0.000000
0.078485
0.000000
0.131878
0.120154
0.027671
0.230506
0.861754
