0.881382
0.979895
0.236078
0.905463
0.452666
0.860600
0.000000
0.549584
0.756484
0.507687
0.875236
0.229529
0.040264
0.583502
0.804051
0.176147
0.188834
0.118612
0.767394
0.249861
0.865064
0.167833
0.711703
0.052630
0.679000
0.968055
0.835241
0.748228
0.821977
0.265048
0.914118
0.000000
0.000000
0.640796
0.000000
0.426437
0.000000
0.577644
0.668764
0.934524
0.073554
0.095790
0.984776
0.219387
0.487350
0.119240
0.222001
0.000000
0.576628
0.218330
0.160900
0.654146
0.244148
0.837514
0.874655
0.578262
0.717464
0.948082
0.928270
0.472295
0.564063
0.464628
0.092071
0.654960
0.748961
0.000000
0.228937
0.791893
0.922538
0.139087
0.885139
0.753371
0.943809
0.003015
0.476569
0.192070
0.000000
0.247394
0.165722
0.176268
0.133730
0.958850
0.000000
0.454132
0.594896
0.015658
0.845584
0.243539
0.133804
0.177724
0.416083
0.158960
0.000000
0.102969
0.000000
0.835893
0.108828
0.399485
0.385189
0.569592
