0.738027
0.623392
0.742644
0.807019
0.691038
0.477879
0.000000
0.914349
0.322190
0.460754
0.678342
0.113865
0.301865
0.430983
0.697417
0.056367
0.614724
0.495526
0.877850
0.181662
0.825289
0.041779
1.000000
0.026053
0.115409
0.668831
0.920629
0.604733
0.627840
0.219274
0.750827
0.000000
0.000000
0.263930
0.000000
0.648910
0.000000
0.403232
0.357861
0.983782
0.054799
0.107637
0.716194
0.352996
0.191021
0.156192
0.644297
0.000000
0.531494
0.749743
0.349197
0.795899
0.070236
0.666240
0.461408
0.555084
0.569867
0.793951
0.585252
0.551581
0.870274
0.307811
0.122660
0.617910
0.657463
0.000000
0.228845
0.360708
0.856073
0.092696
0.616781
0.927730
0.328744
0.044533
0.610575
0.464987
0.000000
0.516868
0.244950
0.220003
0.378103
0.948178
0.000000
0.914748
0.441114
0.073014
0.811153
0.460491
0.196899
0.125526
0.098128
0.111221
0.000000
0.447769
0.000000
0.362763
0.349749
0.703431
0.223857
0.347668
