0.111134
0.423641
0.519214
0.485344
0.728084
0.034088
0.000000
0.972980
0.137910
0.248277
0.971819
0.844919
0.529920
0.453938
0.121689
0.350124
0.732995
0.820612
0.982301
0.205817
0.103847
0.536811
0.721222
0.254405
0.086450
0.602628
0.770238
0.938244
0.856289
0.505521
0.157722
0.000000
0.000000
0.836911
0.000000
0.173371
0.000000
0.633790
0.446889
0.127079
0.832231
0.797759
0.102793
0.090036
0.002367
0.706108
0.010839
0.000000
0.411615
0.655693
0.885116
0.352122
0.654186
0.281640
0.068091
0.020703
0.369511
0.208477
0.941285
0.851269
0.969031
0.856809
0.211760
0.456390
0.361753
0.000000
0.530680
0.994988
0.353670
0.700083
0.862377
0.588426
0.887896
0.235994
0.693136
0.384490
0.000000
0.323839
0.012466
0.071113
0.952515
0.662670
0.000000
0.069834
0.433551
0.775239
0.298946
0.132946
0.761484
0.753863
0.521697
0.991518
0.000000
0.052177
0.000000
0.100581
0.173276
0.081212
0.238808
0.691564
