0.939746
0.757972
0.510676
0.380043
0.460910
0.815977
0.994575
0.881382
0.738027
0.390355
0.111134
0.101304
0.235387
0.303601
0.166255
0.208920
0.618112
0.884199
0.915690
0.910268
0.915640
0.822967
0.801829
0.849526
0.642929
0.979895
0.623392
0.305011
0.423641
0.401259
0.181447
0.216193
0.303096
0.341949
0.482953
0.668106
0.027667
0.040613
0.032345
0.036268
0.048200
0.042444
0.059167
0.236078
0.742644
0.587967
0.519214
0.332458
0.144772
0.101777
0.065556
0.068549
0.220544
0.644154
0.029520
0.026367
0.023340
0.042233
0.087282
0.113164
0.447884
0.905463
0.807019
0.455863
0.485344
0.486616
0.811799
0.725280
0.771259
0.852900
0.923309
0.947791
0.564988
0.368810
0.372460
0.790941
0.720867
0.316600
0.267193
0.452666
0.691038
0.691038
0.728084
0.775287
0.688723
0.255901
0.274378
0.193807
0.103870
0.106236
0.917741
0.821875
0.791527
0.859269
0.978430
0.695889
0.703296
0.860600
0.477879
0.031600
0.034088
0.016255
0.014490
0.019351
0.014960
0.019016
0.061604
0.086992
0.000000
0.000000
0.000000
0.000000
0.000000
0.000000
0.000000
0.000000
0.000000
0.000000
0.000000
0.000000
0.000000
0.000000
0.000000
0.000000
0.000000
0.000000
0.821757
0.997986
0.967553
0.971779
0.924698
0.654754
0.495150
0.549584
0.914349
0.922110
0.972980
0.752888
0.761860
0.880825
0.873515
0.702188
0.583807
0.642075
0.757270
0.937146
0.847130
0.604746
0.816775
0.808149
0.876486
0.756484
0.322190
0.744062
0.137910
0.044814
0.036996
0.022707
0.003976
0.007724
0.086690
0.216358
0.741428
0.678321
0.679097
0.649341
0.584808
0.449753
0.547779
0.507687
0.460754
0.622905
0.248277
0.218134
0.315552
0.412466
0.371039
0.191983
0.201206
0.244096
0.234482
0.111343
0.091841
0.100170
0.087076
0.222235
0.573779
0.875236
0.678342
0.629299
0.971819
0.454481
0.166819
0.232353
0.427594
0.485372
0.338711
0.267821
0.707187
0.692304
0.644885
0.589236
0.454758
0.445927
0.419045
0.229529
0.113865
0.710590
0.844919
0.712899
0.591540
0.554151
0.838117
0.847424
0.786573
0.686928
0.526903
0.601890
0.695772
0.564802
0.343471
0.115605
0.027851
0.040264
0.301865
0.477396
0.529920
0.528352
0.556910
0.566253
0.435446
0.498164
0.660981
0.566302
0.053302
0.035806
0.058938
0.129660
0.237498
0.390929
0.520730
0.583502
0.430983
0.676739
0.453938
0.917500
0.930239
0.632165
0.543469
0.550219
0.553810
0.830961
0.551456
0.791638
0.950219
0.887151
0.672357
0.457776
0.653843
0.804051
0.697417
0.378894
0.121689
0.042188
0.081812
0.119890
0.079725
0.096323
0.096040
0.045484
0.699018
0.516592
0.328033
0.252873
0.529996
0.941778
0.552434
0.176147
0.056367
0.122135
0.350124
0.424083
0.510974
0.634762
0.615307
0.528875
0.369147
0.333736
0.358493
0.390406
0.614416
0.663204
0.430791
0.154822
0.083220
0.188834
0.614724
0.965089
0.732995
0.860163
0.947241
0.976722
0.625351
0.601678
0.896596
0.794802
0.864300
0.770060
0.549094
0.603789
0.871524
0.803463
0.220819
0.118612
0.495526
0.917197
0.820612
0.971153
0.743322
0.652340
0.772517
0.982107
0.811408
0.734607
0.526277
0.410259
0.529512
0.482159
0.434637
0.561300
0.977152
0.767394
0.877850
0.778117
0.982301
1.000000
0.919027
0.748819
0.567637
0.376418
0.292974
0.338688
0.955598
0.909905
0.792271
0.897362
0.587399
0.385572
0.285228
0.249861
0.181662
0.168391
0.205817
0.313463
0.290517
0.306492
0.448309
0.393240
0.507467
0.681812
0.222977
0.252059
0.431183
0.505681
0.266679
0.399625
0.921360
0.865064
0.825289
0.068982
0.103847
0.418761
0.892545
0.910724
0.964608
0.939577
0.695920
0.870387
0.564033
0.575151
0.318910
0.176106
0.197781
0.318709
0.925985
0.167833
0.041779
0.851697
0.536811
0.606146
0.875224
0.922775
0.952554
0.960943
0.535601
0.256975
0.154441
0.091611
0.122157
0.168318
0.211009
0.265383
0.432590
0.711703
1.000000
0.493812
0.721222
0.937056
0.682690
0.583594
0.518567
0.516389
0.561027
0.561342
0.103864
0.059029
0.029276
0.028109
0.050372
0.084173
0.092379
0.052630
0.026053
0.089039
0.254405
0.446967
0.591589
0.929304
0.948455
0.800871
0.862088
0.854874
0.881547
0.984180
0.850762
0.801932
0.623676
0.558300
0.814451
0.679000
0.115409
0.038124
0.086450
0.139724
0.253575
0.478797
0.722555
0.867490
0.868755
0.787101
0.199073
0.109606
0.098024
0.081967
0.052109
0.060254
0.189106
0.968055
0.668831
0.817146
0.602628
0.338828
0.431558
0.545166
0.381617
0.364187
0.562527
0.582615
0.372232
0.273782
0.280183
0.432022
0.636459
0.834774
0.869312
0.835241
0.920629
0.701546
0.770238
0.778652
0.522021
0.229828
0.077852
0.102550
0.238990
0.398687
0.609035
0.743903
0.940662
0.569122
0.452744
0.962435
0.315821
0.748228
0.604733
0.618177
0.938244
0.531410
0.624777
0.938876
0.803712
0.717685
0.777836
0.751874
0.812305
0.669350
0.558375
0.737386
0.765831
0.580079
0.788848
0.821977
0.627840
0.782814
0.856289
0.431624
0.371015
0.680416
0.901920
0.837079
0.882930
0.935690
0.338223
0.458583
0.651293
0.442935
0.338637
0.393758
0.409896
0.265048
0.219274
0.920120
0.505521
0.429271
0.758110
0.648786
0.642015
0.881162
0.963858
0.939414
0.775326
0.879247
0.779662
0.804282
0.967717
0.513716
0.587138
0.914118
0.750827
0.142559
0.157722
0.601598
0.971840
0.950352
0.937153
0.736308
0.499537
0.429203
0.000000
0.000000
0.000000
0.000000
0.000000
0.000000
0.000000
0.000000
0.000000
0.000000
0.000000
0.000000
0.000000
0.000000
0.000000
0.000000
0.000000
0.000000
0.000000
0.000000
0.000000
0.000000
0.000000
0.000000
0.000000
0.000000
0.000000
0.000000
0.000000
0.000000
0.000000
0.000000
0.000000
0.000000
0.000000
0.000000
0.899077
0.926652
0.711999
0.714738
0.799853
1.000000
0.815096
0.640796
0.263930
0.234654
0.836911
0.957613
0.907026
0.663005
0.381937
0.335805
0.619111
0.853640
0.000000
0.000000
0.000000
0.000000
0.000000
0.000000
0.000000
0.000000
0.000000
0.000000
0.000000
0.000000
0.000000
0.000000
0.000000
0.000000
0.000000
0.000000
0.858431
0.677444
0.602177
0.375088
0.306119
0.283638
0.168124
0.426437
0.648910
0.187124
0.173371
0.403545
0.901677
0.743770
0.751411
0.997417
0.774614
0.666935
0.000000
0.000000
0.000000
0.000000
0.000000
0.000000
0.000000
0.000000
0.000000
0.000000
0.000000
0.000000
0.000000
0.000000
0.000000
0.000000
0.000000
0.000000
0.325881
0.473602
0.683874
0.715030
0.985750
0.974151
0.818063
0.577644
0.403232
0.660398
0.633790
0.919835
0.399524
0.180400
0.085042
0.094265
0.253149
0.421911
0.189734
0.155357
0.126003
0.244957
0.369945
0.496835
0.806080
0.668764
0.357861
0.700795
0.446889
0.623445
0.868173
0.680564
0.559616
0.560341
0.310878
0.194269
0.073506
0.265832
0.513111
0.672363
0.796803
0.805788
0.877180
0.934524
0.983782
0.193264
0.127079
0.145795
0.199458
0.195593
0.149772
0.221166
0.313580
0.278076
0.270474
0.389400
0.485679
0.328648
0.232307
0.318603
0.236591
0.073554
0.054799
0.517009
0.832231
0.708725
0.859476
0.798706
0.949326
0.869293
0.736402
0.726126
0.774069
0.763552
0.781803
0.991102
0.819582
0.484567
0.282307
0.095790
0.107637
0.781475
0.797759
0.797656
0.855792
0.706896
0.503427
0.212630
0.051395
0.022431
0.624868
0.663413
0.720725
0.607816
0.372206
0.207070
0.584465
0.984776
0.716194
0.203223
0.102793
0.127914
0.385299
0.842811
0.881180
0.620610
0.398215
0.356625
0.269364
0.199085
0.134720
0.131398
0.112301
0.120801
0.238354
0.219387
0.352996
0.267620
0.090036
0.198337
0.454823
0.412823
0.282375
0.330933
0.271986
0.165160
0.939330
0.917539
0.854214
0.636146
0.383367
0.468547
0.679437
0.487350
0.191021
0.016132
0.002367
0.018933
0.077398
0.068916
0.064267
0.028846
0.011122
0.009425
0.046993
0.103847
0.107643
0.209798
0.310544
0.247535
0.159531
0.119240
0.156192
0.993143
0.706108
0.700733
0.701507
0.979431
0.845912
0.782173
0.625432
0.387041
0.530266
0.683617
0.988120
0.866313
0.827178
0.867851
0.339294
0.222001
0.644297
0.016648
0.010839
0.110891
0.332083
0.265671
0.136436
0.054385
0.041584
0.112166
0.000000
0.000000
0.000000
0.000000
0.000000
0.000000
0.000000
0.000000
0.000000
0.000000
0.000000
0.000000
0.000000
0.000000
0.000000
0.000000
0.000000
0.000000
0.057644
0.034681
0.031152
0.049750
0.052640
0.071589
0.283027
0.576628
0.531494
0.600741
0.411615
0.185885
0.341954
0.738590
0.599702
0.437618
0.384575
0.266140
0.013000
0.033668
0.017126
0.006664
0.013591
0.023494
0.060519
0.218330
0.749743
0.410719
0.655693
0.752507
0.505240
0.602758
0.895294
0.922106
0.910266
0.954541
0.181037
0.125610
0.204111
0.254196
0.196547
0.291660
0.366187
0.160900
0.349197
0.590860
0.885116
0.957025
0.731357
0.582354
0.750038
0.948757
0.755713
0.632062
0.572342
0.479950
0.425215
0.528756
0.584267
0.445279
0.471065
0.654146
0.795899
0.661582
0.352122
0.869247
0.452034
0.530824
0.608004
0.818859
0.773584
0.625979
0.071230
0.051829
0.107480
0.092115
0.167789
0.536713
0.633700
0.244148
0.070236
0.379222
0.654186
0.410218
0.301951
0.220889
0.081227
0.070223
0.128549
0.158514
0.786581
0.898353
0.735541
0.402228
0.330767
0.423293
0.670479
0.837514
0.666240
0.694130
0.281640
0.249460
0.261875
0.143444
0.112439
0.128526
0.122103
0.067613
0.202842
0.193420
0.356246
0.774461
0.933727
0.766968
0.682483
0.874655
0.461408
0.168195
0.068091
0.052485
0.123540
0.164558
0.142931
0.244805
0.373728
0.760055
0.957944
0.847368
0.669794
0.653048
0.823844
0.939173
0.856696
0.578262
0.555084
0.376028
0.020703
0.002460
0.010488
0.034232
0.038042
0.098120
0.263235
0.256888
0.725865
0.692952
0.809524
0.703604
0.674037
0.997480
0.694760
0.717464
0.569867
0.880435
0.369511
0.632395
0.929529
0.659855
0.348608
0.185701
0.154431
0.209635
0.698551
0.828905
0.753177
0.595029
0.586350
0.919581
0.700293
0.948082
0.793951
0.506158
0.208477
0.308018
0.370683
0.416085
0.455465
0.740708
0.783817
0.861706
0.547420
0.523048
0.651191
0.594660
0.723062
0.987176
0.856630
0.928270
0.585252
0.881684
0.941285
0.831825
0.865983
0.904098
0.859222
0.898331
0.995620
0.961612
0.551764
0.496418
0.502516
0.251041
0.109656
0.164183
0.396875
0.472295
0.551581
0.651950
0.851269
0.710518
0.978239
0.700311
0.735909
0.722377
0.681846
0.759368
0.646238
0.501466
0.586765
0.997689
0.560031
0.452292
0.497269
0.564063
0.870274
0.651625
0.969031
0.483756
0.642105
0.905687
0.730335
0.761328
0.792611
0.765528
0.418025
0.447121
0.457108
0.293069
0.175646
0.206926
0.357826
0.464628
0.307811
0.323678
0.856809
0.691197
0.463185
0.094466
0.026630
0.027884
0.067178
0.134645
0.916443
0.982528
0.897053
0.778471
0.914442
0.453153
0.139046
0.092071
0.122660
0.430220
0.211760
0.244214
0.417319
0.856409
0.768682
0.882181
0.909332
0.614258
0.504467
0.403753
0.364720
0.415516
0.566407
0.789817
0.975454
0.654960
0.617910
0.717942
0.456390
0.775939
0.855557
0.849932
0.892738
0.958149
0.901036
0.946782
0.946410
0.937262
0.938732
0.953357
0.810187
0.557480
0.719278
0.748961
0.657463
0.523854
0.361753
0.359063
0.378923
0.087449
0.013701
0.017182
0.042862
0.056272
0.000000
0.000000
0.000000
0.000000
0.000000
0.000000
0.000000
0.000000
0.000000
0.000000
0.000000
0.000000
0.000000
0.000000
0.000000
0.000000
0.000000
0.000000
0.725459
0.798624
0.819705
0.718944
0.583786
0.657240
0.732903
0.228937
0.228845
0.228845
0.530680
0.690524
0.744879
0.862779
0.799743
0.520177
0.656623
0.990534
0.071056
0.109285
0.161424
0.163217
0.135086
0.317609
0.945685
0.791893
0.360708
0.408256
0.994988
0.514356
0.301939
0.351258
0.595081
0.978331
0.833112
0.941095
0.838167
0.670966
0.444066
0.479554
0.610347
0.593524
0.672333
0.922538
0.856073
0.604308
0.353670
0.486894
0.493007
0.353165
0.407607
0.479035
0.675850
0.762922
0.984507
0.553442
0.233375
0.215272
0.262332
0.196651
0.159025
0.139087
0.092696
0.471170
0.700083
0.607800
0.664473
0.936186
0.815485
0.481942
0.258437
0.221194
0.206863
0.218033
0.412863
0.852376
0.920278
0.845045
0.737105
0.885139
0.616781
0.701236
0.862377
0.910905
0.786314
0.476648
0.360009
0.690728
0.772916
0.598935
0.261900
0.416874
0.455490
0.357209
0.276413
0.234662
0.448947
0.753371
0.927730
0.856052
0.588426
0.267553
0.146707
0.102549
0.177292
0.199508
0.244773
0.161347
0.765278
0.662806
0.444479
0.480498
0.596793
0.432795
0.299583
0.943809
0.328744
0.521572
0.887896
0.820047
0.969327
0.844073
0.941315
0.797360
0.519863
0.588946
0.043076
0.046789
0.014999
0.004237
0.002049
0.001698
0.001907
0.003015
0.044533
0.489934
0.235994
0.237127
0.348236
0.443006
0.615243
0.947733
0.983343
0.923086
0.381935
0.310656
0.335712
0.780393
0.989308
0.484549
0.316885
0.476569
0.610575
0.978617
0.693136
0.525240
0.520038
0.799011
0.935590
1.000000
0.994478
0.797352
0.801952
0.916784
0.955248
0.737220
0.688474
0.566259
0.282018
0.192070
0.464987
0.350822
0.384490
0.935892
0.766156
0.886776
0.796728
0.696752
0.252813
0.192512
0.000000
0.000000
0.000000
0.000000
0.000000
0.000000
0.000000
0.000000
0.000000
0.000000
0.000000
0.000000
0.000000
0.000000
0.000000
0.000000
0.000000
0.000000
0.616931
0.709330
0.719186
0.831170
0.976496
0.696717
0.329543
0.247394
0.516868
0.361060
0.323839
0.192084
0.111288
0.132942
0.140310
0.262928
0.394207
0.327594
0.086737
0.051679
0.062016
0.058004
0.069397
0.088205
0.077235
0.165722
0.244950
0.011408
0.012466
0.126953
0.390575
0.499895
0.518309
0.360884
0.152273
0.140142
0.348310
0.424689
0.545341
0.679264
0.627323
0.426514
0.291365
0.176268
0.220003
0.229764
0.071113
0.046770
0.042873
0.098454
0.228416
0.199581
0.152864
0.134748
0.582083
0.557952
0.403836
0.345035
0.287929
0.235132
0.130079
0.133730
0.378103
0.858602
0.952515
0.600163
0.507504
0.577977
0.490306
0.518962
0.460265
0.480819
0.775094
0.733984
0.830496
0.873492
0.898716
0.899810
0.864406
0.958850
0.948178
0.864528
0.662670
0.239112
0.041452
0.013416
0.038003
0.136371
0.228554
0.340232
0.000000
0.000000
0.000000
0.000000
0.000000
0.000000
0.000000
0.000000
0.000000
0.000000
0.000000
0.000000
0.000000
0.000000
0.000000
0.000000
0.000000
0.000000
0.474331
0.664988
0.593040
0.600550
0.784410
0.846710
0.613315
0.454132
0.914748
0.263525
0.069834
0.057559
0.196953
0.700538
0.857688
0.858609
0.820216
0.684179
0.416621
0.582923
0.515545
0.382395
0.164555
0.181714
0.534213
0.594896
0.441114
0.411902
0.433551
0.495555
0.436267
0.627228
0.642278
0.365108
0.128016
0.071341
0.318220
0.627189
0.833165
0.660409
0.665210
0.623659
0.148317
0.015658
0.073014
0.431879
0.775239
0.540428
0.481248
0.208760
0.129077
0.151895
0.243020
0.316148
0.983682
0.982628
0.900727
0.929086
0.404312
0.341646
0.641830
0.845584
0.811153
0.499897
0.298946
0.481433
0.655423
0.825716
0.838810
0.574562
0.515950
0.578449
0.205950
0.231689
0.403752
0.249857
0.128975
0.140075
0.130704
0.243539
0.460491
0.199893
0.132946
0.169952
0.228629
0.385658
0.566046
0.702123
0.691983
0.723871
0.190241
0.114207
0.102077
0.102431
0.041429
0.009288
0.031424
0.133804
0.196899
0.974582
0.761484
0.716336
0.956781
0.848388
0.769513
0.757094
0.927893
0.975340
0.909219
0.986642
0.746142
0.637150
0.677341
0.990222
0.347795
0.177724
0.125526
0.230275
0.753863
0.791299
0.467782
0.379878
0.174195
0.042123
0.036546
0.031498
0.212230
0.373499
0.604508
0.647762
0.659165
0.753071
0.984770
0.416083
0.098128
0.615995
0.521697
0.477049
0.634130
0.786906
0.801846
0.667821
0.844907
0.905234
0.329173
0.490595
0.713101
0.997785
0.632124
0.403640
0.221393
0.158960
0.111221
0.143238
0.991518
0.315081
0.250839
0.321570
0.458598
0.236100
0.143111
0.238407
0.000000
0.000000
0.000000
0.000000
0.000000
0.000000
0.000000
0.000000
0.000000
0.000000
0.000000
0.000000
0.000000
0.000000
0.000000
0.000000
0.000000
0.000000
0.116887
0.139557
0.166581
0.135193
0.109619
0.112781
0.098192
0.102969
0.447769
0.076507
0.052177
0.078485
0.159466
0.251997
0.145793
0.078948
0.126506
0.275338
0.000000
0.000000
0.000000
0.000000
0.000000
0.000000
0.000000
0.000000
0.000000
0.000000
0.000000
0.000000
0.000000
0.000000
0.000000
0.000000
0.000000
0.000000
0.769600
0.842390
0.808229
0.536957
0.487524
0.952525
0.787131
0.835893
0.362763
0.121396
0.100581
0.131878
0.349247
0.786173
0.928517
0.886132
0.913633
0.950920
0.571883
0.411304
0.388034
0.304537
0.237349
0.389885
0.255978
0.108828
0.349749
0.199147
0.173276
0.120154
0.126078
0.448274
0.508833
0.367112
0.530652
0.515755
0.732631
0.788182
0.893607
0.914685
0.825905
0.977042
0.645747
0.399485
0.703431
0.280752
0.081212
0.027671
0.048147
0.072895
0.144910
0.191641
0.202467
0.282766
0.712901
0.638786
0.771668
0.865350
0.355361
0.247377
0.334498
0.385189
0.223857
0.947860
0.238808
0.230506
0.373571
0.448107
0.551537
0.525559
0.717850
0.816878
0.487417
0.657359
0.924083
0.819719
0.801072
0.788406
0.712299
0.569592
0.347668
0.436106
0.691564
0.861754
0.986185
0.491980
0.232173
0.252828
0.227629
0.261783
