0.698219
0.958860
0.799461
0.762656
0.894995
0.744263
0.484146
0.545367
0.712972
0.886190
0.865575
0.877017
0.632092
0.482030
0.903429
0.160926
0.834071
0.291128
0.457042
0.562231
0.797965
0.424042
0.893463
0.825763
0.083653
0.448587
0.962720
0.093717
0.174653
0.358569
0.076152
0.445981
0.386608
0.226775
0.451201
0.178374
0.415946
0.446559
0.829159
0.336938
0.635887
0.302338
0.463811
0.522754
0.894612
0.302565
0.774498
0.678252
0.706121
0.255326
0.514283
0.377379
0.104833
0.365456
0.971601
0.623844
0.429679
0.126899
0.733297
0.592001
0.000659
0.561578
0.365200
0.315696
0.390339
0.912642
0.284974
0.331121
0.741700
0.631403
0.219962
0.765242
0.604108
0.104212
0.056314
0.483843
0.949601
0.927638
0.466771
0.127020
0.808080
0.524330
0.662368
0.058991
0.046487
0.944973
0.849603
0.862909
0.431095
0.277191
0.668704
0.977009
0.003651
0.977781
0.845051
0.584325
0.139276
0.635196
0.797217
0.485357
