0.232597
0.609459
0.810166
0.124781
0.375518
0.627086
0.269145
0.582287
0.045786
0.612919
0.174373
0.900292
0.241105
0.392836
0.401109
0.270267
0.059150
0.897232
0.511045
0.200419
0.469239
0.037221
0.593361
0.341446
0.743795
0.966257
0.149597
0.304745
0.133406
0.427624
0.208965
0.717055
0.260722
0.512360
0.477608
0.357801
0.126272
0.902931
0.410693
0.255898
0.486858
0.740471
0.610771
0.562959
0.455975
0.842278
0.115758
0.447271
0.844738
0.555824
0.536847
0.903555
0.585837
0.129692
0.266923
0.676500
0.644221
0.686314
0.338574
0.584998
0.379104
0.604031
0.164127
0.442745
0.398035
0.766178
0.985059
0.389253
0.686171
0.452208
0.114635
0.810721
0.087823
0.394310
0.635495
0.040915
0.996437
0.128376
0.426377
0.884108
0.111991
0.788346
0.194555
0.322700
0.222353
0.178111
0.139747
0.015554
0.836855
0.271465
0.525932
0.735293
0.524885
0.791817
0.005775
0.892302
0.143200
0.254690
0.612369
0.344482
