0.947433
0.544886
0.551738
0.812672
0.185543
0.569599
0.756040
0.375062
0.933697
0.927696
0.849213
0.877585
0.953495
0.733823
0.679274
0.078666
0.921128
0.175423
0.550488
0.684031
0.801552
0.384363
0.782311
0.414990
0.119289
0.544472
0.828974
0.020815
0.320933
0.464325
0.071089
0.704701
0.559266
0.437292
0.463762
0.178229
0.583241
0.662113
0.848598
0.172387
0.721996
0.417777
0.863940
0.054701
0.814837
0.478533
0.805710
0.853701
0.815917
0.186580
0.542200
0.452791
0.173900
0.260239
0.364022
0.527662
0.477768
0.114897
0.420051
0.664816
0.000341
0.451500
0.553823
0.286915
0.678368
0.616909
0.244407
0.435133
0.979882
0.366561
0.372159
0.852481
0.810285
0.133305
0.043871
0.701289
0.893803
0.951394
0.120474
0.215007
0.527255
0.578107
0.601382
0.032126
0.065398
0.982301
0.725409
0.632816
0.283487
0.310256
0.861752
0.927235
0.004952
0.790752
0.806147
0.725864
0.236321
0.700380
0.384693
0.838242
