0.620210
0.589906
0.359610
0.798697
0.242773
0.865919
0.235752
0.731095
0.888495
0.972587
0.694471
0.971033
0.758524
0.223277
0.568964
0.275311
0.876051
0.558636
0.236892
0.652228
0.919041
0.426926
0.657165
0.593144
0.123009
0.649539
0.786983
0.053360
0.135404
0.432087
0.037611
0.401248
0.569387
0.233372
0.523001
0.355082
0.305226
0.520176
0.650435
0.234277
0.853295
0.230452
0.406021
0.234050
0.920168
0.519975
0.543645
0.483138
0.986382
0.200692
0.873350
0.403289
0.188002
0.539109
0.341296
0.546750
0.434236
0.220133
0.710844
0.788092
0.000731
0.584958
0.699243
0.424096
0.594874
0.718810
0.358827
0.385517
0.943172
0.768435
0.371195
0.579602
0.592063
0.125177
0.059917
0.241611
0.936459
0.893259
0.498103
0.234050
0.348292
0.867692
0.943984
0.036144
0.065082
0.955665
0.552363
0.793627
0.710844
0.409799
0.558217
0.944388
0.000560
0.815917
0.951644
0.776953
0.225905
0.324262
0.587322
0.282570
