0.620210
0.947433
0.589906
0.544886
0.359610
0.551738
0.798697
0.812672
0.242773
0.185543
0.865919
0.569599
0.235752
0.756040
0.731095
0.375062
0.888495
0.933697
0.972587
0.927696
0.694471
0.849213
0.971033
0.877585
0.758524
0.953495
0.223277
0.733823
0.568964
0.679274
0.275311
0.078666
0.876051
0.921128
0.558636
0.175423
0.236892
0.550488
0.652228
0.684031
0.919041
0.801552
0.426926
0.384363
0.657165
0.782311
0.593144
0.414990
0.123009
0.119289
0.649539
0.544472
0.786983
0.828974
0.053360
0.020815
0.135404
0.320933
0.432087
0.464325
0.037611
0.071089
0.401248
0.704701
0.569387
0.559266
0.233372
0.437292
0.523001
0.463762
0.355082
0.178229
0.305226
0.583241
0.520176
0.662113
0.650435
0.848598
0.234277
0.172387
0.853295
0.721996
0.230452
0.417777
0.406021
0.863940
0.234050
0.054701
0.920168
0.814837
0.519975
0.478533
0.543645
0.805710
0.483138
0.853701
0.986382
0.815917
0.200692
0.186580
0.873350
0.542200
0.403289
0.452791
0.188002
0.173900
0.539109
0.260239
0.341296
0.364022
0.546750
0.527662
0.434236
0.477768
0.220133
0.114897
0.710844
0.420051
0.788092
0.664816
0.000731
0.000341
0.584958
0.451500
0.699243
0.553823
0.424096
0.286915
0.594874
0.678368
0.718810
0.616909
0.358827
0.244407
0.385517
0.435133
0.943172
0.979882
0.768435
0.366561
0.371195
0.372159
0.579602
0.852481
0.592063
0.810285
0.125177
0.133305
0.059917
0.043871
0.241611
0.701289
0.936459
0.893803
0.893259
0.951394
0.498103
0.120474
0.234050
0.215007
0.348292
0.527255
0.867692
0.578107
0.943984
0.601382
0.036144
0.032126
0.065082
0.065398
0.955665
0.982301
0.552363
0.725409
0.793627
0.632816
0.710844
0.283487
0.409799
0.310256
0.558217
0.861752
0.944388
0.927235
0.000560
0.004952
0.815917
0.790752
0.951644
0.806147
0.776953
0.725864
0.225905
0.236321
0.324262
0.700380
0.587322
0.384693
0.282570
0.838242
