0.156776
0.229396
0.828016
0.258792
0.823295
0.914999
0.569604
0.912185
0.376854
0.730338
0.195382
0.727908
0.702676
0.832952
0.551397
0.795598
0.081387
0.967558
0.887509
0.502052
0.452698
0.856782
0.045782
0.270146
0.702900
0.849293
0.651735
0.433267
0.169971
0.578639
0.420270
0.160244
0.524694
0.442576
0.307223
0.662263
0.910841
0.469596
0.605832
0.401171
0.536924
0.434162
0.957726
0.156386
0.424928
0.353800
0.203062
0.453313
0.916944
0.073638
0.970803
0.539217
0.251067
0.141708
0.908054
0.569097
0.615802
0.704384
0.533140
0.684794
0.324216
0.687836
0.358133
0.760187
0.640272
0.358399
0.591805
0.115962
0.732105
0.823050
0.081292
0.873771
0.141002
0.218742
0.350967
0.338419
0.722131
0.469859
0.496525
0.502382
0.642155
0.023752
0.177662
0.406556
0.642612
0.845039
0.100633
0.501669
0.659515
0.824119
0.777626
0.300086
0.218081
0.750173
0.137698
0.048359
0.475322
0.834309
0.027899
0.519839
