0.204136
0.964039
0.824285
0.272705
0.024446
0.705542
0.834554
0.607649
0.556962
0.135253
0.406986
0.600048
0.364089
0.701955
0.119525
0.617387
0.596873
0.890133
0.396454
0.013953
0.255211
0.369795
0.289960
0.962091
0.710969
0.860873
0.578714
0.971490
0.847619
0.612662
0.721205
0.787676
0.248959
0.200826
0.315952
0.931529
0.009880
0.126589
0.948303
0.688392
0.631626
0.851261
0.703129
0.909676
0.959280
0.192051
0.287337
0.726809
0.577267
0.247576
0.556784
0.276288
0.702654
0.013429
0.169988
0.331745
0.113475
0.655269
0.249420
0.445393
0.547424
0.659300
0.557614
0.011230
0.509204
0.095214
0.360656
0.401200
0.382465
0.450324
0.450378
0.552954
0.570431
0.387829
0.453795
0.574836
0.743822
0.029032
0.786573
0.239853
0.588179
0.296290
0.531860
0.929889
0.697231
0.441760
0.623586
0.524192
0.009248
0.918843
0.912154
0.290899
0.792127
0.505820
0.068982
0.109515
0.910270
0.005696
0.110390
0.299695
