0.079944
0.838089
0.595828
0.226378
0.113030
0.843979
0.918328
0.401437
0.264211
0.080528
0.719989
0.875640
0.512376
0.774797
0.127598
0.828095
0.697185
0.887393
0.786881
0.034515
0.397467
0.144395
0.392066
0.841462
0.694908
0.679250
0.716508
0.799628
0.844191
0.192150
0.247780
0.845568
0.237524
0.499187
0.791152
0.560945
0.004087
0.304927
0.924985
0.281882
0.607498
0.802766
0.430014
0.993783
0.836890
0.127772
0.887555
0.784223
0.299228
0.437669
0.936367
0.183474
0.484839
0.119810
0.091139
0.558379
0.067330
0.735489
0.514214
0.445664
0.508785
0.337272
0.611165
0.058320
0.339280
0.354695
0.352510
0.350876
0.552307
0.609557
0.146798
0.642057
0.491802
0.328954
0.155229
0.835765
0.774829
0.044629
0.982929
0.096649
0.800181
0.145172
0.055936
0.779608
0.895195
0.483942
0.334577
0.228373
0.005773
0.956685
0.915409
0.136440
0.382448
0.695908
0.142310
0.429814
0.861571
0.018516
0.288792
0.269379
