0.204136
0.079944
0.964039
0.838089
0.824285
0.595828
0.272705
0.226378
0.024446
0.113030
0.705542
0.843979
0.834554
0.918328
0.607649
0.401437
0.556962
0.264211
0.135253
0.080528
0.406986
0.719989
0.600048
0.875640
0.364089
0.512376
0.701955
0.774797
0.119525
0.127598
0.617387
0.828095
0.596873
0.697185
0.890133
0.887393
0.396454
0.786881
0.013953
0.034515
0.255211
0.397467
0.369795
0.144395
0.289960
0.392066
0.962091
0.841462
0.710969
0.694908
0.860873
0.679250
0.578714
0.716508
0.971490
0.799628
0.847619
0.844191
0.612662
0.192150
0.721205
0.247780
0.787676
0.845568
0.248959
0.237524
0.200826
0.499187
0.315952
0.791152
0.931529
0.560945
0.009880
0.004087
0.126589
0.304927
0.948303
0.924985
0.688392
0.281882
0.631626
0.607498
0.851261
0.802766
0.703129
0.430014
0.909676
0.993783
0.959280
0.836890
0.192051
0.127772
0.287337
0.887555
0.726809
0.784223
0.577267
0.299228
0.247576
0.437669
0.556784
0.936367
0.276288
0.183474
0.702654
0.484839
0.013429
0.119810
0.169988
0.091139
0.331745
0.558379
0.113475
0.067330
0.655269
0.735489
0.249420
0.514214
0.445393
0.445664
0.547424
0.508785
0.659300
0.337272
0.557614
0.611165
0.011230
0.058320
0.509204
0.339280
0.095214
0.354695
0.360656
0.352510
0.401200
0.350876
0.382465
0.552307
0.450324
0.609557
0.450378
0.146798
0.552954
0.642057
0.570431
0.491802
0.387829
0.328954
0.453795
0.155229
0.574836
0.835765
0.743822
0.774829
0.029032
0.044629
0.786573
0.982929
0.239853
0.096649
0.588179
0.800181
0.296290
0.145172
0.531860
0.055936
0.929889
0.779608
0.697231
0.895195
0.441760
0.483942
0.623586
0.334577
0.524192
0.228373
0.009248
0.005773
0.918843
0.956685
0.912154
0.915409
0.290899
0.136440
0.792127
0.382448
0.505820
0.695908
0.068982
0.142310
0.109515
0.429814
0.910270
0.861571
0.005696
0.018516
0.110390
0.288792
0.299695
0.269379
