0.259883
0.168367
0.407347
0.068156
0.103124
0.947987
0.040765
0.074443
0.341553
0.501895
0.977820
0.413239
0.503563
0.891210
0.350154
0.407068
0.152639
0.233668
0.824172
0.255963
0.002838
0.016145
0.070532
0.018482
0.008453
0.039462
0.618738
0.339264
0.311979
0.139380
0.309659
0.171832
0.096869
0.016141
0.291371
0.942285
0.451291
0.375554
0.523044
0.901207
0.048263
0.256918
0.002954
0.746574
0.115616
0.243789
0.819488
0.406685
0.256355
0.354871
0.370614
0.668903
0.207867
0.332062
0.195594
0.267348
0.318230
0.818660
0.176513
0.541286
0.693557
0.883300
0.922907
0.323348
0.174621
0.383573
0.904509
0.792756
0.243895
0.078711
0.566054
0.501413
0.616853
0.829656
0.778590
0.864276
0.029304
0.160708
0.354637
0.811339
0.131421
0.096993
0.048729
0.645814
0.649787
0.092394
0.329507
0.261224
0.219583
0.311663
0.058347
0.767579
0.089074
0.266899
0.971231
0.333373
0.808084
0.464378
0.929879
0.218652
