0.392850
0.633917
0.538944
0.476062
0.653575
0.210798
0.483562
0.906527
0.887865
0.276006
0.636206
0.607944
0.669821
0.417391
0.615076
0.997466
0.666003
0.084979
0.594504
0.987811
0.793726
0.587422
0.824246
0.973074
0.227385
0.720355
0.377820
0.317321
0.690284
0.591208
0.841784
0.200027
0.207284
0.292820
0.004252
0.341841
0.242520
0.937188
0.250649
0.748344
0.186080
0.936424
0.397949
0.596044
0.789965
0.079405
0.514371
0.695784
0.963238
0.738518
0.540249
0.290209
0.598499
0.503246
0.556484
0.772216
0.946467
0.451023
0.233838
0.735011
0.375936
0.688017
0.909201
0.173886
0.827639
0.153781
0.361524
0.302613
0.033453
0.329483
0.009003
0.599983
0.055454
0.315594
0.220386
0.750770
0.565441
0.011884
0.214141
0.344723
0.876725
0.260964
0.757597
0.811246
0.813608
0.280743
0.302041
0.178406
0.827255
0.197879
0.422379
0.376152
0.283769
0.098705
0.182545
0.428151
0.841110
0.451603
0.999832
0.983646
