0.536522
0.853800
0.075412
0.821608
0.906271
0.337621
0.218276
0.915823
0.481076
0.848436
0.471492
0.081474
0.635721
0.476328
0.163246
0.288506
0.262405
0.309552
0.119035
0.676094
0.735451
0.071402
0.749936
0.298466
0.567387
0.466034
0.068108
0.189188
0.451096
0.422656
0.011841
0.090938
0.365964
0.393810
0.730821
0.609091
0.164712
0.010351
0.275233
0.759363
0.633128
0.628533
0.887178
0.927901
0.889074
0.456527
0.741755
0.054738
0.237352
0.495553
0.234979
0.161642
0.315581
0.386525
0.045140
0.030605
0.266330
0.259854
0.695858
0.585754
0.355016
0.329873
0.082671
0.719018
0.260081
0.074927
0.500657
0.297030
0.813729
0.864167
0.571199
0.897554
0.750991
0.558401
0.280282
0.552474
0.594685
0.581139
0.699078
0.422684
0.790570
0.792871
0.722130
0.473739
0.017043
0.095850
0.359783
0.567874
0.963858
0.366504
0.753426
0.674896
0.274753
0.962705
0.274681
0.811341
0.783412
0.434230
0.136337
0.523824
