0.075012
0.310946
0.248656
0.917847
0.473183
0.388084
0.457062
0.337538
0.876026
0.628794
0.623527
0.403487
0.887900
0.244148
0.996080
0.161157
0.409250
0.535893
0.836566
0.404388
0.886938
0.424153
0.382116
0.907999
0.205603
0.681426
0.671792
0.739868
0.886671
0.547892
0.411660
0.767051
0.667726
0.087953
0.143122
0.998436
0.350821
0.296122
0.051456
0.652711
0.969933
0.634328
0.725094
0.242277
0.095316
0.593023
0.220688
0.244214
0.315837
0.204687
0.062772
0.951037
0.160599
0.189482
0.159902
0.723559
0.141508
0.152251
0.413890
0.184189
0.186066
0.836389
0.578938
0.319135
0.422913
0.374099
0.062240
0.962685
0.992428
0.086780
0.745694
0.117871
0.707971
0.231355
0.226897
0.210112
0.124932
0.667213
0.587093
0.717630
0.639502
0.241735
0.527708
0.548830
0.087618
0.647169
0.138634
0.885162
0.185977
0.389485
0.035130
0.400545
0.757261
0.497960
0.846292
0.448821
0.448028
0.379473
0.069283
0.543196
