0.643227
0.265808
0.712031
0.352456
0.429553
0.571254
0.923172
0.103073
0.388566
0.387561
0.224918
0.407486
0.682133
0.959601
0.759865
0.514019
0.614559
0.400679
0.278293
0.564231
0.643140
0.262512
0.243969
0.086891
0.163177
0.042157
0.171014
0.563018
0.219142
0.608555
0.201463
0.620318
0.427513
0.312552
0.867901
0.167103
0.260519
0.037111
0.938715
0.815723
0.259763
0.780216
0.510377
0.975677
0.084194
0.936257
0.708670
0.146948
0.863760
0.667646
0.058414
0.169508
0.204591
0.288280
0.398209
0.652829
0.885834
0.981112
0.512767
0.136308
0.671639
0.381646
0.676008
0.407712
0.149060
0.436643
0.640090
0.074289
0.299248
0.076308
0.003026
0.915554
0.816219
0.654403
0.623826
0.300121
0.101825
0.826139
0.378728
0.221906
0.005126
0.831585
0.995038
0.437123
0.173199
0.217207
0.780237
0.023565
0.988150
0.888346
0.107387
0.052445
0.516902
0.644708
0.919829
0.491210
0.311711
0.978522
0.283680
0.137337
