0.459373
0.191071
0.349681
0.613801
0.835686
0.967539
0.280935
0.131812
0.491876
0.680982
0.407553
0.364868
0.464351
0.852710
0.380068
0.463552
0.907765
0.975078
0.536290
0.981712
0.899972
0.648493
0.097578
0.804914
0.120949
0.384647
0.304727
0.170701
0.761170
0.988939
0.971053
0.611679
0.558567
0.831223
0.104307
0.753029
0.749805
0.595313
0.963438
0.184122
0.674219
0.978688
0.616705
0.580503
0.922074
0.779410
0.768615
0.683083
0.960916
0.266142
0.551593
0.781061
0.527923
0.666807
0.458496
0.259700
0.239003
0.416131
0.801319
0.402992
0.934122
0.279543
0.591944
0.513789
0.901320
0.834940
0.358214
0.531851
0.118927
0.518657
0.052653
0.774045
0.571632
0.641444
0.081651
0.680749
0.467690
0.728753
0.766158
0.518920
0.811789
0.373056
0.232748
0.375652
0.744082
0.811718
0.204894
0.299767
0.883943
0.955696
0.037040
0.860139
0.162767
0.735224
0.978351
0.401294
0.352513
0.708580
0.238670
0.082625
