0.048974
0.672073
0.191834
0.788339
0.667679
0.511946
0.725105
0.157751
0.698936
0.045543
0.964946
0.323471
0.787410
0.159005
0.973454
0.252624
0.848955
0.225849
0.868615
0.452305
0.158642
0.782958
0.667891
0.792091
0.266702
0.961744
0.957637
0.861640
0.707610
0.520683
0.820066
0.220154
0.997807
0.153068
0.820473
0.336773
0.434615
0.040617
0.257196
0.386489
0.623224
0.771459
0.132182
0.974470
0.497972
0.284832
0.571673
0.812767
0.788652
0.075788
0.311594
0.061458
0.035128
0.990537
0.514593
0.924588
0.601497
0.436505
0.394096
0.646118
0.345707
0.780409
0.894389
0.667867
0.353111
0.957287
0.841517
0.011519
0.441023
0.050901
0.269497
0.331657
0.786046
0.794794
0.189227
0.479536
0.236756
0.915389
0.663318
0.363485
0.139673
0.375377
0.252714
0.815187
0.739074
0.722362
0.915536
0.512955
0.296350
0.519889
0.507479
0.947295
0.067403
0.263071
0.823960
0.531143
0.977199
0.282677
0.385414
0.356577
