0.973615
0.409349
0.317654
0.315570
0.393491
0.651113
0.224225
0.099108
0.485713
0.439581
0.724146
0.047889
0.564256
0.618757
0.187368
0.927588
0.690843
0.181136
0.551426
0.913848
0.910198
0.871118
0.650495
0.611007
0.758135
0.697799
0.436868
0.029519
0.088339
0.928964
0.527518
0.248089
0.202902
0.642440
0.562766
0.333120
0.911407
0.746114
0.463252
0.623768
0.345892
0.591005
0.120624
0.775172
0.650234
0.295295
0.403638
0.575893
0.836336
0.618272
0.334919
0.852296
0.198504
0.840455
0.181133
0.447840
0.089881
0.273866
0.579485
0.190382
0.102616
0.206755
0.932119
0.354724
0.900231
0.716797
0.596040
0.077787
0.953262
0.951724
0.233922
0.644239
0.622775
0.373213
0.927403
0.506177
0.071292
0.800229
0.683066
0.078963
0.279893
0.985220
0.679721
0.294597
0.809069
0.350867
0.280573
0.075662
0.600509
0.399537
0.467565
0.056695
0.092443
0.328005
0.769117
0.337674
0.166998
0.807100
0.112753
0.794403
