0.383303
0.137007
0.785099
0.848539
0.847201
0.868904
0.322073
0.040965
0.331018
0.470260
0.891419
0.287322
0.101088
0.263757
0.885410
0.265394
0.423745
0.546647
0.277568
0.545687
0.494843
0.795518
0.906557
0.320864
0.224411
0.946902
0.198688
0.061065
0.772784
0.874442
0.558990
0.728761
0.387721
0.010172
0.416860
0.869980
0.850488
0.969163
0.939705
0.830208
0.423806
0.833378
0.736424
0.343989
0.901588
0.438332
0.153414
0.876947
0.242903
0.155778
0.222167
0.705453
0.214533
0.097124
0.699841
0.410728
0.069638
0.790449
0.572161
0.168489
0.146713
0.918865
0.290352
0.901529
0.773917
0.935722
0.940612
0.634844
0.571886
0.080418
0.058371
0.751243
0.540266
0.799424
0.624761
0.765461
0.072509
0.498620
0.962797
0.667751
0.925634
0.445789
0.773460
0.339400
0.768704
0.658756
0.166061
0.448644
0.339695
0.088910
0.897960
0.806379
0.637355
0.557076
0.855797
0.925991
0.637325
0.132184
0.625051
0.388465
