0.321522
0.544475
0.620718
0.254323
0.822488
0.783734
0.215038
0.062879
0.882365
0.293568
0.970866
0.284220
0.473863
0.165114
0.081113
0.034740
0.596762
0.522769
0.887031
0.831798
0.418394
0.175908
0.421119
0.615950
0.772379
0.913860
0.579972
0.741458
0.960999
0.054482
0.039593
0.007670
0.295245
0.372253
0.056626
0.550977
0.665561
0.116311
0.784342
0.482356
0.889868
0.903765
0.254500
0.835941
0.265732
0.007294
0.798740
0.461222
0.144338
0.135683
0.237881
0.532589
0.327379
0.166402
0.201010
0.949925
0.336644
0.039159
0.334564
0.308682
0.305377
0.242936
0.152436
0.205549
0.054880
0.036816
0.750022
0.760181
0.355065
0.848765
0.113448
0.602594
0.881139
0.642434
0.261893
0.664719
0.216066
0.082427
0.007988
0.578330
0.566529
0.874666
0.981418
0.677152
0.771539
0.135062
0.418756
0.852066
0.089362
0.680303
0.708182
0.796679
0.288305
0.571310
0.385574
0.196516
0.346407
0.689698
0.922920
0.451183
