0.975134
0.624343
0.508357
0.184974
0.535149
0.864783
0.580598
0.322696
0.298571
0.502960
0.143526
0.570961
0.909780
0.910398
0.601300
0.360721
0.243285
0.159863
0.968671
0.227522
0.061174
0.355316
0.434258
0.633460
0.620955
0.192371
0.127650
0.524061
0.715683
0.116840
0.739814
0.724504
0.135426
0.424553
0.817986
0.259439
0.931905
0.808151
0.943717
0.254907
0.716964
0.273286
0.659969
0.210388
0.463058
0.508471
0.060191
0.613423
0.982217
0.768281
0.337785
0.341304
0.489633
0.224209
0.839917
0.055062
0.240890
0.520518
0.584418
0.219185
0.278120
0.362322
0.677674
0.000111
0.079703
0.506829
0.022433
0.749660
0.221194
0.267803
0.438851
0.245058
0.064541
0.710629
0.018226
0.865270
0.099226
0.789805
0.265478
0.631617
0.655534
0.396431
0.647170
0.532759
0.335197
0.413445
0.363341
0.578010
0.079199
0.792072
0.725391
0.349003
0.531214
0.350965
0.696380
0.556134
0.320034
0.850966
0.872549
0.487919
