0.958564
0.952012
0.562906
0.877768
0.082940
0.791877
0.888667
0.974904
0.545916
0.967132
0.570453
0.806996
0.191925
0.901148
0.304546
0.998149
0.822869
0.101456
0.158502
0.104491
0.680713
0.181672
0.022324
0.067366
0.167245
0.278940
0.683146
0.203586
0.620135
0.549527
0.371079
0.494698
0.533399
0.733190
0.976959
0.293086
0.243305
0.323975
0.616049
0.833287
0.095059
0.777178
0.663838
0.550671
0.674083
0.670322
0.372744
0.424299
0.706226
0.698761
0.567862
0.198444
0.098570
0.484307
0.353240
0.168027
0.575049
0.431127
0.133447
0.682307
0.013536
0.782364
0.111096
0.504861
0.972330
0.561964
0.185133
0.394312
0.573431
0.984388
0.080287
0.665690
0.257255
0.031818
0.822203
0.787339
0.650404
0.083923
0.920674
0.380317
0.309037
0.934283
0.472937
0.686019
0.843611
0.106721
0.557735
0.367158
0.562388
0.471921
0.036072
0.094770
0.032207
0.407434
0.192133
0.516413
0.277229
0.627347
0.757788
0.301105
