0.664214
0.668539
0.695388
0.474406
0.504923
0.038875
0.278712
0.781266
0.838344
0.508551
0.577730
0.900890
0.589567
0.008301
0.835356
0.223565
0.620892
0.426551
0.006173
0.720354
0.728417
0.141345
0.545498
0.615513
0.900676
0.917458
0.035661
0.225501
0.860069
0.350056
0.030518
0.979018
0.898224
0.611663
0.629160
0.835159
0.761938
0.786957
0.563500
0.473567
0.718035
0.734482
0.710865
0.858034
0.762885
0.159683
0.117558
0.005030
0.703126
0.410931
0.624596
0.437027
0.936239
0.126124
0.721904
0.890329
0.219182
0.730450
0.893553
0.373865
0.714807
0.589390
0.591960
0.522030
0.343948
0.527052
0.556300
0.744001
0.415061
0.656182
0.034017
0.683366
0.985602
0.872903
0.806225
0.662086
0.620579
0.343575
0.841985
0.594067
0.690544
0.066075
0.887945
0.076244
0.747083
0.082607
0.015461
0.500857
0.411473
0.486414
0.919676
0.501008
0.493285
0.169186
0.634282
0.528185
0.246122
0.743271
0.373204
0.332371
