0.263279
0.450858
0.837718
0.836087
0.387970
0.562629
0.647312
0.372322
0.131983
0.320539
0.787348
0.690629
0.637378
0.458477
0.508433
0.968107
0.316435
0.772522
0.210979
0.520921
0.440386
0.945255
0.576783
0.686988
0.453969
0.394938
0.354457
0.928980
0.752037
0.453996
0.125058
0.132257
0.720644
0.236696
0.011326
0.292414
0.184654
0.695067
0.430643
0.384076
0.200525
0.868379
0.361983
0.154641
0.112245
0.062217
0.090972
0.718031
0.780214
0.750331
0.368667
0.469032
0.246908
0.925910
0.807578
0.809047
0.579003
0.300309
0.030446
0.060383
0.823720
0.334622
0.987733
0.647503
0.135033
0.530105
0.795493
0.140509
0.600194
0.984777
0.027919
0.570908
0.061229
0.175154
0.104706
0.905928
0.844204
0.329720
0.533655
0.799298
0.413234
0.192652
0.589759
0.051184
0.614258
0.007492
0.543545
0.653048
0.247455
0.597232
0.575704
0.009375
0.714920
0.084030
0.572975
0.232000
0.635517
0.424442
0.284027
0.555272
