0.331933
0.919706
0.000851
0.311888
0.520426
0.745602
0.267301
0.431490
0.977388
0.891666
0.394545
0.979442
0.769995
0.196485
0.384473
0.306592
0.326474
0.681715
0.514486
0.416527
0.954208
0.394081
0.988345
0.979869
0.020994
0.614924
0.755210
0.405308
0.080389
0.766180
0.035527
0.743211
0.998001
0.758856
0.539980
0.047150
0.451003
0.680691
0.049012
0.574600
0.400306
0.845510
0.040395
0.349025
0.596789
0.485812
0.057712
0.714845
0.228893
0.936319
0.014399
0.711901
0.194483
0.355008
0.203062
0.289305
0.541961
0.975792
0.486002
0.588341
0.232200
0.986071
0.691539
0.166617
0.421299
0.985731
0.317439
0.028774
0.723057
0.432700
0.198854
0.740141
0.938179
0.079542
0.917436
0.207458
0.685340
0.734173
0.636371
0.221895
0.557280
0.596667
0.963574
0.109636
0.932921
0.859492
0.948528
0.054130
0.695569
0.138472
0.462848
0.006592
0.917425
0.401147
0.719960
0.227751
0.885563
0.710001
0.654421
0.007782
