0.906660
0.846941
0.630607
0.098052
0.104357
0.894898
0.738628
0.593001
0.802745
0.628347
0.200411
0.737126
0.280655
0.164099
0.347163
0.969683
0.261953
0.236651
0.031552
0.463627
0.663399
0.918199
0.957239
0.970041
0.452495
0.376109
0.879847
0.081291
0.198282
0.634112
0.362083
0.234343
0.483025
0.436700
0.162052
0.932257
0.549103
0.579064
0.286938
0.354037
0.338594
0.938951
0.162854
0.330647
0.394592
0.131027
0.750507
0.348383
0.750654
0.521044
0.020359
0.538754
0.075999
0.178499
0.799346
0.367999
0.645826
0.724196
0.831408
0.241635
0.092268
0.252102
0.163995
0.023511
0.717604
0.300373
0.044093
0.897281
0.267850
0.680043
0.002223
0.578157
0.300430
0.634012
0.521625
0.151867
0.870630
0.935243
0.622333
0.073996
0.352932
0.188402
0.005855
0.463328
0.103198
0.039039
0.354595
0.796564
0.453940
0.261331
0.892606
0.324001
0.502912
0.295630
0.598891
0.600734
0.261328
0.009323
0.704567
0.728492
