0.219595
0.535833
0.921587
0.917068
0.096115
0.513930
0.936429
0.061052
0.763497
0.791154
0.805445
0.287409
0.476362
0.343790
0.797413
0.240696
0.065516
0.959286
0.302817
0.122633
0.033509
0.171052
0.659733
0.393637
0.702637
0.731011
0.929410
0.462266
0.011947
0.023089
0.445823
0.717162
0.811583
0.429173
0.450875
0.052408
0.610180
0.037595
0.513240
0.777096
0.691019
0.423471
0.504511
0.347693
0.261411
0.279046
0.999659
0.231375
0.827281
0.500798
0.442308
0.266923
0.349528
0.672038
0.781289
0.613087
0.505427
0.137899
0.573114
0.996142
0.792481
0.229900
0.810285
0.563809
0.242244
0.414148
0.478641
0.396897
0.234665
0.657035
0.749779
0.874233
0.579425
0.024146
0.055965
0.663791
0.821453
0.378854
0.263312
0.957293
0.129441
0.531482
0.275531
0.993062
0.250054
0.702632
0.351048
0.534479
0.996114
0.598791
0.058968
0.064873
0.536261
0.902229
0.986589
0.317874
0.242102
0.912289
0.108857
0.577371
