0.112781
0.855156
0.863993
0.554819
0.143404
0.316923
0.088725
0.921588
0.511566
0.647407
0.698716
0.472220
0.517704
0.926911
0.362880
0.644479
0.982916
0.914513
0.147663
0.443435
0.088866
0.823499
0.870451
0.483065
0.282732
0.441439
0.044631
0.594851
0.397052
0.112886
0.991372
0.197871
0.631512
0.128563
0.180844
0.809884
0.650041
0.937481
0.915386
0.925994
0.190061
0.222221
0.601160
0.323130
0.033892
0.718363
0.445865
0.354514
0.425994
0.722339
0.225081
0.313519
0.346321
0.715992
0.281424
0.326133
0.689424
0.181343
0.216736
0.631473
0.063078
0.169591
0.470744
0.524417
0.540587
0.131698
0.452349
0.106272
0.738339
0.014262
0.032073
0.017686
0.990216
0.940789
0.274042
0.645809
0.278531
0.994363
0.558816
0.840028
0.381284
0.578089
0.107852
0.949113
0.070694
0.418498
0.664479
0.279265
0.893248
0.103330
0.940285
0.477698
0.472494
0.511672
0.617047
0.179229
0.034373
0.305171
0.391286
0.067360
