0.823971
0.668791
0.249623
0.677132
0.118614
0.325259
0.378897
0.139311
0.406206
0.215389
0.585700
0.893876
0.830679
0.305578
0.912264
0.271164
0.377059
0.205578
0.389975
0.153711
0.246158
0.886560
0.438032
0.837750
0.397069
0.418526
0.851991
0.985709
0.742435
0.828202
0.936494
0.135558
0.114063
0.126722
0.537283
0.979570
0.884737
0.457033
0.634669
0.746966
0.436387
0.650895
0.071905
0.137646
0.531962
0.718343
0.070325
0.840648
0.797858
0.371257
0.684395
0.150810
0.404226
0.552914
0.802419
0.155651
0.211863
0.764248
0.361950
0.172118
0.998851
0.791945
0.621773
0.877090
0.423556
0.655085
0.313012
0.531592
0.243294
0.402551
0.853432
0.998049
0.337911
0.851157
0.874018
0.428080
0.627690
0.734574
0.941735
0.120530
0.129700
0.238987
0.326413
0.665847
0.429037
0.514922
0.157637
0.557131
0.881936
0.148553
0.238230
0.551049
0.642992
0.831846
0.652975
0.131695
0.146676
0.422064
0.862879
0.539933
