0.576800
0.461834
0.487580
0.254414
0.022623
0.381373
0.935666
0.003251
0.394920
0.907265
0.489828
0.377986
0.253215
0.024888
0.061180
0.086484
0.586071
0.288022
0.974578
0.795723
0.606452
0.386445
0.422259
0.283621
0.573644
0.779126
0.443446
0.317619
0.726598
0.197719
0.328767
0.698131
0.116733
0.458012
0.327621
0.735750
0.815806
0.222435
0.486406
0.725676
0.040040
0.615153
0.923583
0.677621
0.291664
0.156027
0.666562
0.787410
0.871195
0.290581
0.940351
0.472801
0.344672
0.559496
0.189811
0.124899
0.743887
0.123829
0.281682
0.277049
0.375305
0.900634
0.883092
0.770996
0.927993
0.785049
0.934808
0.574429
0.267667
0.235810
0.267938
0.875397
0.249268
0.944688
0.286221
0.980880
0.169613
0.160776
0.310209
0.614002
0.233191
0.247150
0.112952
0.256314
0.534953
0.720723
0.034998
0.838176
0.110393
0.689536
0.237525
0.619021
0.329618
0.146917
0.220771
0.445807
0.887330
0.083780
0.895136
0.378384
