0.297615
0.385209
0.080096
0.812276
0.558356
0.993647
0.899112
0.007875
0.619528
0.999378
0.246145
0.447452
0.554652
0.199100
0.617625
0.351968
0.762902
0.944004
0.217771
0.422755
0.845560
0.415151
0.947799
0.349728
0.198390
0.153257
0.177797
0.048247
0.561167
0.613122
0.670289
0.301441
0.511776
0.083877
0.403513
0.827370
0.668673
0.639726
0.737411
0.557238
0.924592
0.753768
0.444318
0.246664
0.054661
0.104082
0.984885
0.936594
0.355069
0.860960
0.124693
0.379291
0.258086
0.556922
0.980124
0.247353
0.851460
0.880403
0.882049
0.576369
0.657649
0.969050
0.293259
0.031342
0.350324
0.513434
0.338663
0.148166
0.459784
0.334651
0.249341
0.462509
0.469603
0.319281
0.907156
0.387542
0.814318
0.881768
0.780302
0.025982
0.841596
0.104816
0.578441
0.417050
0.354826
0.887059
0.293535
0.236691
0.155773
0.153053
0.156401
0.002621
0.250762
0.199412
0.387158
0.648709
0.862326
0.846372
0.612602
0.405914
