0.995167
0.974719
0.747262
0.026238
0.183763
0.977959
0.540641
0.959899
0.469970
0.211051
0.163475
0.830294
0.556556
0.372960
0.186941
0.342024
0.427396
0.287139
0.697505
0.730767
0.219389
0.983730
0.373794
0.233183
0.978733
0.959344
0.594609
0.182842
0.102560
0.890961
0.347260
0.814928
0.677937
0.339244
0.773233
0.837275
0.133058
0.631983
0.341146
0.236677
0.506224
0.739473
0.799401
0.610691
0.937732
0.029994
0.904767
0.612088
0.525517
0.279954
0.202002
0.116514
0.861554
0.993056
0.355743
0.824409
0.176853
0.178470
0.807549
0.688963
0.345913
0.342448
0.131090
0.379448
0.277220
0.690030
0.236808
0.425090
0.827117
0.124051
0.629305
0.474806
0.093452
0.129558
0.760718
0.147085
0.082935
0.507183
0.499418
0.130220
0.371940
0.748943
0.619258
0.060161
0.809900
0.731354
0.725790
0.882483
0.129388
0.746735
0.090567
0.575403
0.461537
0.086725
0.681885
0.393101
0.451372
0.959163
0.138697
0.521814
