0.086918
0.216397
0.295444
0.138999
0.580139
0.717203
0.709872
0.470732
0.108598
0.215958
0.615245
0.119120
0.762363
0.489183
0.267360
0.088588
0.230006
0.338364
0.689863
0.076903
0.757328
0.328323
0.985498
0.515631
0.937756
0.215264
0.913963
0.725795
0.416549
0.689858
0.909380
0.270596
0.969268
0.129911
0.002134
0.657007
0.290991
0.322880
0.004578
0.970760
0.023413
0.082119
0.123363
0.186946
0.745025
0.035068
0.731193
0.626884
0.619125
0.511544
0.946871
0.361159
0.986753
0.047196
0.909819
0.815671
0.726825
0.302823
0.088738
0.007214
0.081395
0.862235
0.265533
0.790961
0.796773
0.074698
0.718478
0.075780
0.334394
0.414323
0.428400
0.890184
0.845462
0.266577
0.799707
0.351716
0.812784
0.699436
0.980267
0.143544
0.245384
0.456130
0.521822
0.980597
0.851381
0.640644
0.290078
0.316443
0.387866
0.264049
0.168607
0.125225
0.293995
0.904880
0.668394
0.536759
0.279524
0.749992
0.603954
0.663036
