0.221474
0.173418
0.770408
0.808696
0.520724
0.528458
0.817210
0.580336
0.367857
0.616950
0.403428
0.238015
0.014381
0.262758
0.535874
0.097835
0.727221
0.690735
0.263869
0.539011
0.623162
0.101515
0.615183
0.714823
0.390367
0.377453
0.943893
0.347357
0.244278
0.235996
0.447610
0.693952
0.360107
0.899797
0.797008
0.364296
0.121641
0.182514
0.951272
0.617854
0.323103
0.619527
0.039827
0.770199
0.772762
0.278655
0.842682
0.217890
0.423006
0.804036
0.675904
0.095458
0.125179
0.576481
0.200677
0.152995
0.714580
0.299375
0.191813
0.956927
0.281903
0.279081
0.776160
0.983665
0.891581
0.550284
0.326304
0.168563
0.133433
0.767420
0.191196
0.071996
0.095509
0.050641
0.821343
0.351362
0.041837
0.761234
0.815709
0.082223
0.119232
0.532878
0.579624
0.697057
0.585900
0.863209
0.770282
0.197616
0.761145
0.218446
0.359531
0.286663
0.616839
0.761137
0.917808
0.267894
0.237690
0.628283
0.090651
0.804802
