0.570537
0.820084
0.626182
0.842562
0.552494
0.228590
0.733462
0.892551
0.739481
0.000449
0.176305
0.216294
0.516202
0.258946
0.448653
0.747898
0.854171
0.785497
0.893625
0.337993
0.388015
0.548102
0.433768
0.664719
0.435353
0.747664
0.368262
0.054717
0.133896
0.704353
0.370174
0.982728
0.980115
0.296204
0.533951
0.054052
0.498733
0.529695
0.546173
0.479189
0.740333
0.457890
0.155447
0.433884
0.595972
0.531797
0.007278
0.984979
0.331110
0.167064
0.352723
0.423841
0.054007
0.594633
0.932814
0.204664
0.759745
0.917652
0.214985
0.770895
0.006581
0.642225
0.831482
0.531607
0.100857
0.524552
0.589653
0.345021
0.186619
0.763230
0.044686
0.748684
0.558106
0.531028
0.531407
0.364698
0.222277
0.449459
0.507915
0.398286
0.677328
0.677514
0.767580
0.899488
0.189725
0.661132
0.504349
0.773946
0.128595
0.555162
0.676735
0.164785
0.100895
0.890416
0.814019
0.397295
0.992231
0.051975
0.133632
0.529582
