0.510188
0.599659
0.551913
0.003809
0.538958
0.691290
0.988014
0.590384
0.482422
0.050403
0.839129
0.353627
0.729247
0.371087
0.664750
0.917651
0.877194
0.581861
0.868758
0.846161
0.976408
0.358404
0.065439
0.627193
0.221875
0.507942
0.396177
0.387521
0.910593
0.191182
0.913682
0.000888
0.213535
0.708799
0.482247
0.289718
0.550835
0.546628
0.329218
0.089805
0.286503
0.060646
0.311537
0.980517
0.110168
0.373953
0.041074
0.733105
0.278102
0.477480
0.318484
0.901791
0.405395
0.070310
0.962640
0.785535
0.264985
0.782720
0.816601
0.742256
0.969305
0.504490
0.270842
0.183021
0.600624
0.292363
0.540418
0.810881
0.591855
0.379407
0.979103
0.981452
0.561167
0.254072
0.292255
0.892235
0.960376
0.879675
0.767486
0.019754
0.751344
0.606004
0.275651
0.682902
0.936874
0.476609
0.344143
0.030285
0.002068
0.466665
0.632812
0.617771
0.813926
0.783245
0.806592
0.490193
0.494353
0.560929
0.908761
0.154345
