0.731051
0.952335
0.553436
0.689616
0.726662
0.978504
0.791503
0.756970
0.708603
0.520512
0.733356
0.762945
0.627616
0.909591
0.162870
0.555116
0.523310
0.743240
0.511812
0.745217
0.149918
0.912062
0.407308
0.053066
0.508901
0.785033
0.094295
0.935600
0.798178
0.840358
0.402314
0.967491
0.276364
0.142306
0.177391
0.128635
0.637041
0.641498
0.800471
0.578088
0.481904
0.186739
0.033034
0.271144
0.596466
0.417556
0.893295
0.822987
0.928951
0.826896
0.958942
0.485387
0.689270
0.481690
0.970088
0.613565
0.053978
0.974368
0.907393
0.677891
0.917969
0.351745
0.947963
0.006190
0.148404
0.236424
0.591145
0.773474
0.725746
0.275028
0.006925
0.396076
0.060286
0.321068
0.876735
0.096069
0.513004
0.480764
0.311543
0.164136
0.760304
0.521162
0.444291
0.422963
0.368356
0.906930
0.216975
0.425092
0.376827
0.516569
0.958416
0.635838
0.656620
0.529997
0.378526
0.554891
0.101754
0.690469
0.681058
0.232441
