0.100761
0.677897
0.414829
0.720103
0.397752
0.044760
0.561610
0.526188
0.893030
0.792517
0.743382
0.594197
0.545626
0.128579
0.898195
0.197085
0.573885
0.638396
0.882794
0.692321
0.183446
0.460785
0.461347
0.932322
0.189633
0.940030
0.687829
0.270007
0.110544
0.811964
0.925983
0.128033
0.308373
0.382974
0.265803
0.559460
0.909466
0.669703
0.588129
0.134475
0.584943
0.570007
0.074996
0.969359
0.168695
0.372619
0.798661
0.191623
0.932414
0.424606
0.180555
0.213654
0.952983
0.647148
0.246179
0.492320
0.801057
0.758218
0.189769
0.880820
0.116456
0.679019
0.064661
0.589537
0.472635
0.370223
0.925554
0.721703
0.287265
0.200086
0.315029
0.916999
0.954688
0.807444
0.064018
0.804888
0.038421
0.868158
0.381755
0.615908
0.173485
0.929585
0.052567
0.191368
0.965114
0.227467
0.612956
0.589851
0.385647
0.983139
0.077150
0.514890
0.750838
0.757911
0.262286
0.610664
0.188276
0.721069
0.244683
0.265943
