0.439663
0.114172
0.750857
0.434793
0.441698
0.339066
0.215058
0.383202
0.545469
0.172657
0.746032
0.363848
0.301196
0.826679
0.086034
0.376958
0.332160
0.789610
0.666472
0.093649
0.961832
0.068901
0.665116
0.163122
0.357498
0.487988
0.387392
0.568742
0.420845
0.127975
0.717045
0.900531
0.014171
0.176792
0.022875
0.292829
0.365947
0.375032
0.923966
0.275569
0.326094
0.311494
0.918419
0.117496
0.716734
0.814241
0.926933
0.578269
0.065721
0.580157
0.664314
0.434271
0.250933
0.152495
0.682916
0.474251
0.176891
0.975988
0.318883
0.021304
0.322185
0.900627
0.130269
0.369905
0.037961
0.069823
0.416605
0.214660
0.432814
0.404352
0.583709
0.094269
0.552596
0.913082
0.246971
0.920163
0.408136
0.484549
0.356748
0.080798
0.074717
0.993299
0.754731
0.976419
0.998031
0.676540
0.533154
0.555362
0.639756
0.038125
0.344328
0.582934
0.181201
0.371802
0.667939
0.889166
0.190566
0.309752
0.007210
0.131415
