0.105856
0.663140
0.887907
0.865231
0.590745
0.258495
0.918408
0.466237
0.907826
0.310374
0.772968
0.301168
0.513461
0.681514
0.644013
0.654080
0.414661
0.804532
0.113777
0.239759
0.740972
0.356853
0.899483
0.746145
0.439870
0.706613
0.611535
0.597847
0.877416
0.368994
0.312022
0.746862
0.816210
0.290792
0.701614
0.233688
0.029134
0.699107
0.994477
0.023355
0.424812
0.247167
0.447416
0.853940
0.146005
0.942724
0.691406
0.554160
0.112517
0.566405
0.867257
0.478895
0.417331
0.496709
0.465168
0.198569
0.693246
0.389624
0.152140
0.052200
0.175597
0.084073
0.730794
0.127542
0.561530
0.575055
0.832658
0.488025
0.972487
0.658223
0.963932
0.775988
0.047037
0.066292
0.685528
0.476766
0.618366
0.699067
0.284249
0.508988
0.936444
0.877875
0.143427
0.928280
0.869796
0.649841
0.439814
0.842740
0.480564
0.811901
0.198891
0.557755
0.328850
0.219521
0.781113
0.964589
0.127383
0.431717
0.033387
0.472157
