0.104700
0.967820
0.019148
0.635438
0.615355
0.203634
0.003342
0.517289
0.597550
0.137199
0.790401
0.720366
0.945626
0.524570
0.985610
0.489833
0.648307
0.072561
0.784478
0.596442
0.578135
0.068390
0.150808
0.775144
0.153362
0.250280
0.465626
0.535874
0.553359
0.341680
0.752570
0.149199
0.112008
0.988456
0.908207
0.288957
0.776203
0.489386
0.329769
0.809641
0.722338
0.403016
0.734534
0.232799
0.346477
0.553445
0.972474
0.339758
0.637094
0.447128
0.381289
0.660065
0.029288
0.675093
0.604651
0.213837
0.387840
0.033349
0.791684
0.854465
0.928741
0.966458
0.889712
0.706165
0.716859
0.982757
0.155715
0.417860
0.776457
0.284527
0.515981
0.848952
0.917871
0.305573
0.099970
0.875279
0.682357
0.275425
0.042898
0.199350
0.168506
0.359301
0.645817
0.820499
0.730500
0.926579
0.228574
0.939174
0.199943
0.016486
0.581609
0.108993
0.428416
0.090298
0.718552
0.249947
0.277490
0.723989
0.946339
0.342766
