0.536800
0.912602
0.099751
0.226628
0.117192
0.914486
0.690024
0.851607
0.648705
0.967405
0.075906
0.214858
0.404298
0.945245
0.828422
0.159973
0.540686
0.201939
0.024081
0.610898
0.402602
0.562382
0.713289
0.827485
0.686188
0.911136
0.991867
0.124447
0.782903
0.952111
0.739437
0.753365
0.048755
0.623057
0.845472
0.840008
0.028189
0.772715
0.499153
0.908241
0.656736
0.363543
0.019787
0.417749
0.633471
0.212190
0.800959
0.512349
0.768247
0.362285
0.779912
0.803706
0.348106
0.032800
0.454409
0.661841
0.951740
0.287820
0.887361
0.208658
0.301931
0.230618
0.570720
0.467680
0.894690
0.413552
0.968218
0.539605
0.926455
0.691928
0.543993
0.917148
0.864961
0.610590
0.303163
0.066308
0.914897
0.513587
0.792865
0.283483
0.428923
0.347056
0.601465
0.436363
0.781791
0.831304
0.786912
0.053102
0.214989
0.986370
0.411350
0.245651
0.186969
0.436515
0.870571
0.500872
0.243975
0.319338
0.739422
0.279725
