0.858228
0.473326
0.835856
0.973095
0.251811
0.015341
0.035526
0.466898
0.238755
0.683751
0.875705
0.648946
0.499079
0.499201
0.877193
0.712927
0.649852
0.428841
0.371560
0.272040
0.789733
0.803293
0.686759
0.556891
0.355538
0.393668
0.958484
0.557652
0.026749
0.654342
0.130334
0.648101
0.915969
0.468426
0.433089
0.386741
0.392627
0.028427
0.113895
0.052308
0.529254
0.530420
0.443415
0.336192
0.126940
0.923456
0.351057
0.950346
0.439339
0.852031
0.925632
0.578955
0.565074
0.218268
0.864916
0.928443
0.413334
0.072783
0.831974
0.359730
0.458356
0.308711
0.631612
0.922697
0.826497
0.330513
0.722898
0.956100
0.935388
0.570266
0.482714
0.225676
0.046342
0.879970
0.054071
0.630713
0.093600
0.684332
0.357232
0.818442
0.139726
0.096232
0.617056
0.379381
0.957247
0.648564
0.932969
0.475481
0.467768
0.577237
0.199694
0.013481
0.301127
0.146773
0.302072
0.162740
0.520206
0.139936
0.109690
0.809023
