0.843272
0.434339
0.257520
0.929818
0.871536
0.540891
0.908705
0.826460
0.566967
0.513707
0.090949
0.769642
0.995937
0.517310
0.786956
0.255916
0.980515
0.214149
0.057878
0.793708
0.554178
0.267320
0.922780
0.242864
0.414664
0.198134
0.073207
0.546196
0.646021
0.406535
0.202396
0.071170
0.510308
0.109471
0.973341
0.418105
0.187162
0.299693
0.817580
0.871622
0.261330
0.431135
0.867044
0.717961
0.094538
0.510650
0.097169
0.511886
0.600437
0.540945
0.597999
0.331942
0.743949
0.496087
0.881630
0.067536
0.677805
0.651125
0.478211
0.885158
0.696793
0.457124
0.045360
0.804403
0.280392
0.281356
0.495679
0.067660
0.490034
0.551560
0.233457
0.280692
0.161321
0.690627
0.923102
0.019872
0.740259
0.187200
0.331262
0.761197
0.930545
0.648796
0.592215
0.778590
0.218176
0.005297
0.319741
0.513102
0.393049
0.766534
0.577854
0.835003
0.009933
0.749582
0.028312
0.292089
0.647438
0.976862
0.501013
0.497850
