0.470754
0.259989
0.680510
0.234201
0.440526
0.059875
0.719845
0.357252
0.309277
0.522857
0.783139
0.361295
0.182003
0.048278
0.209665
0.522873
0.943363
0.221509
0.840483
0.602100
0.770508
0.010134
0.163813
0.724716
0.462461
0.630992
0.402016
0.221911
0.166239
0.671861
0.141102
0.231841
0.147921
0.533116
0.772852
0.718500
0.098230
0.771713
0.545924
0.222911
0.656809
0.874015
0.052186
0.231927
0.827901
0.201455
0.628564
0.429815
0.060872
0.512724
0.424478
0.436394
0.398817
0.590990
0.248237
0.173665
0.106035
0.769963
0.736686
0.241639
0.884172
0.600727
0.938133
0.958871
0.954908
0.475383
0.765368
0.993939
0.718797
0.586798
0.875019
0.455214
0.069683
0.386311
0.716911
0.474307
0.365465
0.117363
0.997077
0.510461
0.904076
0.111214
0.498024
0.833356
0.238451
0.707184
0.721530
0.934769
0.397517
0.758415
0.650625
0.204664
0.293519
0.881387
0.382557
0.320857
0.393778
0.710624
0.102532
0.731883
