0.817688
0.397711
0.797942
0.161895
0.969009
0.239203
0.809450
0.433499
0.446946
0.109624
0.870922
0.711929
0.535623
0.892981
0.373229
0.625384
0.445931
0.581328
0.643712
0.540433
0.397402
0.236841
0.140667
0.813557
0.701849
0.802319
0.088129
0.226935
0.181545
0.293662
0.196755
0.705697
0.246177
0.643034
0.486496
0.534971
0.801433
0.143455
0.763084
0.940210
0.681667
0.610763
0.233178
0.314949
0.956730
0.183438
0.057065
0.625695
0.248779
0.691480
0.605746
0.928925
0.694640
0.746115
0.691952
0.407293
0.202590
0.826069
0.922335
0.445595
0.034909
0.992445
0.164200
0.446047
0.901778
0.269343
0.909919
0.717799
0.271515
0.761032
0.514179
0.365581
0.942468
0.632373
0.794132
0.896544
0.827861
0.091349
0.864034
0.233564
0.394158
0.100902
0.169330
0.064915
0.050239
0.481671
0.518428
0.761306
0.830610
0.391198
0.018912
0.135066
0.317774
0.569550
0.355948
0.376040
0.987569
0.088182
0.993371
0.988466
