0.736223
0.199864
0.008971
0.843425
0.793083
0.890841
0.040936
0.033082
0.494487
0.403817
0.229437
0.807357
0.821376
0.651769
0.708481
0.857269
0.962468
0.019921
0.583292
0.928141
0.615121
0.649125
0.269661
0.595183
0.044838
0.712450
0.459877
0.537689
0.579868
0.166577
0.033659
0.265156
0.619371
0.907404
0.478298
0.486402
0.460120
0.147272
0.656746
0.612394
0.711409
0.971985
0.040876
0.561330
0.151313
0.567564
0.984669
0.613018
0.432162
0.960656
0.702830
0.885746
0.078977
0.695906
0.277759
0.586681
0.692575
0.823224
0.729491
0.422500
0.715783
0.817669
0.630158
0.364461
0.642276
0.473121
0.466702
0.908668
0.805194
0.187197
0.373703
0.432655
0.784897
0.066617
0.152917
0.202155
0.489117
0.515741
0.164980
0.470421
0.021157
0.075430
0.028323
0.952255
0.665849
0.606316
0.853803
0.825680
0.059528
0.137128
0.928209
0.027916
0.822388
0.238134
0.948685
0.439045
0.070466
0.492102
0.497302
0.680081
