0.489345
0.851055
0.267869
0.147296
0.655631
0.974664
0.387364
0.194184
0.204536
0.292067
0.146206
0.208833
0.056638
0.423264
0.081717
0.494718
0.833411
0.442973
0.516291
0.505940
0.908727
0.173914
0.689828
0.760822
0.713681
0.221782
0.808349
0.776142
0.447641
0.873079
0.928471
0.850631
0.555312
0.414221
0.820384
0.036851
0.464285
0.874227
0.434271
0.109933
0.996174
0.248136
0.746780
0.660832
0.538151
0.276461
0.474761
0.289838
0.508007
0.917954
0.025071
0.739972
0.898437
0.978688
0.080525
0.025372
0.293517
0.590320
0.630907
0.405397
0.405792
0.921630
0.790610
0.605803
0.071738
0.075111
0.217403
0.928086
0.284266
0.862954
0.830777
0.367810
0.324226
0.350872
0.686395
0.388505
0.531983
0.631564
0.832430
0.308526
0.175427
0.107403
0.464948
0.690772
0.787616
0.097147
0.721711
0.198494
0.814678
0.434900
0.756378
0.319192
0.010292
0.620943
0.011003
0.380751
0.968613
0.967604
0.372759
0.822292
