0.270435
0.348028
0.886679
0.303413
0.424923
0.523875
0.049353
0.664720
0.022882
0.946728
0.915873
0.657015
0.320323
0.576169
0.395184
0.091419
0.518693
0.880676
0.190083
0.337577
0.505716
0.860957
0.805513
0.734436
0.225114
0.720133
0.413850
0.176855
0.131355
0.109473
0.007492
0.667542
0.050564
0.777409
0.408593
0.522522
0.903301
0.710297
0.810182
0.946487
0.392937
0.720121
0.284301
0.304138
0.528232
0.648546
0.306047
0.232338
0.009493
0.855371
0.450704
0.981763
0.898478
0.840531
0.844471
0.564096
0.077627
0.829037
0.880226
0.407293
0.219564
0.917130
0.531748
0.975174
0.126793
0.637605
0.354979
0.235863
0.538496
0.495166
0.049935
0.832025
0.507135
0.412092
0.738713
0.215020
0.227440
0.509719
0.793705
0.100213
0.181802
0.539272
0.487897
0.049485
0.578387
0.112280
0.204636
0.948513
0.784386
0.243107
0.194516
0.716497
0.847820
0.118879
0.732780
0.232935
0.473390
0.301196
0.540709
0.756767
