0.737818
0.362275
0.972478
0.309437
0.541819
0.474130
0.489730
0.696122
0.945907
0.961794
0.315493
0.248697
0.465680
0.837802
0.395897
0.341138
0.998820
0.261238
0.999432
0.087802
0.198713
0.271013
0.401570
0.428354
0.133677
0.278758
0.591938
0.594105
0.279494
0.005350
0.853987
0.771194
0.666594
0.556896
0.420314
0.371233
0.794362
0.167638
0.353895
0.029779
0.677065
0.024456
0.661964
0.747756
0.463392
0.259859
0.493097
0.616041
0.984313
0.111518
0.286664
0.307367
0.939774
0.764797
0.618964
0.808214
0.564670
0.260251
0.599697
0.290200
0.145162
0.824975
0.390059
0.754031
0.524066
0.896715
0.266700
0.371454
0.626668
0.758932
0.080927
0.466553
0.720463
0.728615
0.595234
0.255446
0.780669
0.053696
0.844821
0.069031
0.026154
0.449367
0.235731
0.365207
0.877753
0.674423
0.447514
0.118732
0.782393
0.576683
0.268743
0.969325
0.697475
0.975228
0.133078
0.990862
0.099386
0.787191
0.254908
0.721783
