0.470157
0.106621
0.418954
0.967121
0.719276
0.204014
0.141966
0.305908
0.120753
0.942231
0.872741
0.732106
0.600508
0.063327
0.163763
0.198193
0.855342
0.042971
0.885091
0.773274
0.335361
0.381800
0.311473
0.561863
0.887199
0.476074
0.908121
0.009420
0.824144
0.738521
0.329816
0.107039
0.736140
0.359045
0.055905
0.256604
0.616147
0.539249
0.615096
0.421741
0.737654
0.823190
0.805436
0.955806
0.797441
0.410960
0.424999
0.236680
0.660386
0.220696
0.320375
0.045068
0.255682
0.785027
0.408501
0.451330
0.991499
0.228364
0.116037
0.038312
0.566635
0.529605
0.914848
0.737688
0.801201
0.520256
0.670894
0.392829
0.361966
0.386360
0.777139
0.107599
0.215661
0.056963
0.774199
0.346003
0.967714
0.767470
0.791184
0.407706
0.900672
0.032014
0.224338
0.729246
0.674785
0.927206
0.268792
0.943363
0.681514
0.123892
0.197739
0.247215
0.076348
0.079947
0.877027
0.059127
0.324170
0.470343
0.399514
0.623974
