0.500705
0.281649
0.327221
0.554758
0.541605
0.621972
0.901133
0.643150
0.830533
0.101409
0.132556
0.329259
0.777299
0.307859
0.246766
0.026746
0.762029
0.076186
0.536414
0.001036
0.228747
0.648879
0.659281
0.608408
0.739321
0.651429
0.612733
0.117489
0.460314
0.452812
0.931339
0.024752
0.688076
0.543187
0.833936
0.682663
0.813939
0.672188
0.126582
0.218063
0.378206
0.652911
0.348381
0.667802
0.014009
0.376888
0.625421
0.117529
0.203535
0.776662
0.202524
0.407181
0.551003
0.191742
0.775179
0.223485
0.055513
0.969590
0.991903
0.886069
0.882087
0.641428
0.264002
0.304240
0.039249
0.334045
0.041851
0.753955
0.808554
0.044975
0.757582
0.686623
0.643384
0.492470
0.861700
0.820947
0.398528
0.866151
0.999714
0.908802
0.154528
0.162491
0.622350
0.943609
0.680316
0.042955
0.082713
0.856729
0.469156
0.973639
0.608413
0.968668
0.812133
0.248274
0.497201
0.989942
0.241907
0.164157
0.925714
0.791664
