0.960671
0.524107
0.350021
0.694222
0.767044
0.853136
0.815727
0.272399
0.787579
0.752409
0.933793
0.127209
0.370171
0.362669
0.270335
0.925819
0.296455
0.347096
0.590907
0.271599
0.614423
0.264980
0.425053
0.015474
0.867113
0.892494
0.970210
0.110356
0.554928
0.319324
0.216411
0.630319
0.968206
0.195779
0.413027
0.435408
0.008297
0.777333
0.248962
0.253719
0.243538
0.226702
0.409618
0.697532
0.512566
0.349397
0.623838
0.217709
0.666378
0.552752
0.293035
0.432277
0.230445
0.373160
0.629704
0.352912
0.227214
0.383586
0.396648
0.707834
0.495290
0.187201
0.289469
0.752718
0.558402
0.143899
0.571426
0.415452
0.648691
0.702301
0.989550
0.794519
0.816918
0.548648
0.180242
0.849068
0.444045
0.801898
0.573241
0.088120
0.272681
0.158242
0.894990
0.817241
0.493414
0.765603
0.467758
0.142392
0.042779
0.852662
0.028897
0.853955
0.393277
0.121643
0.674862
0.122950
0.608203
0.567828
0.614204
0.184403
