0.990880
0.513052
0.620965
0.275518
0.595727
0.812983
0.670224
0.168193
0.609184
0.462588
0.017665
0.378796
0.371235
0.960061
0.739995
0.469433
0.573505
0.326402
0.670068
0.641984
0.523029
0.703849
0.944850
0.357802
0.722973
0.891817
0.949579
0.368877
0.993416
0.325622
0.418568
0.018312
0.070038
0.881711
0.409748
0.089951
0.770571
0.725376
0.447600
0.356089
0.632517
0.333000
0.083047
0.518125
0.716789
0.605214
0.396227
0.905162
0.361729
0.417035
0.706962
0.201395
0.154602
0.147921
0.600299
0.282076
0.834403
0.619120
0.072426
0.069611
0.858747
0.087479
0.205273
0.982985
0.139013
0.761429
0.518443
0.291507
0.176352
0.811672
0.195608
0.923450
0.511210
0.498156
0.866233
0.522047
0.583153
0.506670
0.989636
0.871301
0.779871
0.341310
0.048160
0.704429
0.693650
0.475999
0.396069
0.742639
0.903848
0.361422
0.643831
0.792993
0.085268
0.292604
0.237051
0.482961
0.366086
0.964957
0.719811
0.193599
