0.677009
0.141823
0.999247
0.561045
0.649362
0.548222
0.615789
0.164498
0.553557
0.428105
0.365780
0.484906
0.078751
0.666956
0.767944
0.263746
0.557958
0.611871
0.424629
0.435335
0.470074
0.861903
0.809417
0.146402
0.846789
0.228819
0.255129
0.097743
0.857158
0.231613
0.283404
0.719793
0.380418
0.274787
0.676742
0.306297
0.793324
0.474647
0.367837
0.326444
0.219345
0.720048
0.029327
0.324755
0.395606
0.721934
0.278255
0.471984
0.622315
0.440587
0.681018
0.255028
0.067097
0.880594
0.806284
0.025379
0.166669
0.865564
0.817445
0.643606
0.298460
0.865274
0.697739
0.466369
0.323607
0.382425
0.824347
0.711440
0.318215
0.898526
0.462695
0.352963
0.128502
0.185320
0.184074
0.756302
0.542652
0.470019
0.380222
0.257755
0.995243
0.204643
0.811673
0.467740
0.847246
0.214463
0.388537
0.901029
0.549472
0.072068
0.083918
0.377261
0.997982
0.883083
0.541039
0.446877
0.968368
0.240289
0.672961
0.923192
