0.824806
0.071334
0.333799
0.040544
0.891958
0.516936
0.961256
0.223396
0.672153
0.477559
0.982838
0.949000
0.069777
0.310263
0.650690
0.314145
0.876125
0.693223
0.058127
0.286672
0.795880
0.270147
0.655024
0.670763
0.224629
0.448023
0.469665
0.994604
0.071233
0.146681
0.554294
0.382776
0.332620
0.948385
0.506710
0.434001
0.626520
0.395453
0.304121
0.066600
0.577099
0.902539
0.336514
0.941159
0.609134
0.257686
0.333181
0.741119
0.158443
0.170196
0.587838
0.452578
0.250937
0.092010
0.438662
0.091022
0.199402
0.616088
0.698562
0.058377
0.927707
0.720049
0.644901
0.467208
0.264882
0.989300
0.179970
0.691800
0.856606
0.873519
0.502522
0.556327
0.114189
0.559596
0.066004
0.774048
0.721491
0.413929
0.137645
0.837191
0.396044
0.988574
0.269050
0.093213
0.002559
0.040586
0.225386
0.022116
0.814545
0.449842
0.704550
0.024933
0.010584
0.026438
0.191132
0.336966
0.892477
0.662435
0.679351
0.236275
