0.184198
0.298585
0.490673
0.164086
0.767948
0.328116
0.351529
0.264244
0.997008
0.717438
0.045447
0.650606
0.339900
0.754208
0.944548
0.516812
0.701946
0.138895
0.033354
0.030504
0.942723
0.264720
0.580946
0.120686
0.193290
0.499981
0.670664
0.099046
0.721833
0.774137
0.253311
0.233523
0.997734
0.620110
0.708328
0.844156
0.246573
0.376135
0.780070
0.365542
0.833952
0.789589
0.818895
0.407586
0.623859
0.284463
0.967518
0.909768
0.984177
0.186808
0.971338
0.719611
0.023320
0.897955
0.187500
0.416126
0.429211
0.136261
0.987724
0.299973
0.275145
0.502720
0.270272
0.053828
0.196624
0.179783
0.250314
0.779203
0.902702
0.076288
0.264601
0.931763
0.061924
0.683596
0.326478
0.899317
0.880863
0.321908
0.371020
0.935428
0.695644
0.085369
0.342175
0.668055
0.169357
0.193488
0.991912
0.130666
0.611677
0.371820
0.608429
0.215299
0.264988
0.135486
0.122092
0.532797
0.207130
0.390078
0.795341
0.377480
