0.283217
0.335695
0.008810
0.958463
0.404214
0.250145
0.004118
0.550731
0.796854
0.203289
0.247537
0.624541
0.212864
0.690436
0.930543
0.013947
0.209058
0.064489
0.244746
0.749277
0.596324
0.220513
0.958441
0.900516
0.807438
0.648051
0.770252
0.490190
0.637819
0.631645
0.496384
0.290204
0.443867
0.001244
0.942487
0.189395
0.607275
0.074274
0.363171
0.023792
0.438644
0.706078
0.010319
0.062367
0.814945
0.873359
0.162099
0.263427
0.239628
0.416684
0.180296
0.318305
0.726385
0.084117
0.178130
0.742006
0.165279
0.783990
0.230496
0.217112
0.208354
0.553138
0.763847
0.478619
0.630853
0.476152
0.434619
0.148700
0.363109
0.020660
0.490195
0.286953
0.114428
0.078476
0.957620
0.251688
0.411613
0.685953
0.395661
0.378788
0.369481
0.989041
0.711351
0.015017
0.549093
0.503535
0.195995
0.223030
0.663534
0.037847
0.104268
0.147835
0.110191
0.778603
0.435425
0.284289
0.599640
0.376373
0.167085
0.741644
