0.398572
0.820572
0.991157
0.537779
0.038591
0.041133
0.729118
0.427792
0.528026
0.365209
0.824421
0.203277
0.453912
0.848369
0.781496
0.453659
0.370815
0.895250
0.336195
0.400194
0.445589
0.167832
0.191779
0.766789
0.850506
0.509972
0.826393
0.969211
0.926195
0.719740
0.617509
0.229533
0.216675
0.429272
0.642881
0.703795
0.433626
0.485197
0.054705
0.070330
0.165832
0.206862
0.541587
0.877835
0.843314
0.300942
0.266711
0.614921
0.134996
0.528756
0.130146
0.939577
0.838044
0.641910
0.174896
0.336855
0.787858
0.680959
0.767375
0.548731
0.997490
0.752153
0.615722
0.747193
0.511513
0.109069
0.447444
0.143640
0.369227
0.597544
0.249177
0.841095
0.653785
0.634961
0.287849
0.664869
0.987353
0.364853
0.682620
0.174876
0.518308
0.790422
0.607341
0.077081
0.622782
0.362853
0.786621
0.741994
0.965242
0.264595
0.792620
0.961816
0.958734
0.312458
0.968112
0.141920
0.827171
0.474414
0.745088
0.953780
