0.741177
0.095422
0.563921
0.309610
0.801615
0.806354
0.958119
0.039502
0.602115
0.231556
0.288340
0.237444
0.110573
0.703214
0.950717
0.180882
0.059976
0.654361
0.726142
0.918446
0.427620
0.757474
0.144809
0.788786
0.987485
0.143241
0.329575
0.195658
0.252945
0.937511
0.009404
0.911679
0.200203
0.640724
0.810751
0.252968
0.156708
0.221817
0.350263
0.934844
0.046262
0.833547
0.694502
0.554647
0.766154
0.828102
0.144519
0.782887
0.931875
0.055109
0.513728
0.374780
0.838972
0.115372
0.339679
0.274432
0.529390
0.217567
0.837540
0.189825
0.365562
0.589630
0.806121
0.704161
0.300013
0.294718
0.270665
0.666369
0.434149
0.624347
0.033910
0.734312
0.637039
0.697283
0.880824
0.260744
0.172528
0.412233
0.378935
0.188859
0.645309
0.965785
0.219555
0.769429
0.567061
0.209867
0.693629
0.061417
0.924244
0.341788
0.682837
0.642241
0.217093
0.306957
0.921296
0.933210
0.493300
0.370852
0.743986
0.899234
