0.117443
0.451315
0.121791
0.957000
0.938437
0.071367
0.066382
0.150532
0.497719
0.094394
0.212796
0.852001
0.796002
0.349764
0.918847
0.908722
0.164246
0.407805
0.707464
0.059365
0.395444
0.948059
0.697597
0.646338
0.652049
0.350530
0.956720
0.130468
0.215324
0.927950
0.336470
0.746934
0.461483
0.551338
0.340890
0.753928
0.705835
0.059213
0.597859
0.997618
0.991582
0.849723
0.199980
0.683534
0.921236
0.936095
0.156716
0.782736
0.418575
0.604000
0.875473
0.519460
0.694657
0.300601
0.023866
0.399822
0.310747
0.927906
0.359533
0.421272
0.277817
0.612808
0.155396
0.265528
0.151759
0.234923
0.475303
0.959565
0.433589
0.479006
0.354180
0.649621
0.227930
0.791059
0.993512
0.608636
0.951154
0.842419
0.883076
0.391996
0.804607
0.133110
0.246473
0.902363
0.734462
0.511003
0.001550
0.916539
0.673355
0.246361
0.376151
0.681662
0.836133
0.875143
0.090597
0.037952
0.473048
0.389449
0.909900
0.605865
