0.460091
0.020642
0.355985
0.838284
0.753253
0.100263
0.729693
0.107012
0.561476
0.229412
0.909213
0.445170
0.000719
0.972212
0.553833
0.432662
0.886402
0.571963
0.137679
0.499046
0.404871
0.126651
0.115879
0.843284
0.356454
0.176373
0.781104
0.127012
0.610958
0.508704
0.959922
0.658998
0.260921
0.025296
0.592359
0.200471
0.813467
0.298392
0.408766
0.305859
0.652056
0.675410
0.851714
0.705697
0.757534
0.403109
0.321689
0.166577
0.181690
0.014365
0.692414
0.341355
0.583238
0.609212
0.418930
0.843582
0.897002
0.777808
0.871016
0.647942
0.133515
0.466102
0.838960
0.285708
0.144513
0.599974
0.787652
0.922434
0.996514
0.654204
0.809864
0.377578
0.102017
0.681861
0.297210
0.514002
0.797511
0.945611
0.887976
0.888350
0.066395
0.274401
0.315011
0.687813
0.643282
0.431672
0.920437
0.305003
0.365790
0.033573
0.057201
0.892225
0.663464
0.810565
0.573605
0.873677
0.002222
0.388678
0.077438
0.729964
