0.132953
0.993804
0.524094
0.291153
0.739429
0.287611
0.208773
0.960377
0.233000
0.701118
0.716821
0.596391
0.989635
0.072677
0.999470
0.861910
0.044594
0.478295
0.249355
0.725556
0.125134
0.327420
0.002136
0.771858
0.592575
0.614555
0.460102
0.673086
0.931357
0.479859
0.183588
0.614671
0.908464
0.115957
0.181376
0.247797
0.697152
0.270595
0.329519
0.323134
0.826890
0.163737
0.376788
0.169328
0.233999
0.613991
0.646786
0.485441
0.413741
0.798542
0.763952
0.238573
0.634603
0.849859
0.668895
0.311595
0.961138
0.015239
0.367162
0.269741
0.326684
0.532091
0.791988
0.748386
0.625260
0.447077
0.597882
0.103433
0.706420
0.956941
0.798724
0.900184
0.293291
0.032357
0.236191
0.392599
0.786234
0.907024
0.398871
0.039329
0.870700
0.612214
0.714131
0.850907
0.822168
0.543559
0.159977
0.327420
0.350850
0.159342
0.664640
0.339997
0.203956
0.585821
0.821657
0.344241
0.186272
0.874168
0.629891
0.489918
