0.800096
0.695227
0.014381
0.163980
0.498198
0.238640
0.842144
0.636036
0.669969
0.598044
0.869693
0.140711
0.635085
0.332129
0.930098
0.335161
0.821114
0.077736
0.175413
0.541393
0.320872
0.368187
0.940967
0.200818
0.604520
0.829910
0.143245
0.838502
0.788367
0.055173
0.038147
0.019329
0.816367
0.111936
0.923225
0.214716
0.248439
0.209987
0.086494
0.401362
0.133314
0.939007
0.282391
0.413776
0.403247
0.320895
0.489826
0.332453
0.578343
0.138204
0.416462
0.263950
0.331077
0.974686
0.019777
0.282281
0.706562
0.466156
0.435106
0.992277
0.840564
0.880022
0.078819
0.815730
0.762175
0.113900
0.894376
0.742813
0.194729
0.463890
0.818321
0.607499
0.992372
0.394091
0.603302
0.230310
0.716206
0.042375
0.884892
0.779733
0.491410
0.281803
0.292000
0.838144
0.535211
0.043255
0.200274
0.403992
0.995992
0.026626
0.451323
0.249772
0.376824
0.782473
0.135045
0.137524
0.470962
0.410981
0.002483
0.610203
