0.238728
0.620534
0.789583
0.481081
0.606439
0.099969
0.391209
0.104674
0.690887
0.212673
0.657582
0.471465
0.274476
0.962825
0.041292
0.507342
0.814857
0.755452
0.166800
0.971822
0.583680
0.334853
0.848469
0.738302
0.741277
0.275626
0.404111
0.622718
0.175057
0.692501
0.947442
0.458984
0.174264
0.785666
0.045358
0.752467
0.788682
0.780876
0.944156
0.091623
0.523872
0.613674
0.643185
0.999067
0.891161
0.268914
0.590255
0.456408
0.663755
0.540799
0.329468
0.598783
0.752332
0.210806
0.756524
0.017725
0.666177
0.083193
0.694784
0.853357
0.927562
0.719319
0.046483
0.386126
0.108970
0.348654
0.174120
0.759168
0.335805
0.597341
0.753120
0.388253
0.174951
0.552646
0.192775
0.166273
0.237196
0.481841
0.365833
0.488481
0.587134
0.236955
0.533972
0.354790
0.244889
0.881198
0.409367
0.357079
0.687229
0.849195
0.210733
0.176838
0.042594
0.263433
0.782784
0.013074
0.976325
0.391518
0.556030
0.537695
