0.955966
0.691704
0.233460
0.945873
0.835161
0.725173
0.446381
0.497948
0.048763
0.803902
0.599906
0.260604
0.883209
0.316116
0.648292
0.518218
0.823001
0.748169
0.209451
0.430938
0.683040
0.913940
0.903954
0.990873
0.655923
0.677656
0.805492
0.274791
0.526151
0.140550
0.671480
0.444610
0.307708
0.044429
0.157018
0.553743
0.415930
0.285211
0.100927
0.076905
0.906641
0.703249
0.168718
0.091561
0.859406
0.019593
0.261243
0.297644
0.662618
0.255288
0.964855
0.283727
0.072968
0.364968
0.976141
0.049436
0.946795
0.061452
0.242992
0.490344
0.256355
0.048346
0.747502
0.063864
0.931038
0.649240
0.833111
0.739080
0.888029
0.719160
0.359313
0.911057
0.134724
0.685535
0.338513
0.794978
0.276577
0.889485
0.291783
0.928634
0.407621
0.328193
0.738561
0.325599
0.341854
0.548574
0.255502
0.301670
0.923882
0.747481
0.410817
0.874019
0.952955
0.853924
0.476902
0.848738
0.913299
0.961310
0.531922
0.021093
