0.974598
0.053915
0.648919
0.368901
0.755066
0.373735
0.088590
0.196009
0.650055
0.899460
0.113789
0.122802
0.240090
0.888744
0.740134
0.129337
0.545548
0.719983
0.955856
0.677259
0.165854
0.586506
0.532369
0.584436
0.997247
0.543345
0.906603
0.768774
0.373422
0.938371
0.761161
0.552531
0.467367
0.050318
0.444413
0.470926
0.026506
0.400145
0.528153
0.941606
0.920554
0.687704
0.081250
0.994016
0.848380
0.024037
0.103237
0.489625
0.663704
0.843133
0.738009
0.897432
0.333255
0.844801
0.960574
0.455688
0.423311
0.588995
0.684808
0.503821
0.170543
0.333921
0.353096
0.845852
0.167088
0.831274
0.625291
0.132320
0.658859
0.189950
0.568365
0.487563
0.584279
0.655153
0.340886
0.520530
0.179757
0.541492
0.449100
0.198826
0.818839
0.035063
0.273572
0.540831
0.164840
0.666705
0.117822
0.479433
0.721466
0.011122
0.350232
0.952797
0.437420
0.569767
0.785319
0.519027
0.704837
0.993889
0.777459
0.407281
