0.375229
0.631677
0.946360
0.457952
0.333346
0.555570
0.919659
0.990514
0.556809
0.000187
0.791196
0.863327
0.692685
0.556253
0.666337
0.913055
0.742681
0.035645
0.827833
0.821292
0.969985
0.460357
0.963553
0.685662
0.477219
0.049294
0.034541
0.782396
0.653551
0.067080
0.563819
0.455369
0.817202
0.351973
0.960210
0.902867
0.137149
0.407820
0.581200
0.071146
0.425685
0.916132
0.663848
0.220922
0.708261
0.159451
0.039554
0.300358
0.811947
0.970940
0.921405
0.060709
0.709718
0.675193
0.247307
0.183054
0.096415
0.858007
0.682526
0.462844
0.166551
0.999378
0.495827
0.011308
0.483128
0.299370
0.785174
0.299555
0.598827
0.891512
0.219943
0.192973
0.138768
0.703961
0.836902
0.181598
0.851567
0.465406
0.211321
0.002206
0.118647
0.196370
0.600105
0.032188
0.288531
0.003419
0.545774
0.923270
0.801959
0.375365
0.220514
0.626277
0.742834
0.825708
0.382490
0.914015
0.992515
0.659833
0.258383
0.996401
