0.842960
0.742946
0.422671
0.020908
0.220678
0.869128
0.524042
0.672086
0.345473
0.352465
0.926953
0.387503
0.886972
0.786964
0.833487
0.326517
0.926680
0.311005
0.985925
0.229770
0.212922
0.659090
0.967505
0.006752
0.892919
0.473507
0.861782
0.442250
0.685000
0.848393
0.799153
0.650759
0.856339
0.990180
0.726353
0.948715
0.929783
0.843135
0.730843
0.073235
0.809770
0.977113
0.463042
0.340780
0.594535
0.274384
0.220508
0.216247
0.454402
0.267132
0.922754
0.533877
0.921005
0.756679
0.809093
0.741542
0.468795
0.978687
0.651889
0.238272
0.396945
0.821002
0.108318
0.786718
0.197821
0.974749
0.286248
0.551253
0.975062
0.611549
0.886029
0.863016
0.936641
0.058934
0.305983
0.020902
0.945660
0.834686
0.568386
0.176701
0.065746
0.239842
0.614424
0.098388
0.171143
0.363889
0.498157
0.319450
0.316575
0.675915
0.148508
0.799614
0.641532
0.026499
0.407877
0.182884
0.967740
0.077984
0.109188
0.473787
