0.514015
0.127366
0.086238
0.505168
0.432305
0.950255
0.259800
0.423063
0.396053
0.023978
0.822446
0.055357
0.421180
0.439802
0.141889
0.351273
0.390369
0.468301
0.096987
0.124105
0.996600
0.889767
0.907494
0.001559
0.612960
0.030628
0.955268
0.164628
0.866608
0.675795
0.199708
0.173920
0.894513
0.214830
0.413708
0.601779
0.854955
0.404305
0.896983
0.056883
0.638085
0.589752
0.836458
0.676686
0.309066
0.317872
0.668463
0.802156
0.970964
0.526236
0.732008
0.463875
0.441958
0.819858
0.212962
0.399537
0.175656
0.707904
0.351716
0.608937
0.005764
0.714074
0.392534
0.573557
0.793351
0.373766
0.737917
0.273225
0.820385
0.169877
0.368410
0.193614
0.023129
0.443996
0.467723
0.902098
0.326392
0.036960
0.380119
0.554962
0.653255
0.122687
0.277752
0.435540
0.129537
0.597420
0.857327
0.653155
0.076973
0.576299
0.853380
0.119229
0.667570
0.978267
0.084021
0.108317
0.173693
0.604171
0.786274
0.595233
