0.182940
0.965887
0.853095
0.633972
0.603284
0.883930
0.182357
0.582689
0.350982
0.462174
0.155627
0.771127
0.263479
0.789217
0.511713
0.442524
0.856273
0.124455
0.760575
0.066427
0.862740
0.536066
0.551662
0.650815
0.365555
0.384094
0.812930
0.494038
0.439384
0.038232
0.898399
0.869057
0.694856
0.669957
0.917542
0.787994
0.039625
0.565392
0.987732
0.013457
0.085936
0.884920
0.086201
0.366210
0.739120
0.408800
0.447053
0.567204
0.949549
0.232916
0.021458
0.691287
0.213711
0.200434
0.400260
0.060293
0.910227
0.500604
0.423695
0.663398
0.625987
0.514677
0.619306
0.448934
0.990309
0.938751
0.392947
0.452876
0.175124
0.282126
0.432455
0.993986
0.071339
0.265449
0.345255
0.496181
0.760005
0.590118
0.044307
0.092003
0.318689
0.378589
0.075527
0.477731
0.274111
0.358309
0.917593
0.352954
0.188989
0.414450
0.958868
0.946839
0.887550
0.275039
0.239324
0.695233
0.537462
0.882491
0.432999
0.956236
