0.081325
0.897825
0.869788
0.252888
0.745442
0.651280
0.675707
0.563406
0.154871
0.582597
0.183102
0.236657
0.804337
0.501920
0.303694
0.654173
0.517303
0.495404
0.096175
0.578040
0.034419
0.656164
0.797155
0.342899
0.363260
0.293614
0.785365
0.965186
0.461755
0.891747
0.848562
0.047644
0.903740
0.817614
0.087440
0.190261
0.925978
0.042906
0.347050
0.968510
0.503570
0.768089
0.411517
0.770697
0.368933
0.591845
0.347023
0.892932
0.729506
0.016234
0.728227
0.829046
0.910665
0.452414
0.062623
0.429241
0.102494
0.211548
0.519036
0.325143
0.526560
0.215291
0.408005
0.839259
0.218997
0.090967
0.820247
0.320214
0.163917
0.758705
0.709510
0.047775
0.749122
0.959562
0.389555
0.711100
0.721219
0.777843
0.327855
0.795184
0.275713
0.459068
0.791252
0.341478
0.703879
0.598597
0.055559
0.744631
0.846428
0.403059
0.462652
0.906067
0.949452
0.551270
0.072593
0.837256
0.558985
0.781389
0.186713
0.291134
