0.504748
0.197577
0.938045
0.383298
0.254731
0.213885
0.596466
0.728681
0.608423
0.337425
0.591035
0.066725
0.501408
0.725919
0.439533
0.617735
0.811860
0.985932
0.450900
0.727926
0.960374
0.419352
0.824753
0.902634
0.849694
0.341576
0.611304
0.086874
0.689470
0.576724
0.315588
0.317892
0.435648
0.908348
0.648888
0.409113
0.134598
0.133627
0.340653
0.640091
0.158501
0.917957
0.426798
0.277951
0.203757
0.918459
0.588741
0.968214
0.664160
0.220765
0.846989
0.700941
0.858697
0.060965
0.573002
0.568369
0.092991
0.787175
0.359403
0.285808
0.459771
0.932365
0.966233
0.667268
0.571944
0.180531
0.937048
0.967360
0.464070
0.977990
0.204678
0.524351
0.797112
0.729452
0.434012
0.829325
0.605501
0.172931
0.822045
0.695230
0.239434
0.692690
0.054609
0.568422
0.629551
0.913871
0.621796
0.803491
0.995568
0.785153
0.060885
0.799740
0.608954
0.160969
0.856958
0.607020
0.590669
0.382115
0.194798
0.409621
