0.003019
0.374603
0.474347
0.606165
0.657660
0.295815
0.229637
0.037494
0.961325
0.503582
0.256541
0.508878
0.255759
0.258964
0.283280
0.007617
0.493242
0.588366
0.148999
0.589070
0.557552
0.311894
0.218891
0.516136
0.302333
0.355291
0.271600
0.302134
0.143534
0.717651
0.586229
0.828171
0.747593
0.600235
0.568907
0.398348
0.355769
0.383975
0.377295
0.662028
0.493470
0.082010
0.377194
0.684938
0.908420
0.878850
0.039470
0.925946
0.888966
0.601980
0.510558
0.097316
0.581730
0.183849
0.848169
0.968510
0.155960
0.729851
0.535833
0.780753
0.734378
0.207435
0.190364
0.043510
0.536244
0.705769
0.463951
0.287696
0.450410
0.810459
0.321427
0.233845
0.797880
0.872385
0.119580
0.877021
0.172290
0.480427
0.472143
0.422007
0.587396
0.160383
0.001079
0.590987
0.243604
0.108530
0.994896
0.438809
0.214340
0.824357
0.859330
0.781062
0.945484
0.972081
0.362083
0.140273
0.653671
0.253564
0.434019
0.459437
