0.808956
0.635243
0.764225
0.327672
0.192618
0.964291
0.332881
0.573084
0.589513
0.974309
0.759208
0.262785
0.313510
0.678146
0.781685
0.726033
0.708408
0.459278
0.707282
0.520496
0.517441
0.649695
0.287331
0.005888
0.553316
0.836202
0.272756
0.320660
0.033892
0.680614
0.132440
0.475988
0.373745
0.727451
0.944286
0.686751
0.707383
0.558205
0.490854
0.224606
0.195287
0.194542
0.253538
0.039002
0.688153
0.737402
0.362722
0.519634
0.107078
0.622164
0.766074
0.728144
0.855996
0.691058
0.979098
0.674454
0.597663
0.912675
0.326609
0.374380
0.342401
0.249977
0.495038
0.710468
0.696860
0.886608
0.721386
0.778110
0.914247
0.376086
0.544896
0.443626
0.939949
0.933111
0.029277
0.413569
0.611467
0.172458
0.612201
0.299737
0.904235
0.095116
0.862889
0.132359
0.831916
0.817444
0.399824
0.914668
0.402178
0.550822
0.040139
0.610894
0.996259
0.301056
0.512021
0.931422
0.920799
0.142268
0.434275
0.888220
