0.577695
0.662592
0.826154
0.626383
0.272552
0.665593
0.061731
0.789535
0.992739
0.269019
0.174992
0.379373
0.765104
0.286193
0.509595
0.914664
0.086699
0.832158
0.674833
0.876379
0.442597
0.347614
0.960564
0.251227
0.754802
0.287123
0.121734
0.817418
0.411414
0.784053
0.317045
0.995813
0.525132
0.419899
0.921017
0.356351
0.826897
0.439060
0.287544
0.828489
0.080744
0.214953
0.901010
0.755033
0.683042
0.535772
0.428303
0.509294
0.717343
0.554825
0.616686
0.288071
0.284578
0.786375
0.573039
0.384866
0.659149
0.149409
0.715422
0.943709
0.771427
0.257715
0.955906
0.139914
0.890466
0.924865
0.355199
0.307201
0.918422
0.440556
0.891219
0.348316
0.792484
0.341252
0.539241
0.503132
0.187582
0.424783
0.114249
0.207819
0.333181
0.761091
0.642133
0.948621
0.392085
0.353979
0.059917
0.131207
0.757100
0.554857
0.290302
0.910122
0.537994
0.945586
0.866657
0.127979
0.843637
0.013631
0.792615
0.317964
