0.652741
0.370932
0.675233
0.737381
0.245273
0.178838
0.662037
0.817546
0.519414
0.732098
0.130800
0.716681
0.302615
0.454806
0.686249
0.223210
0.259579
0.983077
0.113357
0.553301
0.347201
0.534387
0.562865
0.526339
0.462977
0.062205
0.746020
0.817620
0.133357
0.244695
0.413560
0.072374
0.640814
0.686451
0.101421
0.845659
0.333692
0.156026
0.804763
0.694555
0.663369
0.820995
0.960546
0.757542
0.302462
0.551984
0.050010
0.974027
0.803588
0.456147
0.752056
0.149821
0.942613
0.882305
0.001345
0.902430
0.771351
0.300231
0.652018
0.352818
0.356781
0.248336
0.589221
0.494220
0.198900
0.073100
0.764921
0.871175
0.148357
0.088396
0.295963
0.164304
0.723431
0.687722
0.207511
0.524304
0.840678
0.352220
0.282162
0.243548
0.542290
0.666203
0.265081
0.571534
0.334617
0.122168
0.253311
0.955658
0.178108
0.074203
0.628509
0.593327
0.295569
0.634284
0.735959
0.653747
0.560707
0.684840
0.877262
0.744559
