0.121008
0.192636
0.692972
0.354202
0.615186
0.856170
0.997784
0.293621
0.065068
0.921151
0.601170
0.917988
0.484268
0.954762
0.546159
0.100777
0.654068
0.267822
0.723080
0.257809
0.761404
0.447340
0.040299
0.120220
0.723077
0.295797
0.453310
0.117839
0.168247
0.484428
0.488178
0.837794
0.451906
0.152032
0.518707
0.182715
0.570453
0.903476
0.167018
0.412429
0.303112
0.109687
0.217362
0.352800
0.843895
0.431284
0.917499
0.925090
0.556425
0.928082
0.808014
0.228082
0.175216
0.638852
0.269047
0.568117
0.488832
0.325558
0.852595
0.905298
0.457138
0.976826
0.942637
0.525961
0.143277
0.692304
0.804529
0.389012
0.622700
0.598066
0.996654
0.236016
0.430687
0.434139
0.132724
0.627201
0.377572
0.783971
0.586745
0.309528
0.347139
0.212784
0.132257
0.561909
0.449369
0.250858
0.319272
0.428622
0.205522
0.896596
0.485302
0.246951
0.546569
0.528074
0.665878
0.023966
0.646325
0.849260
0.727187
0.045264
