0.235156
0.682252
0.048371
0.029995
0.723615
0.965226
0.571790
0.011796
0.516815
0.277025
0.578479
0.976711
0.638094
0.020995
0.046379
0.176132
0.424310
0.631847
0.312561
0.799986
0.108539
0.828785
0.427928
0.812929
0.175656
0.619215
0.352144
0.403699
0.297329
0.055459
0.566883
0.259473
0.505824
0.110377
0.625264
0.090472
0.728490
0.771252
0.527571
0.209054
0.197565
0.235245
0.416476
0.018777
0.400059
0.040688
0.752429
0.792689
0.429379
0.802438
0.369966
0.347530
0.291031
0.575940
0.992559
0.876655
0.760944
0.660635
0.599332
0.061985
0.173023
0.216573
0.567259
0.264817
0.732093
0.171772
0.757160
0.583124
0.761717
0.658895
0.966050
0.247043
0.100521
0.688987
0.567987
0.273302
0.552316
0.628199
0.785983
0.848969
0.817937
0.563302
0.811384
0.499765
0.798763
0.958220
0.730038
0.795768
0.379444
0.161551
0.719940
0.319777
0.671087
0.346254
0.812692
0.127473
0.220396
0.611317
0.410426
0.024097
