0.876447
0.817933
0.405606
0.266612
0.239781
0.427869
0.362342
0.558373
0.719559
0.786272
0.855759
0.645174
0.937221
0.566714
0.788422
0.003220
0.756549
0.074921
0.180714
0.040578
0.107913
0.545494
0.186598
0.290446
0.600389
0.457038
0.708597
0.537273
0.497075
0.460636
0.758227
0.505146
0.419758
0.801854
0.158104
0.969418
0.044929
0.850077
0.108269
0.309103
0.630137
0.759591
0.943333
0.942963
0.201623
0.852198
0.075110
0.111662
0.971960
0.765648
0.684319
0.308899
0.382724
0.052676
0.716547
0.821564
0.010077
0.838605
0.891687
0.756129
0.631941
0.586518
0.758988
0.203490
0.077647
0.641049
0.805167
0.909027
0.531469
0.503525
0.858671
0.951819
0.984934
0.290316
0.198755
0.893910
0.602625
0.579166
0.887342
0.869882
0.992562
0.046226
0.800206
0.372467
0.506319
0.128941
0.270026
0.056230
0.864256
0.803925
0.934498
0.509998
0.845712
0.045853
0.478188
0.592531
0.546187
0.285025
0.569610
0.642929
