0.795000
0.618175
0.819167
0.952141
0.789450
0.181653
0.780363
0.646896
0.590585
0.027964
0.775338
0.476982
0.192039
0.809087
0.779330
0.780439
0.094194
0.888546
0.575074
0.422853
0.216516
0.927153
0.284336
0.703657
0.551711
0.822501
0.892736
0.625491
0.223087
0.064999
0.649598
0.266401
0.969889
0.400461
0.137304
0.950205
0.057747
0.839641
0.249705
0.133207
0.861991
0.168277
0.539756
0.172180
0.499602
0.154896
0.945592
0.401254
0.496589
0.654315
0.799005
0.345100
0.479268
0.256663
0.054408
0.191134
0.316020
0.133511
0.666676
0.746918
0.372071
0.139785
0.035155
0.498657
0.922419
0.622761
0.436083
0.776816
0.603320
0.404659
0.013091
0.302687
0.055514
0.846569
0.923153
0.016439
0.128108
0.092615
0.850123
0.259475
0.649360
0.762135
0.628794
0.892731
0.289262
0.620720
0.423667
0.236126
0.904575
0.942735
0.407218
0.524420
0.547628
0.908150
0.457217
0.485412
0.277416
0.945536
0.822813
0.199802
