0.847444
0.655513
0.132610
0.338653
0.271554
0.084306
0.190130
0.813956
0.716605
0.935610
0.211177
0.004560
0.719532
0.354501
0.899032
0.658174
0.140759
0.382175
0.246938
0.820094
0.412150
0.250381
0.996505
0.834610
0.373889
0.460247
0.598761
0.152161
0.925156
0.651399
0.786281
0.697671
0.068462
0.136007
0.427656
0.011190
0.349833
0.802865
0.311263
0.858690
0.710716
0.605791
0.512318
0.816764
0.986370
0.079817
0.263854
0.807082
0.069344
0.055732
0.412605
0.254443
0.446083
0.881139
0.395675
0.666790
0.469368
0.499390
0.593206
0.724244
0.833804
0.655273
0.216036
0.604924
0.901519
0.081227
0.235790
0.382656
0.102413
0.565150
0.237460
0.373462
0.880186
0.232674
0.919603
0.253956
0.284980
0.484825
0.630863
0.852792
0.124534
0.718138
0.581270
0.511824
0.349239
0.823721
0.629053
0.904110
0.868333
0.244348
0.947421
0.010458
0.683509
0.619391
0.548602
0.077076
0.575474
0.433097
0.442845
0.563224
