0.362855
0.556001
0.801992
0.571152
0.264085
0.632377
0.319583
0.183573
0.938359
0.251285
0.888065
0.532789
0.951097
0.088648
0.891792
0.060819
0.130448
0.843297
0.029518
0.966796
0.487534
0.007590
0.371009
0.381986
0.996696
0.470931
0.636703
0.370203
0.164631
0.800375
0.729299
0.864252
0.601669
0.954168
0.676268
0.196350
0.820713
0.121026
0.417213
0.967753
0.825058
0.352973
0.654881
0.195120
0.807150
0.189524
0.101816
0.201276
0.551423
0.943252
0.711562
0.460797
0.897822
0.688364
0.548150
0.514066
0.521641
0.878115
0.729369
0.019243
0.422813
0.183500
0.993439
0.098370
0.212819
0.317583
0.465945
0.753139
0.858816
0.451155
0.026470
0.467695
0.881072
0.641803
0.679732
0.857037
0.074912
0.843108
0.500302
0.126946
0.291596
0.377708
0.650071
0.482165
0.862722
0.085973
0.725036
0.573809
0.256985
0.997169
0.495586
0.378329
0.119285
0.850723
0.626776
0.029150
0.684336
0.567190
0.016290
0.317918
