0.592249
0.404968
0.872097
0.089045
0.884373
0.081492
0.543090
0.243301
0.604025
0.517140
0.004940
0.607556
0.785166
0.169441
0.265883
0.436415
0.556311
0.189634
0.130677
0.079138
0.559832
0.556735
0.401441
0.431545
0.997503
0.426690
0.593065
0.790314
0.182739
0.712319
0.151621
0.848758
0.773411
0.191334
0.140788
0.837620
0.762081
0.667916
0.482872
0.427410
0.935221
0.460447
0.080833
0.396936
0.661212
0.374439
0.398040
0.304358
0.580566
0.953453
0.559892
0.028618
0.795536
0.082888
0.790480
0.259500
0.296979
0.951420
0.757151
0.467295
0.648227
0.358004
0.242022
0.692925
0.470510
0.618884
0.238441
0.913932
0.172664
0.207278
0.583776
0.831917
0.170308
0.851739
0.861613
0.217861
0.463376
0.304710
0.422193
0.126620
0.332445
0.744565
0.605644
0.255881
0.863663
0.755734
0.098281
0.254327
0.852834
0.346147
0.290173
0.128952
0.866450
0.533876
0.731124
0.453197
0.348756
0.261840
0.811582
0.237367
