0.916000
0.293885
0.737937
0.115592
0.749413
0.904724
0.032375
0.510958
0.958848
0.558383
0.291669
0.059333
0.771600
0.067771
0.523007
0.123459
0.729286
0.177369
0.590137
0.866154
0.527461
0.413382
0.902511
0.288178
0.265038
0.367852
0.830727
0.687398
0.187882
0.821839
0.325684
0.319169
0.248214
0.987322
0.066589
0.184575
0.276123
0.476404
0.814399
0.033729
0.894410
0.085239
0.565175
0.971481
0.635287
0.873146
0.209907
0.775623
0.693425
0.093137
0.850671
0.256593
0.609134
0.174497
0.697569
0.904448
0.662709
0.119703
0.133731
0.518804
0.910724
0.293565
0.030717
0.244221
0.476964
0.179826
0.778784
0.302793
0.844873
0.515215
0.386280
0.695429
0.803502
0.135134
0.406455
0.038202
0.026947
0.088308
0.466964
0.856327
0.274870
0.658603
0.402489
0.686833
0.465706
0.988112
0.350685
0.948856
0.289288
0.079722
0.886200
0.472302
0.070276
0.672746
0.639090
0.999467
0.186268
0.504879
0.909311
0.433855
