0.431239
0.795422
0.608092
0.594576
0.889624
0.384263
0.788347
0.407935
0.990604
0.204298
0.659899
0.529741
0.469397
0.749590
0.313568
0.113312
0.604706
0.913819
0.929798
0.259018
0.392254
0.805550
0.113905
0.018601
0.991205
0.163841
0.449237
0.841393
0.186235
0.730569
0.275253
0.528689
0.748839
0.248831
0.061538
0.799290
0.916990
0.638638
0.303536
0.494024
0.232438
0.694984
0.341418
0.627192
0.052080
0.531950
0.991504
0.715130
0.306299
0.426561
0.933964
0.563869
0.378066
0.004407
0.415406
0.288348
0.903567
0.310422
0.495503
0.103401
0.655085
0.637318
0.325708
0.962485
0.038438
0.061726
0.323883
0.175429
0.172825
0.302205
0.270393
0.305379
0.572679
0.737903
0.310173
0.128055
0.164713
0.551445
0.863482
0.358101
0.469411
0.863236
0.106915
0.768339
0.107423
0.894291
0.274722
0.329146
0.920122
0.885630
0.401651
0.024835
0.905191
0.738706
0.673288
0.828380
0.044056
0.494373
0.255053
0.789438
