0.869661
0.874615
0.912309
0.173292
0.212277
0.082299
0.912543
0.030386
0.122403
0.471913
0.664005
0.467530
0.515244
0.357405
0.707994
0.460771
0.579260
0.946636
0.644671
0.336857
0.163681
0.405336
0.102522
0.300274
0.431106
0.086354
0.606057
0.022427
0.888620
0.433049
0.856896
0.815294
0.930073
0.754580
0.718943
0.422799
0.247215
0.449079
0.194148
0.065462
0.977454
0.772864
0.201207
0.415591
0.167141
0.099278
0.098067
0.426629
0.856448
0.993537
0.844002
0.069665
0.766565
0.941025
0.037272
0.672122
0.510479
0.890219
0.828399
0.794955
0.210870
0.953477
0.891916
0.034766
0.857414
0.327450
0.570444
0.949103
0.332745
0.184664
0.119635
0.234939
0.476130
0.719106
0.473633
0.696249
0.189150
0.015746
0.380861
0.578174
0.359580
0.094512
0.301673
0.257375
0.154031
0.951131
0.789094
0.100593
0.834887
0.947641
0.998588
0.085842
0.868057
0.213012
0.398471
0.738159
0.709652
0.624123
0.904360
0.786473
