0.345588
0.113009
0.708254
0.605740
0.048466
0.106333
0.518257
0.666852
0.400076
0.234340
0.929735
0.353497
0.885514
0.950182
0.803881
0.161579
0.600462
0.604902
0.920095
0.094201
0.656383
0.017724
0.611899
0.660082
0.188295
0.587339
0.012106
0.483683
0.514786
0.369500
0.030210
0.286028
0.613701
0.660094
0.433440
0.186800
0.722967
0.603067
0.286493
0.110228
0.600876
0.765428
0.762151
0.018665
0.954180
0.395288
0.763622
0.806413
0.870105
0.798206
0.782585
0.047352
0.949374
0.160228
0.353192
0.271457
0.992132
0.450624
0.177250
0.331573
0.683556
0.576580
0.795328
0.563573
0.568499
0.575316
0.903389
0.220889
0.834202
0.664100
0.552423
0.871549
0.413821
0.655722
0.597397
0.264721
0.233559
0.381181
0.903845
0.356431
0.668777
0.755371
0.915129
0.858394
0.524967
0.795760
0.293903
0.358944
0.953399
0.999831
0.460839
0.849034
0.918465
0.910697
0.567818
0.816307
0.892039
0.661897
0.204405
0.418200
