0.464761
0.493816
0.110930
0.049076
0.053078
0.520990
0.074329
0.488674
0.769233
0.561803
0.570550
0.484029
0.311628
0.753528
0.785003
0.999207
0.729523
0.697201
0.732636
0.242359
0.453593
0.010163
0.775593
0.373210
0.185122
0.237137
0.003250
0.894689
0.162533
0.567771
0.832580
0.962298
0.079210
0.809742
0.977439
0.815387
0.814751
0.144468
0.994523
0.305254
0.637298
0.227699
0.513179
0.789026
0.543150
0.943175
0.827476
0.757523
0.115133
0.907246
0.505567
0.824890
0.681141
0.113315
0.863280
0.066308
0.265670
0.785761
0.741851
0.694976
0.608520
0.144379
0.882961
0.540738
0.686870
0.593155
0.325234
0.687582
0.877039
0.348348
0.249793
0.495462
0.157441
0.428880
0.203588
0.964615
0.821306
0.971521
0.255432
0.805270
0.434603
0.638573
0.362464
0.042255
0.961891
0.475405
0.224143
0.191993
0.617810
0.148769
0.453833
0.329980
0.887978
0.003281
0.028955
0.957747
0.182092
0.028543
0.179993
0.302727
