0.027809
0.778248
0.670838
0.627878
0.421858
0.610224
0.288559
0.565772
0.725066
0.029636
0.782572
0.567978
0.172884
0.480193
0.919375
0.539286
0.343200
0.143451
0.477840
0.251951
0.850432
0.077438
0.327479
0.998001
0.966345
0.589048
0.139042
0.599136
0.524872
0.721322
0.033250
0.076575
0.935038
0.298046
0.561514
0.204937
0.759921
0.641390
0.244775
0.303134
0.423406
0.660660
0.731837
0.503631
0.007453
0.943241
0.623063
0.375583
0.831254
0.407641
0.310107
0.742711
0.372485
0.124607
0.151448
0.659994
0.662599
0.794863
0.435069
0.646388
0.211615
0.733034
0.891395
0.946697
0.518381
0.366058
0.399510
0.387178
0.697563
0.371176
0.052498
0.133410
0.836805
0.974844
0.620183
0.947507
0.719421
0.752757
0.460341
0.564620
0.962839
0.422787
0.477400
0.897004
0.308522
0.606539
0.295916
0.822221
0.960866
0.060560
0.597259
0.426529
0.518547
0.550501
0.192133
0.379308
0.660388
0.375587
0.769823
0.964548
