0.354693
0.973976
0.208477
0.934891
0.709439
0.836823
0.397608
0.419815
0.459032
0.980335
0.614035
0.603814
0.136997
0.781479
0.803337
0.098675
0.802279
0.000733
0.916739
0.464953
0.842001
0.418548
0.453495
0.944284
0.403692
0.431706
0.640442
0.310535
0.306381
0.254537
0.381427
0.628286
0.952063
0.208113
0.736727
0.869027
0.513103
0.241359
0.008199
0.871170
0.118879
0.100869
0.763772
0.930735
0.005302
0.613412
0.003550
0.909072
0.080123
0.756654
0.277901
0.658384
0.846375
0.766368
0.455628
0.220820
0.515670
0.777134
0.532877
0.032826
0.294992
0.787654
0.810991
0.799511
0.789434
0.488603
0.595346
0.707673
0.231968
0.705243
0.314921
0.484692
0.057366
0.421204
0.278452
0.073377
0.069351
0.485860
0.267972
0.383824
0.798678
0.769952
0.765269
0.551470
0.237732
0.056692
0.449859
0.448959
0.582155
0.346993
0.458574
0.481796
0.622891
0.832807
0.620324
0.932504
0.353815
0.195233
0.776689
0.184324
