0.728421
0.751994
0.361960
0.393007
0.376897
0.068357
0.130676
0.816935
0.881111
0.816197
0.678579
0.718087
0.108525
0.026213
0.732396
0.402723
0.298075
0.221125
0.606379
0.687549
0.718007
0.450576
0.317991
0.136031
0.974879
0.197130
0.900700
0.129080
0.458957
0.031346
0.222390
0.631334
0.171725
0.837408
0.378411
0.431248
0.827147
0.458655
0.046909
0.769384
0.677655
0.835648
0.174082
0.786826
0.619488
0.534210
0.344769
0.130448
0.869424
0.000838
0.704641
0.137978
0.960904
0.564095
0.786999
0.414385
0.729520
0.017114
0.586330
0.650164
0.814353
0.221667
0.569515
0.916826
0.038575
0.859191
0.895777
0.694138
0.110631
0.167972
0.183093
0.633079
0.845607
0.716632
0.121940
0.537186
0.634856
0.889997
0.427972
0.618755
0.930525
0.981214
0.884579
0.948250
0.213370
0.226812
0.751284
0.693299
0.853203
0.265106
0.968712
0.445485
0.150012
0.490313
0.958590
0.243325
0.114744
0.150502
0.336503
0.676413
