0.567152
0.441686
0.755578
0.294953
0.598743
0.456270
0.308004
0.632754
0.377305
0.200809
0.262344
0.074390
0.102011
0.775630
0.716325
0.919606
0.229706
0.335312
0.760852
0.922403
0.596459
0.412243
0.343566
0.866780
0.148479
0.893901
0.517158
0.993649
0.333147
0.493265
0.805911
0.637580
0.089256
0.414973
0.637193
0.761893
0.990270
0.129202
0.424726
0.858280
0.539445
0.163281
0.132818
0.172252
0.076278
0.023948
0.894802
0.027008
0.438473
0.660333
0.166056
0.717673
0.154994
0.898594
0.026688
0.779556
0.014119
0.180920
0.537291
0.527842
0.532606
0.428435
0.833335
0.524060
0.785238
0.672344
0.576367
0.824457
0.294786
0.459699
0.391331
0.525685
0.063041
0.476502
0.439585
0.565101
0.853592
0.373737
0.539562
0.611042
0.229231
0.988478
0.842570
0.494694
0.543517
0.344399
0.535465
0.951606
0.190334
0.476215
0.392156
0.790685
0.106638
0.165538
0.695981
0.679718
0.350175
0.817602
0.814414
0.369315
