0.982767
0.290507
0.659510
0.996337
0.307998
0.299666
0.584139
0.769071
0.672955
0.679077
0.080538
0.613968
0.394750
0.106733
0.395309
0.136470
0.598352
0.092575
0.959895
0.415752
0.791934
0.582465
0.819444
0.822882
0.915029
0.136502
0.514044
0.983636
0.817168
0.351926
0.928580
0.632255
0.873287
0.916073
0.151423
0.604021
0.285717
0.494951
0.195854
0.055161
0.071699
0.909679
0.540050
0.673148
0.415655
0.866188
0.109599
0.555975
0.723725
0.575725
0.725922
0.565494
0.870190
0.964287
0.777329
0.947697
0.456320
0.466563
0.652586
0.377091
0.898883
0.538834
0.568286
0.047811
0.165933
0.801888
0.133781
0.901557
0.842142
0.360641
0.078425
0.548515
0.635020
0.315145
0.547357
0.740611
0.692777
0.857183
0.883814
0.274717
0.736812
0.269988
0.845485
0.298097
0.184852
0.263732
0.185175
0.738936
0.326372
0.218721
0.425306
0.627370
0.502637
0.607250
0.289082
0.513523
0.477120
0.187335
0.058814
0.999290
