0.244012
0.499610
0.751667
0.982764
0.404954
0.059862
0.201564
0.493121
0.578772
0.264497
0.617436
0.106095
0.425562
0.123862
0.543233
0.239085
0.567740
0.117591
0.775355
0.902390
0.758063
0.961756
0.464852
0.790099
0.623121
0.634530
0.077333
0.903541
0.825748
0.872955
0.086578
0.585837
0.495964
0.752775
0.966692
0.789793
0.430865
0.274742
0.258221
0.794087
0.217084
0.872028
0.890436
0.313178
0.325218
0.377122
0.078131
0.365938
0.695405
0.821018
0.248241
0.498578
0.643444
0.302106
0.846159
0.800295
0.054692
0.261027
0.724013
0.753640
0.058536
0.560646
0.185493
0.987650
0.424606
0.315908
0.039162
0.355298
0.056857
0.305059
0.844567
0.465093
0.629938
0.273482
0.745036
0.137283
0.329436
0.481791
0.755800
0.650833
0.757923
0.326552
0.724268
0.204963
0.252054
0.885345
0.811099
0.696922
0.861522
0.024879
0.629140
0.149865
0.418382
0.119515
0.773538
0.543535
0.496977
0.901899
0.474402
0.790925
