0.574444
0.811463
0.323888
0.902474
0.380610
0.967053
0.416260
0.548029
0.540423
0.605221
0.860514
0.986853
0.414479
0.705069
0.627523
0.794679
0.348192
0.472107
0.848487
0.309321
0.704973
0.068340
0.062615
0.991401
0.850582
0.634021
0.854231
0.881932
0.320194
0.639833
0.986860
0.025361
0.373139
0.988874
0.372336
0.080028
0.291786
0.655142
0.712884
0.849387
0.990531
0.556085
0.542123
0.329286
0.774264
0.313097
0.809643
0.370724
0.268879
0.811995
0.690849
0.380045
0.750546
0.127721
0.903957
0.206382
0.686199
0.514106
0.853153
0.779584
0.758306
0.094330
0.712567
0.244169
0.775969
0.251323
0.144235
0.357371
0.623909
0.195504
0.049163
0.756111
0.383782
0.685667
0.112578
0.913105
0.809250
0.844389
0.384795
0.531261
0.151747
0.773408
0.286282
0.685931
0.574970
0.160823
0.531926
0.581241
0.714590
0.415954
0.609829
0.418106
0.329189
0.409877
0.099191
0.915179
0.204032
0.855276
0.139381
0.620232
