0.341750
0.570964
0.154773
0.576033
0.950430
0.726198
0.129976
0.568096
0.332187
0.055872
0.686206
0.519262
0.642986
0.913633
0.065218
0.912552
0.133010
0.076331
0.615033
0.912492
0.996134
0.467785
0.795960
0.557747
0.592367
0.073295
0.206427
0.600062
0.479884
0.340486
0.600863
0.774371
0.458005
0.048712
0.237107
0.401738
0.972721
0.978817
0.067156
0.641646
0.377296
0.186522
0.162369
0.000175
0.446181
0.788076
0.470372
0.917429
0.775130
0.164736
0.362224
0.555650
0.611295
0.739854
0.584860
0.311281
0.496234
0.429230
0.378082
0.607171
0.000541
0.629882
0.861959
0.009852
0.790047
0.090479
0.811357
0.177566
0.706091
0.854646
0.620921
0.847270
0.963771
0.866987
0.952624
0.181947
0.969504
0.929302
0.636955
0.885195
0.172033
0.299635
0.859394
0.633273
0.449093
0.465406
0.812074
0.977218
0.714585
0.025532
0.994353
0.397663
0.604145
0.696471
0.842352
0.895068
0.966935
0.037085
0.507413
0.831089
