0.980033
0.635780
0.753498
0.870312
0.715771
0.969027
0.488018
0.537006
0.299692
0.590124
0.173710
0.399848
0.160363
0.360656
0.582921
0.484450
0.499630
0.180821
0.615427
0.961780
0.236820
0.306877
0.120869
0.479130
0.610168
0.409367
0.768128
0.700740
0.755892
0.099419
0.147438
0.999019
0.506922
0.020420
0.433445
0.037141
0.198650
0.670909
0.371912
0.303400
0.602146
0.830312
0.311667
0.473951
0.169012
0.266250
0.547616
0.855960
0.063656
0.364745
0.320071
0.135510
0.768809
0.151602
0.232535
0.742879
0.102091
0.423229
0.545162
0.162405
0.603768
0.018727
0.091500
0.544882
0.392120
0.942034
0.720269
0.895961
0.614000
0.774968
0.009479
0.300135
0.229972
0.565304
0.358369
0.691698
0.979879
0.689701
0.759899
0.877279
0.111794
0.702818
0.426053
0.102579
0.220039
0.614442
0.473438
0.916469
0.088980
0.180005
0.479333
0.864771
0.223403
0.274117
0.515030
0.540168
0.502254
0.213288
0.831439
0.618165
