0.446200
0.076683
0.451082
0.038017
0.838954
0.985681
0.716835
0.217236
0.645666
0.314545
0.473087
0.866907
0.643683
0.926343
0.879442
0.795190
0.205398
0.648471
0.732527
0.332894
0.925366
0.325618
0.257176
0.332264
0.245842
0.506616
0.695701
0.075098
0.627828
0.387769
0.101969
0.866773
0.923837
0.923102
0.390062
0.204182
0.453650
0.329903
0.331307
0.721231
0.739655
0.160506
0.160079
0.091333
0.770003
0.306595
0.423101
0.653920
0.501841
0.712051
0.517682
0.686748
0.022066
0.709211
0.037770
0.752602
0.280333
0.142470
0.802251
0.870686
0.457816
0.878278
0.669272
0.104036
0.523984
0.581041
0.172806
0.213745
0.759316
0.519452
0.807548
0.238953
0.553783
0.832418
0.910975
0.580421
0.456507
0.883089
0.778135
0.838936
0.825428
0.398796
0.252206
0.432366
0.411255
0.287238
0.571943
0.549495
0.540767
0.905587
0.057247
0.558295
0.292920
0.674752
0.956327
0.636458
0.152595
0.596165
0.367812
0.761127
