0.326859
0.047708
0.857247
0.419490
0.438268
0.180991
0.620529
0.451796
0.059890
0.739731
0.270882
0.878292
0.683728
0.105291
0.317993
0.397282
0.936255
0.866675
0.971568
0.963969
0.395733
0.701350
0.174292
0.153922
0.685686
0.582400
0.896437
0.672254
0.116561
0.140158
0.238504
0.104538
0.906505
0.685023
0.025121
0.245902
0.243705
0.699577
0.652865
0.181811
0.047824
0.027842
0.391232
0.471653
0.063110
0.089325
0.347531
0.232413
0.945990
0.261816
0.252461
0.657728
0.877157
0.495945
0.310149
0.758830
0.938363
0.806430
0.359633
0.197727
0.289917
0.216152
0.049281
0.514449
0.048335
0.567142
0.203103
0.091086
0.259127
0.638353
0.430065
0.923400
0.292043
0.779340
0.545651
0.571454
0.834349
0.738616
0.834958
0.733816
0.680658
0.123682
0.724798
0.334247
0.203145
0.078587
0.296817
0.724905
0.285912
0.975772
0.725409
0.115047
0.205527
0.908878
0.413111
0.845257
0.993267
0.398509
0.809765
0.426934
