0.774299
0.941286
0.147365
0.110357
0.060002
0.301699
0.710832
0.401644
0.260928
0.198163
0.931175
0.267839
0.074295
0.805616
0.247338
0.239105
0.014992
0.359050
0.961544
0.568355
0.861143
0.711327
0.645663
0.909872
0.604376
0.012046
0.538421
0.398933
0.159752
0.521205
0.191626
0.253468
0.129189
0.313658
0.088812
0.931236
0.916992
0.993371
0.625465
0.369758
0.067943
0.153302
0.957049
0.025560
0.679336
0.827810
0.846096
0.914981
0.731383
0.285366
0.663019
0.529612
0.690475
0.719093
0.880898
0.964297
0.520806
0.572433
0.960471
0.927591
0.372906
0.539711
0.952297
0.175160
0.142457
0.370805
0.270409
0.898319
0.839629
0.687003
0.023240
0.799783
0.277584
0.610863
0.630892
0.807421
0.217188
0.335097
0.225936
0.293533
0.152026
0.178154
0.416886
0.540858
0.486576
0.703274
0.475556
0.891830
0.856339
0.578006
0.655195
0.787164
0.643671
0.435825
0.294015
0.864180
0.864837
0.266426
0.501192
0.818972
