0.902225
0.805800
0.078919
0.154386
0.956259
0.481654
0.138311
0.800995
0.488127
0.293231
0.240156
0.352889
0.707288
0.110275
0.615252
0.414620
0.056717
0.129435
0.113457
0.494492
0.074640
0.034751
0.299100
0.229368
0.137037
0.686662
0.151009
0.715974
0.700317
0.998598
0.245244
0.892561
0.841551
0.380930
0.653766
0.635077
0.982204
0.994475
0.509446
0.444703
0.357317
0.879571
0.613214
0.908475
0.600341
0.217889
0.405932
0.036307
0.717188
0.838256
0.460783
0.286107
0.177826
0.037432
0.735197
0.435389
0.548314
0.342126
0.971568
0.745132
0.017673
0.361510
0.225276
0.467929
0.324736
0.180594
0.498111
0.763687
0.967749
0.035926
0.307979
0.437369
0.797761
0.584354
0.247801
0.454456
0.997552
0.023931
0.034677
0.033644
0.102231
0.675304
0.709969
0.127260
0.360860
0.152721
0.176631
0.499793
0.045009
0.417299
0.038195
0.024467
0.107723
0.868294
0.716428
0.893618
0.433566
0.540118
0.192596
0.946597
