0.893650
0.197403
0.071095
0.938571
0.236972
0.041328
0.984297
0.806047
0.444611
0.282453
0.106635
0.170618
0.353646
0.059959
0.646261
0.593819
0.390474
0.924223
0.480893
0.539017
0.938401
0.724673
0.691336
0.310753
0.931766
0.360308
0.058604
0.146980
0.700962
0.071647
0.567001
0.793984
0.475514
0.813653
0.078397
0.299149
0.053372
0.774495
0.867517
0.313440
0.738044
0.814209
0.094898
0.076928
0.773910
0.568169
0.625261
0.740775
0.435612
0.851046
0.043598
0.017108
0.257214
0.923210
0.165235
0.226915
0.234686
0.781272
0.165651
0.825804
0.806102
0.313749
0.750737
0.547611
0.576366
0.386191
0.071620
0.079883
0.041453
0.430464
0.751322
0.736559
0.126104
0.667945
0.102936
0.418194
0.128194
0.906374
0.958594
0.028668
0.574320
0.951745
0.226444
0.359934
0.261318
0.223717
0.082330
0.820660
0.746355
0.823609
0.279209
0.950456
0.241947
0.464778
0.864367
0.421947
0.563426
0.967242
0.273081
0.801209
