0.019300
0.674367
0.340823
0.640097
0.101416
0.415706
0.324798
0.528275
0.774089
0.210878
0.774930
0.228448
0.741023
0.451750
0.408452
0.371028
0.435525
0.071504
0.505814
0.154862
0.311438
0.655446
0.787846
0.645599
0.372037
0.895572
0.518575
0.728670
0.789005
0.835207
0.704998
0.304754
0.919099
0.478550
0.703770
0.916631
0.755553
0.934828
0.026543
0.660810
0.496790
0.315136
0.277756
0.850998
0.013443
0.352209
0.077325
0.562917
0.599501
0.089979
0.124927
0.625578
0.913897
0.671556
0.344626
0.566694
0.046068
0.459420
0.328550
0.458161
0.196330
0.696796
0.403470
0.319658
0.574513
0.672147
0.384369
0.496773
0.979371
0.658702
0.028017
0.732810
0.110161
0.871505
0.326396
0.211299
0.901261
0.759281
0.015090
0.929362
0.274181
0.414105
0.674399
0.770861
0.012088
0.126600
0.267275
0.705684
0.904606
0.800355
0.265279
0.824515
0.875586
0.246929
0.306333
0.385090
0.992703
0.835770
0.060881
0.702185
