0.570605
0.756395
0.611451
0.919945
0.171173
0.825935
0.448799
0.816562
0.623353
0.809331
0.576730
0.836242
0.632177
0.978797
0.975997
0.807721
0.689283
0.599518
0.271179
0.293403
0.734970
0.531695
0.181754
0.699834
0.188256
0.042941
0.252401
0.486907
0.032613
0.361049
0.768616
0.912758
0.411036
0.585664
0.563237
0.729206
0.083540
0.840555
0.014503
0.636643
0.037174
0.199582
0.484738
0.304966
0.581833
0.253769
0.569276
0.251298
0.823134
0.869221
0.490877
0.997835
0.741899
0.834953
0.281596
0.919256
0.668282
0.107312
0.305445
0.510382
0.998155
0.078348
0.879352
0.611859
0.966887
0.782411
0.838042
0.608993
0.502355
0.338320
0.145688
0.275387
0.111029
0.458562
0.494361
0.151115
0.951485
0.151313
0.176909
0.262094
0.335126
0.804584
0.229035
0.590040
0.471698
0.093615
0.420967
0.598545
0.428512
0.661808
0.996663
0.881696
0.564201
0.615333
0.336195
0.426820
0.965773
0.326905
0.707419
0.467325
