0.842065
0.091148
0.774000
0.060011
0.033840
0.712249
0.681540
0.889155
0.443442
0.575853
0.868757
0.062920
0.562688
0.983638
0.362172
0.656814
0.926594
0.662351
0.551265
0.414507
0.899347
0.852183
0.573716
0.092907
0.781478
0.302667
0.441087
0.105568
0.827811
0.877267
0.365432
0.702244
0.556561
0.631851
0.519569
0.866431
0.944844
0.492493
0.357129
0.069532
0.766887
0.282402
0.997845
0.085424
0.775522
0.472521
0.730272
0.450481
0.874273
0.390907
0.606121
0.316544
0.149308
0.599352
0.324423
0.144619
0.408377
0.943435
0.105079
0.009738
0.370139
0.917396
0.629813
0.848576
0.222594
0.765355
0.111640
0.987576
0.021104
0.355395
0.276084
0.760065
0.426959
0.135170
0.198897
0.371124
0.383848
0.081317
0.887104
0.752576
0.645007
0.271326
0.872005
0.582004
0.435464
0.182700
0.869159
0.249165
0.738620
0.791838
0.382493
0.362585
0.707637
0.234219
0.944124
0.665875
0.772446
0.445230
0.587149
0.281545
