0.098051
0.304623
0.201580
0.441530
0.441637
0.150338
0.876838
0.552593
0.408976
0.255901
0.724437
0.750276
0.432599
0.927890
0.631627
0.351474
0.161272
0.145806
0.714913
0.946918
0.601150
0.097695
0.141901
0.099437
0.756605
0.308339
0.343690
0.526584
0.584941
0.840458
0.906204
0.680987
0.084026
0.000134
0.111897
0.561330
0.772855
0.754513
0.019590
0.221968
0.965675
0.354834
0.202553
0.388573
0.892060
0.428127
0.938905
0.107874
0.781709
0.657756
0.019471
0.867301
0.006592
0.460794
0.745855
0.018115
0.523876
0.125179
0.405143
0.469083
0.725721
0.502799
0.503785
0.878347
0.987001
0.321693
0.419408
0.652452
0.776284
0.749038
0.837634
0.434853
0.839968
0.285720
0.189284
0.971021
0.897799
0.766927
0.164557
0.657954
0.829703
0.634551
0.872698
0.558572
0.659493
0.327821
0.684917
0.751666
0.393662
0.235111
0.012542
0.503386
0.047282
0.263723
0.366309
0.679967
0.901107
0.586385
0.454725
0.248735
