0.220301
0.226654
0.607103
0.571961
0.461261
0.462580
0.599760
0.415001
0.445602
0.515469
0.522072
0.158554
0.788055
0.989526
0.734335
0.407189
0.726051
0.459075
0.033804
0.025164
0.922665
0.249333
0.734648
0.769046
0.291654
0.252523
0.052128
0.076304
0.680047
0.613867
0.361901
0.618888
0.771696
0.948273
0.685238
0.427465
0.207995
0.222254
0.688706
0.747150
0.587556
0.375431
0.435296
0.468996
0.388573
0.619643
0.529598
0.693192
0.497284
0.005923
0.947710
0.649504
0.454075
0.483021
0.961839
0.565893
0.020474
0.275717
0.190517
0.526225
0.022746
0.599461
0.651729
0.031515
0.558357
0.485107
0.999117
0.651066
0.340123
0.859281
0.658763
0.288664
0.487855
0.579932
0.942752
0.500849
0.742599
0.328994
0.485025
0.352098
0.980342
0.913463
0.066036
0.987734
0.537250
0.944974
0.470318
0.556919
0.271582
0.238526
0.257193
0.930568
0.959627
0.761083
0.693822
0.426389
0.852240
0.057365
0.380119
0.136517
