0.966467
0.211999
0.086164
0.871264
0.682015
0.585530
0.056189
0.539032
0.240946
0.382099
0.897603
0.946430
0.028132
0.601564
0.703018
0.933812
0.992866
0.858754
0.269680
0.864662
0.789877
0.278809
0.225671
0.674214
0.141835
0.802074
0.314351
0.840296
0.514086
0.278931
0.284452
0.041275
0.340721
0.293332
0.843460
0.594150
0.554643
0.729566
0.121737
0.882667
0.626603
0.550498
0.601315
0.351984
0.695280
0.326783
0.970572
0.872899
0.060072
0.591258
0.381724
0.683874
0.320330
0.133395
0.517199
0.702246
0.999958
0.921311
0.961030
0.288077
0.722519
0.513119
0.934542
0.584430
0.960526
0.010466
0.718068
0.855897
0.926206
0.858673
0.962994
0.424660
0.118937
0.334201
0.078308
0.442245
0.456238
0.901414
0.904902
0.457816
0.045311
0.248022
0.865623
0.901271
0.927388
0.876811
0.157625
0.727722
0.719424
0.041881
0.803717
0.933886
0.732209
0.901162
0.494957
0.046803
0.030784
0.021788
0.341348
0.103518
