0.091699
0.727654
0.390294
0.702168
0.317402
0.270694
0.191333
0.654185
0.140281
0.414763
0.960690
0.509945
0.379645
0.276769
0.394197
0.952854
0.341540
0.699119
0.938193
0.737458
0.269597
0.916828
0.060644
0.263572
0.624586
0.554500
0.822779
0.381524
0.674313
0.348535
0.315185
0.192256
0.122431
0.871905
0.480137
0.540081
0.287035
0.382359
0.415177
0.479176
0.850876
0.089221
0.280098
0.972519
0.414857
0.564186
0.407514
0.111779
0.266211
0.256897
0.334107
0.285096
0.000632
0.790691
0.177956
0.544584
0.537838
0.288211
0.321469
0.274764
0.789523
0.351340
0.476156
0.233692
0.646985
0.277828
0.910865
0.951962
0.091202
0.608117
0.819102
0.763193
0.039765
0.471869
0.060012
0.327152
0.562742
0.490673
0.090172
0.168207
0.014531
0.200480
0.222898
0.416374
0.783804
0.265612
0.480974
0.833293
0.357575
0.977195
0.825395
0.214979
0.647682
0.943051
0.991280
0.264712
0.235617
0.253263
0.152599
0.736636
