0.702960
0.388333
0.538726
0.608823
0.040904
0.957043
0.407749
0.041077
0.116311
0.523150
0.318439
0.786988
0.712846
0.185064
0.526187
0.065096
0.797345
0.780864
0.069182
0.632540
0.656127
0.981221
0.663291
0.547246
0.279321
0.966154
0.589717
0.370138
0.397078
0.065767
0.063966
0.854440
0.266390
0.164919
0.868012
0.518360
0.327313
0.085527
0.416254
0.528394
0.486677
0.239967
0.249787
0.876162
0.267148
0.979305
0.390432
0.266351
0.360372
0.978377
0.988002
0.645854
0.672171
0.065251
0.848482
0.179589
0.815093
0.252740
0.373848
0.882078
0.612140
0.465306
0.280759
0.775033
0.387942
0.196394
0.336432
0.217392
0.062340
0.446196
0.892112
0.779691
0.124997
0.415355
0.137145
0.805852
0.091528
0.492242
0.070014
0.716356
0.013909
0.165235
0.028421
0.064525
0.936946
0.495393
0.529724
0.011368
0.140056
0.527093
0.062606
0.121721
0.195827
0.186174
0.700941
0.630619
0.392307
0.858086
0.484213
0.195534
