0.493770
0.286365
0.207531
0.600364
0.764140
0.207790
0.649962
0.076676
0.454258
0.247884
0.414164
0.262731
0.104117
0.438551
0.074923
0.148279
0.156666
0.069887
0.005529
0.548312
0.828087
0.471650
0.095577
0.220143
0.648706
0.051046
0.429835
0.906031
0.320817
0.580754
0.791931
0.650192
0.798790
0.392928
0.431652
0.186844
0.817522
0.319943
0.145438
0.318951
0.147127
0.762247
0.112811
0.915742
0.580519
0.553080
0.152860
0.637902
0.838399
0.118539
0.655853
0.534864
0.889883
0.796226
0.175493
0.646040
0.621053
0.300055
0.707349
0.027520
0.262068
0.572517
0.650909
0.188056
0.887922
0.405867
0.158768
0.714963
0.820069
0.224829
0.623419
0.934166
0.777877
0.494434
0.019224
0.814046
0.881826
0.323077
0.826967
0.493177
0.139168
0.891240
0.642947
0.361809
0.041209
0.199484
0.480976
0.357606
0.218751
0.923843
0.086387
0.609929
0.028972
0.238100
0.029967
0.911086
0.631320
0.209388
0.757380
0.216747
