0.308379
0.180793
0.478092
0.364875
0.423071
0.311210
0.888741
0.607956
0.516601
0.893834
0.013467
0.829832
0.258822
0.429202
0.571728
0.203155
0.362610
0.099447
0.951123
0.067934
0.086767
0.515900
0.169858
0.795368
0.361246
0.296510
0.895670
0.900480
0.922378
0.647878
0.207517
0.188853
0.166454
0.058884
0.474677
0.555778
0.478929
0.952067
0.552479
0.845633
0.903014
0.906556
0.419638
0.202073
0.260277
0.193194
0.938626
0.413482
0.110249
0.346633
0.687707
0.588404
0.646213
0.190868
0.512408
0.853698
0.511304
0.714115
0.635351
0.118573
0.202735
0.642089
0.902808
0.078011
0.514259
0.496571
0.941024
0.063095
0.769855
0.275958
0.383927
0.564440
0.678411
0.462932
0.315196
0.220890
0.450563
0.757229
0.163590
0.899760
0.262838
0.151832
0.895231
0.297663
0.461099
0.101641
0.339152
0.205513
0.370064
0.693681
0.022022
0.171720
0.720230
0.041476
0.807882
0.389505
0.057172
0.241732
0.626982
0.856242
