0.623307
0.410441
0.744557
0.346037
0.571840
0.351349
0.788940
0.479615
0.519608
0.454766
0.389006
0.131521
0.200199
0.399730
0.598266
0.435493
0.481439
0.828393
0.799492
0.864730
0.248481
0.974479
0.124718
0.638449
0.219879
0.871514
0.402631
0.931500
0.199965
0.849048
0.260850
0.667516
0.665009
0.756106
0.439286
0.465063
0.250669
0.255626
0.709346
0.739758
0.167396
0.939904
0.808414
0.915572
0.242174
0.345180
0.697014
0.067023
0.448100
0.306100
0.779222
0.506871
0.679754
0.465886
0.194271
0.755953
0.930406
0.210238
0.324271
0.031303
0.870769
0.336814
0.698973
0.747064
0.755144
0.025135
0.998653
0.239809
0.297551
0.436425
0.502963
0.221084
0.490505
0.308235
0.444293
0.895264
0.614452
0.513495
0.239624
0.067452
0.960239
0.975134
0.020277
0.683334
0.801979
0.197274
0.545718
0.519216
0.568155
0.623048
0.244293
0.452576
0.058885
0.876254
0.524400
0.720030
0.993445
0.178426
0.792361
0.192284
