0.074485
0.377669
0.533845
0.544129
0.925758
0.542977
0.637143
0.693520
0.077473
0.365029
0.790775
0.212682
0.539637
0.771419
0.316919
0.321006
0.633038
0.915284
0.301510
0.448449
0.342854
0.517751
0.677174
0.533666
0.342214
0.575938
0.647942
0.713176
0.658296
0.746979
0.653121
0.323541
0.805474
0.332017
0.297650
0.212252
0.980071
0.349533
0.294036
0.689727
0.639510
0.514774
0.641894
0.538533
0.248367
0.331111
0.754015
0.947972
0.901897
0.030595
0.513923
0.123683
0.285433
0.631740
0.651109
0.979439
0.723739
0.869412
0.798576
0.341710
0.923479
0.157723
0.454770
0.579029
0.224316
0.187278
0.316674
0.298872
0.180544
0.554374
0.473759
0.004064
0.681287
0.994293
0.855265
0.586592
0.772587
0.635109
0.962658
0.528742
0.577811
0.922777
0.226475
0.622750
0.072712
0.676392
0.818921
0.258262
0.866817
0.162501
0.219376
0.823692
0.161105
0.752356
0.024605
0.845199
0.939435
0.248341
0.206841
0.238436
