0.469152
0.001131
0.564602
0.657269
0.661484
0.844835
0.322225
0.935372
0.836402
0.556823
0.278878
0.781560
0.215298
0.126354
0.487875
0.068832
0.487273
0.704626
0.277777
0.077305
0.075130
0.790631
0.716393
0.177899
0.877417
0.117876
0.208218
0.985589
0.300248
0.807141
0.334841
0.948281
0.347179
0.104656
0.609807
0.542898
0.824299
0.796496
0.880047
0.887814
0.660239
0.880555
0.070557
0.138698
0.767362
0.457763
0.543718
0.094960
0.517877
0.111285
0.554356
0.982557
0.409781
0.722539
0.738968
0.805516
0.124456
0.430361
0.062565
0.025090
0.972004
0.816548
0.708245
0.591677
0.373604
0.422686
0.277212
0.653225
0.676988
0.541260
0.469904
0.174317
0.690237
0.664644
0.566593
0.095598
0.295687
0.495262
0.957900
0.961041
0.620668
0.792770
0.555965
0.852226
0.481622
0.924350
0.869031
0.412298
0.319717
0.036423
0.087611
0.022265
0.683918
0.605826
0.017812
0.605186
0.997762
0.327267
0.908323
0.040969
