0.638112
0.001223
0.238443
0.385532
0.546730
0.043136
0.270523
0.588810
0.381847
0.974924
0.529461
0.479309
0.930914
0.523018
0.277503
0.621148
0.130315
0.260964
0.809811
0.660337
0.513488
0.728864
0.985311
0.867975
0.851641
0.227810
0.593580
0.731871
0.786953
0.201600
0.925860
0.811429
0.080096
0.642887
0.453769
0.787538
0.119470
0.001000
0.461241
0.398345
0.917564
0.991233
0.875179
0.956046
0.951605
0.019664
0.839383
0.763831
0.801477
0.403595
0.221562
0.158917
0.015221
0.395015
0.831544
0.091216
0.431654
0.075796
0.005017
0.003205
0.924810
0.208862
0.401774
0.245221
0.528891
0.784464
0.820307
0.672187
0.577681
0.631793
0.867874
0.960203
0.054230
0.886713
0.256296
0.986936
0.031258
0.047588
0.277240
0.061726
0.902816
0.649022
0.923292
0.794499
0.294197
0.069350
0.928848
0.603304
0.634271
0.565165
0.167555
0.632297
0.762947
0.944284
0.122326
0.411192
0.670023
0.270294
0.163139
0.092586
