0.389665
0.453791
0.701240
0.649611
0.635463
0.761913
0.389701
0.166389
0.660821
0.538781
0.949118
0.414498
0.288747
0.488637
0.435368
0.033289
0.785351
0.732066
0.424064
0.621407
0.390049
0.830455
0.409919
0.887911
0.412969
0.952594
0.327233
0.218407
0.105034
0.044894
0.728627
0.075012
0.418445
0.682177
0.744517
0.665714
0.426632
0.105800
0.514561
0.587322
0.210815
0.246908
0.894479
0.864522
0.533231
0.395939
0.034954
0.130696
0.618160
0.023029
0.954900
0.276654
0.947146
0.194163
0.055962
0.710413
0.320588
0.974358
0.898926
0.065105
0.462163
0.278503
0.693369
0.263955
0.584905
0.791805
0.334885
0.513105
0.852084
0.599976
0.867603
0.470525
0.859451
0.431273
0.573751
0.939104
0.535126
0.336945
0.208288
0.745704
0.737927
0.760102
0.457758
0.914205
0.381308
0.833209
0.193679
0.153412
0.771813
0.927787
0.626137
0.472005
0.156533
0.915396
0.368434
0.766206
0.789758
0.776176
0.713282
0.327199
