0.834203
0.647688
0.786364
0.518606
0.627042
0.278283
0.864019
0.993995
0.107562
0.740401
0.062761
0.584438
0.330585
0.396865
0.277105
0.778159
0.438762
0.069446
0.605948
0.783033
0.414391
0.181979
0.597651
0.680792
0.967612
0.974781
0.289743
0.082372
0.038351
0.393541
0.728613
0.150036
0.565938
0.316501
0.545584
0.364883
0.267102
0.631059
0.592686
0.822501
0.126443
0.029861
0.652288
0.807862
0.860452
0.976693
0.888333
0.703355
0.952965
0.499068
0.500856
0.296121
0.337149
0.904606
0.056491
0.858430
0.212239
0.185113
0.308081
0.212160
0.669577
0.561963
0.101853
0.960756
0.440981
0.100559
0.710577
0.090736
0.425760
0.343259
0.773832
0.643258
0.243348
0.471795
0.186094
0.251770
0.225092
0.098420
0.061461
0.704246
0.108251
0.847888
0.150830
0.572323
0.940884
0.769823
0.801757
0.376634
0.342212
0.341228
0.339057
0.979336
0.314554
0.619387
0.655900
0.485795
0.533850
0.414619
0.582931
0.518799
