0.488579
0.451716
0.431304
0.212226
0.605965
0.141774
0.338830
0.367559
0.697127
0.888519
0.167156
0.440482
0.728216
0.635561
0.236175
0.017419
0.751700
0.051763
0.035421
0.967166
0.250168
0.813849
0.500749
0.534932
0.439831
0.085867
0.836062
0.147059
0.051760
0.802237
0.110099
0.160492
0.148428
0.958924
0.066551
0.131910
0.088921
0.407112
0.374310
0.605070
0.835754
0.428727
0.358115
0.760577
0.668715
0.263734
0.727264
0.570755
0.337498
0.209482
0.745250
0.381912
0.862256
0.346660
0.639808
0.521163
0.272210
0.672269
0.564989
0.266395
0.206159
0.209747
0.402622
0.882595
0.693415
0.343755
0.657243
0.882329
0.873628
0.948024
0.129991
0.623181
0.374899
0.305161
0.615941
0.091717
0.126214
0.106144
0.964819
0.356738
0.054462
0.691100
0.162548
0.684904
0.765311
0.212766
0.498590
0.746812
0.397715
0.104760
0.862103
0.537303
0.505089
0.178615
0.065640
0.568606
0.417356
0.903128
0.475326
0.132067
