0.273908
0.675974
0.731405
0.060012
0.070732
0.957890
0.692447
0.186549
0.965004
0.075873
0.089555
0.767648
0.132843
0.315524
0.013692
0.240282
0.287069
0.091688
0.216971
0.746667
0.761121
0.276799
0.769076
0.221114
0.843429
0.095897
0.970244
0.314033
0.061597
0.818538
0.517938
0.611075
0.255997
0.916848
0.495066
0.178637
0.779742
0.145932
0.475538
0.917134
0.395508
0.078802
0.825799
0.454784
0.883523
0.679666
0.370954
0.810088
0.663447
0.938002
0.325655
0.124799
0.513987
0.048047
0.697480
0.910713
0.593617
0.594306
0.599528
0.537029
0.328474
0.714650
0.747537
0.215669
0.358295
0.733332
0.022790
0.928123
0.499570
0.002974
0.180150
0.697353
0.604379
0.676187
0.243842
0.770345
0.698124
0.072112
0.289620
0.105659
0.521181
0.788627
0.343026
0.690080
0.838998
0.889769
0.142413
0.160336
0.709100
0.146809
0.214075
0.632297
0.296799
0.707090
0.495561
0.305815
0.446336
0.137742
0.300989
0.313140
