0.860153
0.869232
0.570071
0.414483
0.616149
0.391674
0.128291
0.836721
0.960444
0.395636
0.112486
0.790573
0.916872
0.071641
0.265356
0.269640
0.524764
0.654867
0.388768
0.098369
0.618932
0.575789
0.169570
0.243712
0.592355
0.163794
0.909978
0.603494
0.486455
0.264490
0.307762
0.928783
0.629269
0.189324
0.020539
0.697905
0.944426
0.919402
0.919224
0.174285
0.687300
0.125995
0.009013
0.530829
0.573628
0.180066
0.685291
0.498822
0.601251
0.367077
0.781910
0.526025
0.956707
0.145021
0.951999
0.937001
0.348726
0.426301
0.080477
0.440699
0.669109
0.173012
0.524282
0.018927
0.313675
0.233981
0.973183
0.258904
0.360448
0.048667
0.456023
0.041497
0.367251
0.616578
0.297430
0.932861
0.443057
0.665031
0.962189
0.336181
0.215118
0.894324
0.373380
0.615800
0.477768
0.195250
0.488509
0.004422
0.840043
0.497894
0.062679
0.677804
0.226555
0.195702
0.943289
0.572166
0.181990
0.964733
0.766931
0.838747
