0.323902
0.762669
0.761345
0.870094
0.510321
0.957012
0.641533
0.919124
0.502338
0.755435
0.452574
0.369524
0.119892
0.082793
0.462398
0.442181
0.870947
0.983530
0.402188
0.934261
0.465307
0.698134
0.003780
0.715967
0.848167
0.791226
0.238474
0.017714
0.825170
0.600789
0.376893
0.374657
0.440291
0.141021
0.430422
0.156249
0.693181
0.541162
0.175363
0.464098
0.862237
0.602293
0.380180
0.057708
0.193239
0.984899
0.444453
0.143112
0.714913
0.641172
0.096423
0.750266
0.250287
0.414399
0.572697
0.448661
0.784828
0.453076
0.038366
0.848818
0.869068
0.440052
0.346784
0.289241
0.236173
0.094314
0.422623
0.786388
0.130901
0.529222
0.894856
0.917934
0.576896
0.628623
0.034062
0.636933
0.825337
0.671860
0.229594
0.726072
0.091214
0.810989
0.556505
0.308058
0.294775
0.024280
0.911200
0.666001
0.829664
0.423043
0.430543
0.216438
0.797702
0.229299
0.177831
0.513496
0.529939
0.445805
0.710694
0.209742
