0.262989
0.041619
0.859149
0.698209
0.003459
0.294393
0.472594
0.545552
0.406822
0.604344
0.399500
0.283625
0.967181
0.733244
0.352194
0.287795
0.487591
0.838174
0.899769
0.440077
0.088572
0.915792
0.181161
0.323214
0.984153
0.453595
0.706736
0.490629
0.400399
0.602798
0.936532
0.545319
0.723754
0.819811
0.798943
0.362375
0.406348
0.898826
0.071780
0.039973
0.660044
0.062852
0.114613
0.917845
0.239945
0.894919
0.105470
0.187206
0.712494
0.558539
0.121329
0.508070
0.319548
0.297773
0.936882
0.240849
0.324418
0.969958
0.617310
0.970819
0.869336
0.302632
0.938017
0.506437
0.263358
0.160988
0.321758
0.455748
0.048654
0.534815
0.789329
0.756280
0.560326
0.896924
0.951162
0.811416
0.385695
0.981165
0.572086
0.005124
0.422044
0.260277
0.206895
0.605543
0.829578
0.022273
0.444889
0.718044
0.213058
0.964290
0.227360
0.170762
0.432728
0.584203
0.372762
0.170538
0.631981
0.449186
0.674040
0.826782
