0.968152
0.034035
0.602234
0.848349
0.907667
0.453779
0.095026
0.750572
0.787927
0.878108
0.205763
0.020014
0.372586
0.520313
0.771826
0.057649
0.178292
0.302592
0.410501
0.960230
0.987571
0.616370
0.768238
0.523419
0.017537
0.706820
0.268701
0.907416
0.351671
0.228348
0.220073
0.529668
0.172365
0.642364
0.228620
0.436905
0.219356
0.776647
0.821683
0.903584
0.024785
0.251994
0.755373
0.853063
0.535074
0.855760
0.803477
0.667418
0.096554
0.307962
0.636542
0.238751
0.261745
0.536148
0.104342
0.802018
0.403300
0.488234
0.260310
0.156375
0.601786
0.880922
0.765280
0.092969
0.150533
0.382812
0.037340
0.921074
0.288176
0.425089
0.380254
0.021406
0.342009
0.487965
0.784425
0.515008
0.447763
0.444238
0.836973
0.186262
0.193393
0.240265
0.568494
0.165228
0.421491
0.421386
0.028444
0.995540
0.908091
0.104480
0.858238
0.894312
0.617567
0.618525
0.638944
0.695312
0.273669
0.030477
0.927694
0.923354
