0.433224
0.111127
0.097260
0.678056
0.239041
0.202337
0.196466
0.035080
0.305737
0.292289
0.047500
0.527927
0.191430
0.580029
0.539307
0.136895
0.597592
0.038974
0.973237
0.327116
0.940985
0.807660
0.417155
0.195126
0.561879
0.165653
0.170167
0.719335
0.128695
0.381798
0.463630
0.809494
0.601573
0.693747
0.982454
0.153295
0.012904
0.250600
0.141107
0.313059
0.787840
0.380176
0.161904
0.135969
0.689157
0.968155
0.281601
0.643848
0.971224
0.770265
0.704596
0.712263
0.242184
0.853245
0.570746
0.269797
0.553544
0.261496
0.395447
0.720444
0.492608
0.406166
0.514616
0.283612
0.892314
0.019395
0.337319
0.655138
0.639067
0.689128
0.044904
0.123260
0.749855
0.552633
0.256151
0.064623
0.253166
0.459899
0.589191
0.232788
0.952959
0.597116
0.809121
0.000247
0.037828
0.880368
0.665376
0.723311
0.936953
0.939085
0.781019
0.380802
0.734595
0.134027
0.436155
0.850182
0.521437
0.835504
0.921132
0.704554
