0.374591
0.588691
0.908697
0.768530
0.038415
0.050470
0.723632
0.209644
0.641243
0.429116
0.115698
0.058978
0.862082
0.506786
0.071875
0.327856
0.883859
0.193354
0.437687
0.582386
0.056158
0.521347
0.058796
0.637920
0.485413
0.022044
0.167728
0.106220
0.275325
0.844440
0.562340
0.319714
0.587796
0.352444
0.326110
0.141921
0.757433
0.772623
0.254864
0.851265
0.547515
0.533794
0.930250
0.926347
0.128261
0.285450
0.075940
0.334843
0.589376
0.453947
0.642191
0.904693
0.240895
0.085626
0.811253
0.479234
0.565769
0.410064
0.847766
0.854025
0.920466
0.628418
0.390600
0.288428
0.853513
0.100152
0.501633
0.233716
0.021427
0.923611
0.283622
0.720548
0.288565
0.911468
0.719133
0.157521
0.048652
0.236550
0.653689
0.895803
0.528545
0.388971
0.784923
0.389756
0.638466
0.239384
0.143813
0.315452
0.068997
0.145771
0.264775
0.308143
0.607221
0.459389
0.166819
0.165417
0.818151
0.092507
0.371176
0.358743
