0.950470
0.361301
0.926307
0.466771
0.550347
0.871255
0.597422
0.992725
0.811779
0.880026
0.227917
0.588776
0.747796
0.898141
0.265488
0.990428
0.238345
0.967353
0.919423
0.644884
0.650581
0.965647
0.667778
0.910773
0.847822
0.137976
0.980383
0.857679
0.798547
0.312111
0.839504
0.875172
0.832200
0.241570
0.573724
0.766250
0.335033
0.615494
0.976909
0.190413
0.671520
0.378222
0.641734
0.601631
0.068733
0.327548
0.915392
0.389944
0.598227
0.160185
0.630378
0.699172
0.428628
0.525684
0.567876
0.767358
0.304282
0.348058
0.068421
0.776867
0.185080
0.722041
0.436127
0.880127
0.241181
0.369200
0.136791
0.979316
0.411863
0.661539
0.633846
0.168552
0.808879
0.057322
0.044592
0.772527
0.352938
0.066748
0.644410
0.844778
0.197248
0.586247
0.005976
0.745022
0.582099
0.371471
0.315036
0.601495
0.421461
0.377076
0.426124
0.964729
0.397414
0.474181
0.351631
0.602554
0.381147
0.748579
0.403562
0.434729
