0.094380
0.006973
0.918883
0.373343
0.528234
0.258337
0.313648
0.907464
0.220802
0.105454
0.921364
0.406981
0.033478
0.602470
0.818028
0.020081
0.613390
0.456332
0.431678
0.779900
0.503809
0.999381
0.718394
0.788118
0.309370
0.086989
0.121445
0.989264
0.255519
0.279408
0.124948
0.693464
0.060878
0.039094
0.291493
0.967113
0.303776
0.213193
0.828986
0.856145
0.142319
0.371108
0.943814
0.093141
0.846437
0.742263
0.497488
0.330425
0.636708
0.109775
0.924514
0.223145
0.142926
0.658113
0.742005
0.729687
0.524547
0.317736
0.672311
0.727908
0.523129
0.958179
0.142712
0.741885
0.265210
0.606422
0.602951
0.729012
0.728816
0.267959
0.597615
0.771974
0.651741
0.569806
0.911946
0.437297
0.143317
0.957124
0.849059
0.660210
0.664963
0.553289
0.845413
0.365542
0.124718
0.251358
0.476040
0.808367
0.780088
0.020027
0.843088
0.241628
0.581834
0.113112
0.310814
0.367263
0.328356
0.900051
0.663859
0.247921
