0.686686
0.008306
0.572411
0.848663
0.804774
0.796675
0.398465
0.215909
0.600966
0.419281
0.142695
0.125777
0.095842
0.618261
0.925401
0.257106
0.861539
0.638378
0.571747
0.998872
0.628006
0.458374
0.079469
0.523762
0.743812
0.841056
0.652185
0.550498
0.940542
0.358239
0.110061
0.038079
0.368234
0.120566
0.820708
0.271458
0.019078
0.614156
0.433066
0.481451
0.462392
0.857895
0.140637
0.470916
0.894634
0.855737
0.497958
0.372102
0.487579
0.213779
0.905087
0.351919
0.163743
0.713412
0.365857
0.414106
0.010054
0.939277
0.598159
0.398001
0.167283
0.788061
0.928758
0.206298
0.258651
0.962900
0.752706
0.669452
0.751010
0.794487
0.253976
0.261981
0.725560
0.787250
0.179872
0.655171
0.745157
0.569209
0.960757
0.647816
0.872420
0.364376
0.765711
0.861656
0.646861
0.675018
0.050497
0.077356
0.563017
0.711642
0.236752
0.730089
0.729568
0.655555
0.630920
0.706845
0.380113
0.208656
0.514643
0.314051
