0.010834
0.740562
0.277010
0.740923
0.930233
0.880635
0.878407
0.573231
0.649952
0.896808
0.159593
0.898317
0.095510
0.689496
0.483479
0.432489
0.657911
0.697337
0.566461
0.324676
0.436612
0.406537
0.738509
0.585948
0.001545
0.256813
0.968800
0.386794
0.209962
0.148517
0.922590
0.927489
0.708722
0.101671
0.702562
0.945322
0.970824
0.301991
0.129186
0.365429
0.527996
0.668646
0.142849
0.951323
0.081560
0.047404
0.545103
0.105809
0.373485
0.725445
0.925765
0.228001
0.515161
0.682419
0.487600
0.626651
0.725765
0.362328
0.280393
0.892602
0.194987
0.677992
0.702565
0.909152
0.845143
0.790604
0.800488
0.501523
0.709830
0.698819
0.945406
0.395561
0.721486
0.699493
0.540462
0.671073
0.362219
0.993952
0.097886
0.549791
0.029189
0.996453
0.279491
0.090376
0.701311
0.238832
0.606431
0.958654
0.061199
0.962662
0.231823
0.583168
0.196654
0.670290
0.170304
0.920380
0.289826
0.625047
0.666769
0.101926
