0.374404
0.237181
0.041348
0.791958
0.298581
0.954622
0.522767
0.520310
0.647671
0.878649
0.436840
0.526661
0.039472
0.424110
0.105233
0.518120
0.338323
0.726162
0.939825
0.670789
0.695419
0.252565
0.045609
0.277257
0.390428
0.417751
0.223413
0.980315
0.602947
0.007210
0.026761
0.312372
0.004558
0.984926
0.527826
0.707293
0.022581
0.358895
0.766404
0.871098
0.674528
0.483054
0.040063
0.958578
0.516645
0.107765
0.163619
0.410167
0.236751
0.978343
0.248250
0.162270
0.307614
0.925867
0.811241
0.849599
0.104714
0.791050
0.419435
0.991596
0.310856
0.384578
0.711157
0.746155
0.195015
0.057246
0.818464
0.963025
0.784191
0.289322
0.559234
0.833426
0.388029
0.680314
0.686364
0.593222
0.356514
0.174948
0.776540
0.271479
0.375250
0.130117
0.454587
0.266623
0.007476
0.501336
0.718407
0.845992
0.003062
0.065406
0.437424
0.886153
0.982402
0.333609
0.835455
0.144256
0.054248
0.054010
0.870842
0.152152
