0.275364
0.230065
0.954142
0.072916
0.454278
0.405687
0.869787
0.596661
0.847360
0.937624
0.481147
0.343604
0.257090
0.278628
0.114784
0.438044
0.264873
0.456721
0.317403
0.113401
0.858067
0.331316
0.507162
0.834111
0.542040
0.838035
0.660628
0.321190
0.546102
0.045641
0.470258
0.710599
0.261185
0.390241
0.152011
0.433963
0.457683
0.320163
0.938840
0.282130
0.555766
0.804772
0.294812
0.622740
0.150109
0.632595
0.982472
0.905182
0.182138
0.888326
0.930020
0.323759
0.191990
0.204957
0.921648
0.316077
0.476108
0.675954
0.173076
0.866815
0.618578
0.010107
0.739969
0.390142
0.715745
0.389164
0.665138
0.161541
0.364869
0.961714
0.670660
0.058178
0.160061
0.512012
0.327774
0.072140
0.176234
0.468026
0.801555
0.978007
0.001917
0.306946
0.038962
0.200252
0.883629
0.606741
0.561520
0.229627
0.891490
0.584059
0.303270
0.616773
0.594807
0.442792
0.526878
0.159046
0.521576
0.638801
0.423051
0.980158
