0.698206
0.581077
0.174697
0.337825
0.233955
0.281013
0.366603
0.099079
0.971031
0.113664
0.229426
0.380938
0.117098
0.314108
0.576962
0.399503
0.492901
0.968136
0.998279
0.673245
0.382949
0.966860
0.518817
0.489075
0.423894
0.416744
0.435360
0.283058
0.192062
0.633132
0.342235
0.072906
0.587030
0.645043
0.929715
0.978224
0.195875
0.977032
0.077748
0.877332
0.021964
0.664180
0.288699
0.817866
0.423814
0.049166
0.141005
0.372403
0.436143
0.194143
0.698957
0.532666
0.770573
0.983605
0.509349
0.239575
0.226136
0.541429
0.912119
0.566894
0.711681
0.761914
0.530846
0.996633
0.439015
0.365736
0.304087
0.397047
0.656781
0.671232
0.464795
0.835070
0.782819
0.401131
0.516512
0.103735
0.299547
0.027458
0.510659
0.051140
0.095950
0.651178
0.876945
0.867131
0.638380
0.437588
0.664035
0.916844
0.700329
0.615472
0.872275
0.262106
0.381025
0.885451
0.519513
0.901146
0.162967
0.119000
0.015240
0.435702
