0.833819
0.228252
0.116285
0.484359
0.714565
0.754616
0.989183
0.129264
0.673628
0.026834
0.412867
0.628401
0.127845
0.450333
0.333538
0.632551
0.777574
0.013389
0.265853
0.596190
0.743717
0.899742
0.169796
0.521782
0.865485
0.246628
0.832428
0.316552
0.104157
0.847479
0.085175
0.044804
0.662407
0.679035
0.352821
0.476478
0.183470
0.369393
0.792028
0.548756
0.873719
0.187918
0.402990
0.815577
0.599891
0.011249
0.864491
0.747892
0.351597
0.760390
0.453773
0.618282
0.174970
0.195742
0.548035
0.314593
0.551041
0.845741
0.597373
0.306681
0.940860
0.713624
0.673649
0.938586
0.306184
0.262344
0.284040
0.017676
0.524982
0.535274
0.290112
0.480119
0.689846
0.823509
0.333328
0.939429
0.685178
0.228864
0.585708
0.608200
0.115147
0.026124
0.650202
0.965716
0.281598
0.446773
0.658111
0.099947
0.975860
0.672483
0.003375
0.135238
0.004322
0.493429
0.584387
0.300026
0.616370
0.028255
0.896016
0.366513
