0.617465
0.020473
0.854655
0.541457
0.385723
0.457684
0.022309
0.347897
0.914142
0.477774
0.129841
0.071231
0.765880
0.148251
0.404919
0.792573
0.331657
0.915290
0.809048
0.226756
0.824643
0.364580
0.935290
0.544018
0.151251
0.917606
0.329616
0.562801
0.335427
0.807982
0.102583
0.904466
0.037743
0.510800
0.669336
0.043102
0.166513
0.537329
0.695464
0.375218
0.400176
0.557913
0.362415
0.066751
0.330973
0.249002
0.657036
0.776057
0.152453
0.577955
0.783911
0.715590
0.998737
0.236984
0.907367
0.467659
0.117053
0.209527
0.306169
0.431403
0.337033
0.443141
0.185855
0.315082
0.190239
0.427890
0.849796
0.812366
0.701599
0.664103
0.386588
0.824009
0.808122
0.479889
0.949880
0.268673
0.428064
0.125236
0.023494
0.197349
0.565078
0.664850
0.670444
0.971405
0.857660
0.748852
0.215150
0.518387
0.454389
0.178945
0.561256
0.480885
0.895790
0.551039
0.627024
0.692318
0.030924
0.978675
0.062923
0.018273
