0.301627
0.050892
0.363553
0.818507
0.340180
0.847545
0.075581
0.010676
0.041524
0.397961
0.686006
0.980728
0.833201
0.246231
0.668647
0.008250
0.999654
0.643179
0.143215
0.709416
0.857771
0.237566
0.070555
0.203410
0.800956
0.579565
0.147193
0.082244
0.728407
0.857497
0.626947
0.469187
0.182226
0.974867
0.858124
0.035115
0.810161
0.603624
0.695283
0.883487
0.423152
0.066156
0.574913
0.328788
0.398831
0.201225
0.384687
0.324565
0.290745
0.800945
0.149427
0.674459
0.517847
0.086719
0.473185
0.580259
0.797362
0.935027
0.413401
0.668453
0.854328
0.040635
0.729441
0.752057
0.685457
0.744126
0.240683
0.595790
0.643294
0.650947
0.243282
0.477036
0.147048
0.884905
0.378314
0.135132
0.429701
0.439448
0.296394
0.034591
0.550610
0.563411
0.521962
0.900817
0.678045
0.143913
0.028726
0.489484
0.980098
0.339425
0.813170
0.166968
0.078777
0.950019
0.706130
0.173301
0.567151
0.746642
0.466059
0.224491
