0.624622
0.824745
0.752256
0.457107
0.988619
0.192731
0.745859
0.517739
0.958926
0.879639
0.148619
0.010538
0.117165
0.542874
0.093569
0.451352
0.498327
0.831320
0.242897
0.378990
0.483100
0.137323
0.933378
0.333742
0.996768
0.834888
0.295753
0.013135
0.731930
0.597021
0.139916
0.377648
0.272405
0.216295
0.066521
0.255252
0.734048
0.020720
0.329856
0.818920
0.607223
0.469170
0.862356
0.488856
0.716972
0.354602
0.445924
0.034155
0.633173
0.128261
0.016380
0.376745
0.766884
0.269242
0.532307
0.581783
0.234985
0.492989
0.398495
0.209171
0.391617
0.889775
0.216987
0.064543
0.012311
0.636172
0.208901
0.977196
0.938694
0.093216
0.157944
0.378031
0.716324
0.402602
0.054506
0.487226
0.027848
0.090768
0.883589
0.809290
0.861446
0.427089
0.750916
0.673228
0.686995
0.363669
0.020853
0.127180
0.393372
0.202460
0.181560
0.740190
0.846492
0.817254
0.937311
0.932185
0.756403
0.067122
0.758655
0.669071
