0.452138
0.430851
0.900523
0.234330
0.107222
0.818520
0.063359
0.741039
0.310448
0.192969
0.005019
0.807110
0.139752
0.152237
0.413075
0.585756
0.252506
0.830903
0.276839
0.329081
0.157482
0.055203
0.207564
0.845711
0.361345
0.377497
0.878118
0.618709
0.361209
0.703619
0.744899
0.417468
0.427174
0.885634
0.929804
0.767108
0.132256
0.517632
0.231427
0.278958
0.721549
0.343240
0.738933
0.637506
0.380247
0.317464
0.211097
0.749732
0.793791
0.538041
0.187303
0.854628
0.132875
0.754790
0.677734
0.822974
0.845180
0.445140
0.838431
0.917910
0.213120
0.540481
0.311701
0.142540
0.406627
0.932426
0.158484
0.471314
0.903169
0.113475
0.375185
0.343139
0.409740
0.855800
0.485942
0.795468
0.889424
0.462446
0.511054
0.410042
0.508795
0.508259
0.119521
0.564900
0.761972
0.100483
0.132098
0.941084
0.603429
0.707160
0.186951
0.046215
0.563758
0.371332
0.674246
0.251743
0.269611
0.592168
0.273226
0.257972
