0.718133
0.647534
0.426929
0.921802
0.235907
0.228397
0.802631
0.770239
0.379045
0.341892
0.697164
0.328084
0.883225
0.506854
0.323297
0.649387
0.735892
0.005839
0.477822
0.295707
0.845889
0.122745
0.556969
0.285647
0.442227
0.400372
0.549290
0.922992
0.908903
0.318911
0.391084
0.269355
0.632453
0.422108
0.314002
0.065517
0.251679
0.304743
0.375035
0.241257
0.111913
0.428635
0.993628
0.968696
0.632916
0.659245
0.935929
0.013065
0.380651
0.879104
0.966530
0.360425
0.701520
0.990025
0.891693
0.335045
0.898710
0.014740
0.636390
0.819564
0.435010
0.484550
0.966691
0.569201
0.678519
0.760682
0.416202
0.459176
0.500369
0.773407
0.976938
0.555399
0.072426
0.689731
0.371007
0.453239
0.487109
0.325687
0.814593
0.244856
0.576492
0.076249
0.364685
0.118556
0.795297
0.849104
0.432694
0.530062
0.379674
0.345734
0.767837
0.277940
0.496463
0.101559
0.137843
0.133484
0.029598
0.881482
0.305471
0.869322
