0.030502
0.867417
0.440691
0.400693
0.678241
0.448355
0.209337
0.254643
0.433208
0.801409
0.074813
0.987572
0.285080
0.204392
0.535620
0.686910
0.554069
0.458369
0.849272
0.375723
0.113231
0.191170
0.584040
0.457079
0.382155
0.800152
0.964492
0.178144
0.697253
0.573417
0.032185
0.524224
0.792063
0.241588
0.604999
0.089033
0.742230
0.768356
0.992136
0.698531
0.517592
0.855000
0.291538
0.896485
0.246711
0.582198
0.563527
0.576482
0.598517
0.329132
0.440872
0.833277
0.512338
0.354549
0.018332
0.424758
0.412503
0.113119
0.931302
0.321924
0.943128
0.113072
0.939481
0.691950
0.981880
0.112197
0.918974
0.732033
0.448170
0.920070
0.340552
0.633766
0.342548
0.289350
0.085485
0.625062
0.050104
0.517059
0.472986
0.893529
0.554622
0.553934
0.997995
0.727996
0.648744
0.554015
0.679786
0.913424
0.427789
0.731330
0.127385
0.640288
0.584374
0.195139
0.716470
0.713433
0.237405
0.789785
0.895500
0.512753
