0.272082
0.586412
0.203976
0.444728
0.995246
0.366886
0.082449
0.186599
0.253128
0.966273
0.869682
0.568076
0.215449
0.832351
0.907712
0.667914
0.668842
0.188841
0.552966
0.168691
0.554359
0.403741
0.827838
0.245452
0.256396
0.068750
0.811326
0.036867
0.687717
0.479357
0.063153
0.130817
0.350416
0.450235
0.983856
0.815811
0.533126
0.446619
0.092564
0.489389
0.901342
0.559992
0.905654
0.338040
0.053895
0.209249
0.142463
0.392882
0.460436
0.099644
0.027695
0.175913
0.429172
0.672918
0.450317
0.428086
0.186773
0.359197
0.671480
0.503999
0.889617
0.091812
0.646150
0.685415
0.284898
0.389982
0.348106
0.547396
0.820717
0.888282
0.327055
0.025115
0.583567
0.478267
0.742828
0.944990
0.242490
0.099142
0.710914
0.908668
0.224706
0.892962
0.128976
0.535209
0.188485
0.852280
0.875605
0.354137
0.813975
0.660986
0.084376
0.921236
0.331836
0.654038
0.141692
0.453264
0.948941
0.077646
0.207108
0.585693
