0.483493
0.789990
0.908995
0.060640
0.536405
0.959490
0.201989
0.056394
0.149166
0.542034
0.273469
0.369551
0.605182
0.062254
0.054447
0.891359
0.357377
0.666159
0.788438
0.719320
0.319122
0.941686
0.224634
0.349157
0.315564
0.748322
0.156650
0.052267
0.145577
0.174552
0.002069
0.329168
0.995108
0.660544
0.266672
0.155207
0.660551
0.190146
0.883625
0.052857
0.099201
0.386432
0.038539
0.121348
0.395897
0.061495
0.246036
0.306659
0.303492
0.962596
0.422879
0.359007
0.254212
0.778564
0.953159
0.365808
0.105664
0.175442
0.851915
0.924214
0.504734
0.077567
0.816850
0.779649
0.931555
0.073610
0.745236
0.269757
0.399106
0.594400
0.959963
0.106100
0.473838
0.246726
0.168130
0.199521
0.699316
0.757715
0.964734
0.601469
0.226340
0.651390
0.902882
0.073033
0.274333
0.410376
0.792822
0.980406
0.960645
0.811982
0.148377
0.267732
0.565316
0.237343
0.771483
0.698728
0.256253
0.540393
0.591203
0.514077
