0.540428
0.149168
0.643955
0.324412
0.325530
0.942757
0.052950
0.027270
0.531637
0.810838
0.135142
0.231528
0.869907
0.960224
0.294563
0.046726
0.357351
0.637820
0.720773
0.585870
0.454807
0.308744
0.706666
0.566908
0.092364
0.238298
0.902268
0.259205
0.072364
0.251919
0.591730
0.572364
0.862469
0.095393
0.293349
0.212025
0.581801
0.408161
0.895449
0.609847
0.119810
0.147337
0.473100
0.429776
0.227198
0.768171
0.569774
0.745978
0.124303
0.894722
0.204624
0.486547
0.286185
0.966717
0.304138
0.470299
0.157074
0.429464
0.564836
0.041472
0.385189
0.231345
0.687769
0.242484
0.162074
0.120025
0.671599
0.609508
0.155721
0.947041
0.428473
0.050656
0.361436
0.795676
0.079362
0.718842
0.808609
0.789716
0.793957
0.388169
0.368060
0.257249
0.796297
0.042474
0.243982
0.303786
0.853937
0.214878
0.410917
0.773406
0.306699
0.294327
0.953913
0.667657
0.892092
0.188287
0.604925
0.020335
0.322864
0.263561
