0.383355
0.693713
0.247004
0.430790
0.185156
0.481436
0.594801
0.396735
0.192949
0.920148
0.393649
0.505190
0.176588
0.047680
0.922324
0.641388
0.596595
0.508687
0.568339
0.739633
0.046689
0.991725
0.952828
0.797260
0.191054
0.173298
0.131999
0.701610
0.879744
0.620700
0.556262
0.160059
0.151675
0.872635
0.751012
0.288823
0.282228
0.820274
0.734655
0.010939
0.774368
0.812790
0.536900
0.841945
0.140845
0.561776
0.972610
0.028358
0.991173
0.939349
0.457987
0.319514
0.178149
0.217968
0.498032
0.733520
0.965087
0.456010
0.839020
0.269450
0.894670
0.235810
0.822717
0.918698
0.751935
0.047465
0.122551
0.535148
0.891031
0.607517
0.618916
0.250709
0.416609
0.491239
0.891637
0.727164
0.196568
0.947286
0.097627
0.847350
0.336472
0.843774
0.090815
0.016972
0.493272
0.044913
0.147127
0.925160
0.381331
0.094510
0.053866
0.418809
0.257020
0.738870
0.238315
0.831975
0.278956
0.783708
0.143855
0.831264
