0.516770
0.616753
0.618299
0.649348
0.777426
0.699652
0.315930
0.642955
0.499357
0.371781
0.315677
0.509803
0.856546
0.056951
0.125527
0.152896
0.443870
0.360525
0.588006
0.770517
0.963977
0.558907
0.230548
0.909598
0.813290
0.095283
0.629621
0.817289
0.014817
0.340942
0.977757
0.156964
0.215908
0.310019
0.952289
0.962363
0.305898
0.557562
0.502206
0.900150
0.708064
0.643354
0.500915
0.453944
0.270038
0.455087
0.895104
0.414907
0.596118
0.069423
0.227256
0.567232
0.932586
0.308338
0.569630
0.117153
0.047167
0.798833
0.887537
0.020087
0.746067
0.265175
0.858205
0.788861
0.841675
0.053279
0.331495
0.400445
0.752237
0.510771
0.394386
0.249630
0.487434
0.095067
0.567511
0.726311
0.933346
0.927188
0.311303
0.406855
0.815385
0.462171
0.084830
0.568447
0.671947
0.242009
0.899105
0.419677
0.747907
0.280409
0.948603
0.876963
0.430169
0.778931
0.215721
0.930022
0.677982
0.453146
0.233864
0.281638
