0.856332
0.386954
0.360727
0.851249
0.429568
0.013805
0.543027
0.859131
0.743220
0.845979
0.761025
0.999495
0.521829
0.553507
0.056517
0.784208
0.278823
0.026427
0.594236
0.665666
0.601728
0.762368
0.340233
0.931997
0.334289
0.523346
0.640691
0.233825
0.858085
0.396634
0.447518
0.208707
0.014241
0.585476
0.908718
0.076211
0.657638
0.331935
0.525811
0.980595
0.408570
0.082740
0.355902
0.747156
0.747176
0.105789
0.794885
0.319074
0.839540
0.018044
0.623236
0.285238
0.924723
0.729574
0.360424
0.855897
0.625690
0.005540
0.997016
0.821792
0.612606
0.023181
0.222736
0.038528
0.082978
0.841092
0.547329
0.992619
0.473471
0.587476
0.687107
0.951414
0.268021
0.635992
0.001950
0.259227
0.192367
0.433513
0.640320
0.203075
0.295477
0.008938
0.924699
0.627574
0.015974
0.214125
0.541661
0.287864
0.538655
0.175971
0.423964
0.029124
0.436471
0.987410
0.529220
0.285851
0.298732
0.095448
0.475763
0.663396
