0.216843
0.272659
0.698869
0.846870
0.375889
0.340007
0.113563
0.513925
0.860471
0.247606
0.748927
0.099031
0.258381
0.143085
0.821354
0.627381
0.543786
0.696037
0.356221
0.428499
0.062266
0.156208
0.699082
0.772943
0.401751
0.030252
0.620146
0.539122
0.381333
0.169059
0.789011
0.132926
0.071124
0.553654
0.711655
0.593119
0.502783
0.356183
0.374391
0.926378
0.722363
0.150414
0.019960
0.739018
0.212321
0.474927
0.025192
0.806568
0.819670
0.067355
0.064669
0.764965
0.454671
0.493989
0.868066
0.642425
0.321574
0.603515
0.208045
0.482533
0.976412
0.650609
0.059234
0.743443
0.956682
0.673746
0.100345
0.202761
0.952640
0.956388
0.271693
0.329325
0.229952
0.994931
0.736389
0.520311
0.197589
0.591270
0.717736
0.997148
0.684025
0.767608
0.035746
0.646153
0.923757
0.299948
0.599397
0.892368
0.268219
0.300764
0.873614
0.538042
0.731377
0.769496
0.575562
0.090390
0.836325
0.211865
0.717943
0.412836
