0.498914
0.476068
0.534532
0.093403
0.984929
0.499223
0.695333
0.582012
0.023843
0.890128
0.543536
0.881058
0.894297
0.747788
0.295356
0.218248
0.015379
0.076335
0.414213
0.456733
0.536154
0.184042
0.423560
0.457478
0.583488
0.274770
0.811435
0.939173
0.148515
0.778245
0.238261
0.902201
0.613732
0.995365
0.627759
0.007081
0.850515
0.815446
0.750020
0.580520
0.795763
0.444373
0.538021
0.206095
0.551580
0.574922
0.217429
0.329970
0.948473
0.936721
0.402573
0.292525
0.848587
0.283266
0.613375
0.614222
0.329362
0.189326
0.270576
0.685160
0.986284
0.812372
0.200014
0.594731
0.418183
0.407172
0.476432
0.483519
0.434181
0.269079
0.369561
0.159292
0.320271
0.300040
0.017493
0.639710
0.495704
0.973825
0.531458
0.697336
0.490430
0.281164
0.035211
0.823159
0.961513
0.020299
0.292890
0.115477
0.235821
0.907563
0.782313
0.255638
0.286691
0.124214
0.883195
0.959526
0.630559
0.992208
0.248678
0.010807
