0.812174
0.905277
0.753410
0.656087
0.837175
0.875734
0.367809
0.717184
0.942744
0.072796
0.274188
0.991813
0.724159
0.361263
0.441390
0.249180
0.476522
0.287265
0.384173
0.663812
0.186777
0.102102
0.990494
0.673383
0.163943
0.037193
0.155530
0.549527
0.138869
0.617395
0.773230
0.721626
0.048949
0.258926
0.836977
0.969772
0.631503
0.712686
0.416554
0.149533
0.515356
0.199872
0.649742
0.385371
0.987717
0.442376
0.763328
0.781317
0.241896
0.529397
0.238563
0.950845
0.767230
0.454685
0.630719
0.014789
0.209986
0.038700
0.183552
0.540445
0.768880
0.321424
0.211192
0.482423
0.468505
0.448092
0.612877
0.742479
0.863390
0.767516
0.746863
0.963391
0.374024
0.339383
0.018378
0.463702
0.537345
0.005963
0.701617
0.581524
0.089570
0.049678
0.143181
0.691170
0.465282
0.201056
0.092533
0.925743
0.422756
0.480468
0.581450
0.008889
0.733648
0.142430
0.669000
0.604329
0.013262
0.516219
0.005774
0.114002
