0.049078
0.744396
0.143476
0.508607
0.227709
0.070820
0.242096
0.034364
0.814230
0.184136
0.625391
0.747575
0.027235
0.180089
0.442230
0.523384
0.784778
0.323665
0.907476
0.911598
0.247324
0.541438
0.842336
0.345925
0.381593
0.415409
0.279840
0.327334
0.676379
0.298543
0.265490
0.941870
0.934226
0.409114
0.677596
0.969334
0.739582
0.237645
0.099655
0.725429
0.836587
0.354880
0.809339
0.015354
0.407354
0.242395
0.172977
0.612419
0.378407
0.696493
0.644013
0.485542
0.569459
0.549094
0.698991
0.079726
0.829238
0.398849
0.522403
0.641234
0.063624
0.639842
0.045126
0.667501
0.972158
0.312167
0.485783
0.787797
0.058240
0.385251
0.603284
0.387459
0.119288
0.742239
0.565359
0.790162
0.641720
0.963779
0.351862
0.279777
0.689515
0.264781
0.955609
0.757113
0.644846
0.566123
0.046793
0.555623
0.769612
0.072904
0.361327
0.774010
0.591158
0.832782
0.822086
0.826953
0.972736
0.113277
0.697195
0.014677
