0.037284
0.816859
0.954383
0.544016
0.144094
0.577385
0.590914
0.598309
0.552070
0.305096
0.999657
0.377703
0.139816
0.159236
0.492923
0.840517
0.440137
0.567217
0.737513
0.491703
0.408094
0.193098
0.278762
0.155392
0.129724
0.181945
0.881176
0.036276
0.867477
0.555540
0.654321
0.541081
0.194975
0.688261
0.935031
0.520894
0.826572
0.677168
0.662753
0.147851
0.110887
0.141689
0.805936
0.039120
0.254027
0.038060
0.606979
0.770603
0.166012
0.047030
0.885613
0.906992
0.096586
0.956757
0.719919
0.768795
0.586245
0.273021
0.202498
0.488145
0.042339
0.633471
0.592607
0.657555
0.881866
0.615465
0.457927
0.159169
0.556409
0.359361
0.236674
0.719268
0.161303
0.044118
0.505155
0.535715
0.442885
0.012239
0.319734
0.544037
0.098369
0.520416
0.264928
0.211271
0.707036
0.977475
0.680145
0.592469
0.836553
0.599210
0.491979
0.791185
0.824198
0.830787
0.723968
0.745655
0.111907
0.947456
0.030508
0.065180
