0.275456
0.606062
0.622497
0.050431
0.753233
0.582042
0.225305
0.354471
0.535348
0.358203
0.431412
0.672750
0.980093
0.383643
0.375164
0.342178
0.812918
0.593443
0.051256
0.767814
0.857163
0.421886
0.281009
0.883503
0.247328
0.268902
0.780717
0.047573
0.036662
0.651387
0.592112
0.030321
0.995767
0.523829
0.690404
0.817529
0.215314
0.314954
0.730565
0.082345
0.207305
0.228597
0.353604
0.308276
0.345137
0.233132
0.145505
0.356265
0.586585
0.183143
0.305270
0.159231
0.387439
0.175727
0.736949
0.149960
0.286891
0.511178
0.969050
0.914946
0.997878
0.700101
0.602366
0.315336
0.006727
0.732838
0.707188
0.857146
0.148733
0.593096
0.446980
0.970044
0.136960
0.414443
0.045929
0.397821
0.658207
0.644956
0.072169
0.703343
0.021570
0.163764
0.137749
0.986326
0.931116
0.401893
0.628799
0.367755
0.143338
0.765430
0.997305
0.437406
0.404096
0.433210
0.988491
0.683937
0.082145
0.495489
0.781122
0.524158
