0.482362
0.129571
0.552584
0.442815
0.246665
0.160350
0.488764
0.932472
0.393735
0.197018
0.621525
0.133675
0.444798
0.331578
0.388711
0.630869
0.155419
0.194253
0.013983
0.469517
0.277497
0.027477
0.574898
0.661508
0.221996
0.041217
0.297024
0.735268
0.846712
0.995620
0.813765
0.212930
0.657519
0.958612
0.678139
0.235789
0.980466
0.718656
0.303591
0.731522
0.829436
0.125151
0.952612
0.903253
0.467608
0.241169
0.977722
0.223434
0.031263
0.649868
0.125260
0.849470
0.516516
0.753446
0.031673
0.563375
0.361725
0.657165
0.958993
0.057425
0.979850
0.887863
0.953049
0.771509
0.382830
0.364756
0.736728
0.991831
0.356633
0.703264
0.225475
0.888150
0.458005
0.064712
0.318644
0.009109
0.710191
0.494516
0.939847
0.843288
0.227170
0.960584
0.049656
0.634778
0.329043
0.595133
0.007759
0.182902
0.371367
0.997730
0.960891
0.862949
0.735429
0.654817
0.758210
0.237670
0.768492
0.430308
0.609647
0.172936
