0.851059
0.869577
0.473015
0.083049
0.135446
0.235855
0.629997
0.078869
0.162584
0.239300
0.967957
0.556246
0.245988
0.794033
0.328189
0.981583
0.184734
0.602434
0.135317
0.655071
0.934281
0.206644
0.916726
0.403850
0.391731
0.771720
0.687153
0.261496
0.471645
0.625597
0.211629
0.614363
0.562475
0.891224
0.596881
0.057498
0.050909
0.661740
0.817159
0.445058
0.992223
0.559011
0.891153
0.724577
0.695990
0.665418
0.426347
0.971744
0.766638
0.493982
0.413062
0.747841
0.675469
0.555417
0.867970
0.208052
0.667845
0.827396
0.175040
0.352037
0.094820
0.744765
0.681418
0.415058
0.589204
0.077453
0.472249
0.093535
0.410198
0.700774
0.013866
0.119758
0.258663
0.006686
0.931434
0.770863
0.485369
0.158226
0.898762
0.477769
0.469892
0.683325
0.241840
0.010955
0.776189
0.678317
0.393779
0.988538
0.600835
0.671968
0.234488
0.805200
0.629996
0.910170
0.261186
0.333256
0.101593
0.746166
0.118499
0.150402
