0.872525
0.276490
0.841259
0.167701
0.560352
0.967747
0.832212
0.500569
0.098522
0.044800
0.583853
0.047998
0.143140
0.057780
0.041712
0.142392
0.638413
0.065648
0.517194
0.765665
0.681518
0.254904
0.802654
0.017783
0.752080
0.005583
0.735348
0.043912
0.821888
0.454796
0.299226
0.418430
0.903712
0.136282
0.623849
0.721721
0.424448
0.819777
0.543914
0.995644
0.195608
0.712555
0.546700
0.775446
0.602860
0.298206
0.827800
0.824223
0.519133
0.534630
0.082477
0.331816
0.529206
0.530405
0.927813
0.291324
0.601379
0.991560
0.874830
0.101245
0.755770
0.329103
0.411146
0.876908
0.861423
0.822728
0.433167
0.099774
0.561332
0.812294
0.767746
0.663392
0.230596
0.944391
0.869407
0.490802
0.722634
0.343459
0.281592
0.004428
0.325588
0.834180
0.655371
0.992252
0.821001
0.897653
0.054960
0.522833
0.236676
0.235281
0.515069
0.206322
0.420382
0.238638
0.164872
0.249186
0.813055
0.416383
0.229282
0.519550
