0.265231
0.978700
0.229395
0.321784
0.695083
0.969564
0.601624
0.483680
0.303748
0.538403
0.658923
0.094455
0.205587
0.632436
0.748072
0.353767
0.328159
0.214681
0.415629
0.132342
0.236067
0.923238
0.657796
0.852080
0.936904
0.911313
0.318822
0.886052
0.483128
0.185548
0.057642
0.924604
0.714617
0.728183
0.924535
0.390769
0.446095
0.531226
0.086074
0.330071
0.142480
0.727013
0.815664
0.103596
0.773649
0.538063
0.043583
0.451871
0.652091
0.093531
0.084970
0.322300
0.839629
0.484264
0.012910
0.600731
0.178257
0.325744
0.462423
0.308527
0.211485
0.987007
0.722411
0.305247
0.506645
0.391780
0.188444
0.273357
0.997555
0.263318
0.008034
0.248987
0.866088
0.604963
0.502249
0.253889
0.866860
0.054854
0.508452
0.078230
0.647045
0.316355
0.278925
0.150410
0.458530
0.672146
0.060948
0.204928
0.804836
0.740184
0.279717
0.818219
0.125309
0.838663
0.072684
0.958160
0.575436
0.367552
0.373405
0.809280
