0.591566
0.271355
0.018616
0.299585
0.106626
0.644887
0.472046
0.522112
0.993464
0.140678
0.505998
0.813783
0.130008
0.962035
0.154779
0.428199
0.771377
0.793629
0.721029
0.944901
0.037708
0.604362
0.623680
0.084843
0.412768
0.131410
0.718829
0.873786
0.954322
0.324306
0.718904
0.813387
0.388009
0.775252
0.576211
0.647947
0.340141
0.512406
0.223560
0.366646
0.744759
0.091941
0.795725
0.050600
0.635922
0.881192
0.272537
0.703611
0.175135
0.358913
0.985864
0.342689
0.041973
0.936313
0.009854
0.588321
0.836632
0.045541
0.268549
0.871167
0.318612
0.370264
0.148468
0.650516
0.273282
0.653039
0.152510
0.561159
0.721724
0.868179
0.504393
0.268323
0.908220
0.507650
0.501864
0.221958
0.736939
0.408580
0.335368
0.893561
0.256746
0.442815
0.012335
0.082784
0.720864
0.434270
0.787312
0.003712
0.612796
0.799433
0.114686
0.035448
0.841922
0.575940
0.038490
0.787882
0.667537
0.045383
0.815434
0.156750
