0.890468
0.241749
0.029592
0.258737
0.165818
0.099586
0.521590
0.388392
0.950015
0.058624
0.799901
0.520560
0.265763
0.823883
0.031209
0.499434
0.840448
0.813644
0.559221
0.963244
0.103008
0.482682
0.912479
0.014502
0.718614
0.373575
0.311501
0.872487
0.991022
0.782644
0.821971
0.612253
0.567898
0.595773
0.257432
0.596588
0.280635
0.738111
0.116215
0.551118
0.990902
0.185571
0.597543
0.068336
0.497679
0.885562
0.508695
0.624333
0.218611
0.389864
0.871934
0.391095
0.013105
0.854364
0.081709
0.650202
0.959893
0.162881
0.641326
0.690804
0.583751
0.475422
0.167374
0.528939
0.542928
0.823492
0.137804
0.651638
0.787361
0.692516
0.279899
0.141469
0.644149
0.377203
0.199399
0.375143
0.673595
0.359310
0.354107
0.877539
0.385832
0.173122
0.001129
0.180161
0.666773
0.592847
0.484704
0.047582
0.473982
0.606065
0.076375
0.155507
0.918749
0.802145
0.025606
0.904601
0.471288
0.111579
0.445452
0.018633
