0.890468
0.591566
0.241749
0.271355
0.029592
0.018616
0.258737
0.299585
0.165818
0.106626
0.099586
0.644887
0.521590
0.472046
0.388392
0.522112
0.950015
0.993464
0.058624
0.140678
0.799901
0.505998
0.520560
0.813783
0.265763
0.130008
0.823883
0.962035
0.031209
0.154779
0.499434
0.428199
0.840448
0.771377
0.813644
0.793629
0.559221
0.721029
0.963244
0.944901
0.103008
0.037708
0.482682
0.604362
0.912479
0.623680
0.014502
0.084843
0.718614
0.412768
0.373575
0.131410
0.311501
0.718829
0.872487
0.873786
0.991022
0.954322
0.782644
0.324306
0.821971
0.718904
0.612253
0.813387
0.567898
0.388009
0.595773
0.775252
0.257432
0.576211
0.596588
0.647947
0.280635
0.340141
0.738111
0.512406
0.116215
0.223560
0.551118
0.366646
0.990902
0.744759
0.185571
0.091941
0.597543
0.795725
0.068336
0.050600
0.497679
0.635922
0.885562
0.881192
0.508695
0.272537
0.624333
0.703611
0.218611
0.175135
0.389864
0.358913
0.871934
0.985864
0.391095
0.342689
0.013105
0.041973
0.854364
0.936313
0.081709
0.009854
0.650202
0.588321
0.959893
0.836632
0.162881
0.045541
0.641326
0.268549
0.690804
0.871167
0.583751
0.318612
0.475422
0.370264
0.167374
0.148468
0.528939
0.650516
0.542928
0.273282
0.823492
0.653039
0.137804
0.152510
0.651638
0.561159
0.787361
0.721724
0.692516
0.868179
0.279899
0.504393
0.141469
0.268323
0.644149
0.908220
0.377203
0.507650
0.199399
0.501864
0.375143
0.221958
0.673595
0.736939
0.359310
0.408580
0.354107
0.335368
0.877539
0.893561
0.385832
0.256746
0.173122
0.442815
0.001129
0.012335
0.180161
0.082784
0.666773
0.720864
0.592847
0.434270
0.484704
0.787312
0.047582
0.003712
0.473982
0.612796
0.606065
0.799433
0.076375
0.114686
0.155507
0.035448
0.918749
0.841922
0.802145
0.575940
0.025606
0.038490
0.904601
0.787882
0.471288
0.667537
0.111579
0.045383
0.445452
0.815434
0.018633
0.156750
