0.640253
0.668954
0.659935
0.618307
0.023456
0.468249
0.371270
0.402463
0.814741
0.886483
0.193303
0.757689
0.995276
0.636929
0.805033
0.223965
0.694125
0.620018
0.373502
0.275483
0.570296
0.000000
0.768193
0.654730
0.000000
0.614186
0.820324
0.358599
0.188977
0.000000
0.000000
0.849916
0.807392
0.550836
0.722894
0.000000
0.796553
0.384492
0.676735
0.022847
0.458890
0.645030
0.963760
0.667576
0.506436
0.000000
0.891782
0.499921
0.007190
0.000000
0.641732
0.000000
0.896019
0.567776
0.672948
0.378816
0.027714
0.423525
0.671007
0.198953
0.589046
0.196162
0.824064
0.826354
0.997613
0.661861
0.782024
0.991323
0.550880
0.721039
0.187050
0.645195
0.762186
0.797952
0.929025
0.315725
0.020501
0.490165
0.000000
0.383480
0.793253
0.275035
0.577814
0.682592
0.037441
0.845726
0.410635
0.884824
0.000000
0.510398
0.000000
0.742704
0.113771
0.353575
0.556890
0.065141
0.970957
0.393488
0.634129
0.841583
