0.302259
0.908123
0.523757
0.158128
0.133901
0.189049
0.579698
0.295049
0.263553
0.791715
0.007654
0.106156
0.243092
0.973601
0.950332
0.848445
0.164440
0.495665
0.958072
0.828567
0.101380
0.000000
0.027417
0.583806
0.000000
0.659765
0.772357
0.522861
0.318984
0.000000
0.000000
0.961118
0.107088
0.043211
0.276113
0.000000
0.369866
0.442639
0.238004
0.752567
0.640976
0.063003
0.268319
0.373339
0.330777
0.000000
0.454279
0.170381
0.184963
0.000000
0.171449
0.000000
0.958603
0.760666
0.316022
0.389364
0.072687
0.904421
0.755688
0.845733
0.350636
0.520680
0.590745
0.300212
0.669054
0.496274
0.961466
0.592153
0.296409
0.689519
0.995569
0.755328
0.510215
0.707501
0.444653
0.630455
0.077655
0.235931
0.000000
0.264914
0.350322
0.252898
0.966591
0.758797
0.038603
0.863013
0.450361
0.233543
0.000000
0.637312
0.000000
0.479388
0.083328
0.053589
0.706574
0.144443
0.662161
0.310460
0.192222
0.071235
