0.500620
0.102676
0.546193
0.314119
0.384706
0.449545
0.168624
0.778374
0.415340
0.945280
0.998552
0.650392
0.815804
0.785983
0.780931
0.396838
0.713844
0.945096
0.524885
0.372104
0.170429
0.000000
0.999076
0.502203
0.000000
0.882268
0.901571
0.802237
0.080944
0.000000
0.000000
0.005126
0.675323
0.748649
0.289541
0.000000
0.661146
0.596514
0.291396
0.077034
0.590208
0.127555
0.299051
0.718177
0.132713
0.000000
0.587955
0.241870
0.035247
0.000000
0.355780
0.000000
0.191794
0.768690
0.375926
0.982438
0.430415
0.800018
0.611670
0.114540
0.557927
0.783611
0.521434
0.576986
0.581364
0.758918
0.220337
0.002129
0.464719
0.735623
0.523584
0.886926
0.656514
0.671769
0.549366
0.209822
0.028430
0.085166
0.000000
0.649898
0.779011
0.598521
0.191554
0.042904
0.601987
0.003101
0.856068
0.785192
0.000000
0.650775
0.000000
0.549191
0.119964
0.216858
0.930324
0.764351
0.114502
0.311073
0.847177
0.560725
