0.911644
0.681927
0.175634
0.371164
0.099523
0.684171
0.457869
0.175046
0.525307
0.651209
0.548244
0.127435
0.822197
0.531262
0.570061
0.605075
0.683685
0.093072
0.237356
0.323924
0.201916
0.000000
0.990837
0.541729
0.000000
0.908224
0.185245
0.372228
0.030559
0.000000
0.000000
0.941310
0.488738
0.012078
0.260969
0.000000
0.380234
0.263962
0.363056
0.369123
0.644290
0.123971
0.963704
0.520021
0.225571
0.000000
0.392501
0.398481
0.914808
0.000000
0.259603
0.000000
0.478094
0.592002
0.647388
0.038911
0.043483
0.463804
0.995557
0.497798
0.297236
0.829253
0.842037
0.784675
0.761993
0.616835
0.420870
0.866903
0.945722
0.342173
0.286810
0.563413
0.184023
0.840070
0.554413
0.678346
0.176611
0.934024
0.000000
0.031484
0.168777
0.277109
0.643918
0.498303
0.024632
0.932039
0.487279
0.694619
0.000000
0.945465
0.000000
0.980904
0.746492
0.425875
0.352584
0.213495
0.261951
0.822194
0.648990
0.553041
