0.917859
0.034690
0.996980
0.879539
0.555887
0.691394
0.929902
0.282778
0.060818
0.545937
0.387075
0.361224
0.953850
0.149535
0.546789
0.404265
0.932909
0.978352
0.076536
0.645378
0.671640
0.000000
0.802830
0.488543
0.000000
0.173830
0.175243
0.094421
0.809514
0.000000
0.000000
0.530346
0.066610
0.623604
0.044826
0.000000
0.278591
0.766554
0.439246
0.208692
0.269525
0.996701
0.851628
0.665946
0.328329
0.000000
0.865715
0.810956
0.874377
0.000000
0.020418
0.000000
0.180918
0.262086
0.271050
0.521715
0.394805
0.082902
0.872227
0.363074
0.054980
0.078570
0.507177
0.270234
0.152879
0.393771
0.104886
0.863634
0.529924
0.248312
0.052118
0.787476
0.347854
0.643102
0.100547
0.723819
0.863451
0.557225
0.000000
0.973798
0.009149
0.657545
0.367555
0.535592
0.276567
0.418330
0.596292
0.837142
0.000000
0.712360
0.000000
0.557550
0.010662
0.471432
0.900760
0.514268
0.712478
0.541696
0.461155
0.055861
