0.787245
0.407761
0.631237
0.929345
0.147479
0.061737
0.319770
0.970203
0.040948
0.215238
0.973390
0.306220
0.511035
0.530333
0.888209
0.706488
0.945921
0.432364
0.113128
0.699723
0.923023
0.000000
0.330765
0.502087
0.000000
0.023773
0.862270
0.714123
0.556751
0.000000
0.000000
0.030815
0.658924
0.147259
0.047837
0.000000
0.864819
0.887587
0.365303
0.164897
0.527526
0.631921
0.447081
0.105508
0.721220
0.000000
0.906093
0.357101
0.651904
0.000000
0.006957
0.000000
0.811808
0.888381
0.960795
0.277601
0.700911
0.021570
0.729781
0.334990
0.068011
0.810523
0.558638
0.470934
0.493133
0.861852
0.455143
0.232113
0.474921
0.958403
0.038008
0.953611
0.415139
0.970536
0.688854
0.958060
0.726144
0.872962
0.000000
0.897891
0.597625
0.439655
0.244602
0.106579
0.639156
0.246499
0.464403
0.996467
0.000000
0.524288
0.000000
0.118610
0.160871
0.025843
0.287430
0.426033
0.816930
0.668104
0.983930
0.927617
