0.500217
0.825044
0.766494
0.606877
0.148136
0.524837
0.337752
0.674704
0.396455
0.819528
0.676364
0.133733
0.995967
0.101179
0.956561
0.648017
0.627968
0.003124
0.528921
0.325388
0.246474
0.000000
0.940318
0.746221
0.000000
0.445913
0.856417
0.383208
0.479486
0.000000
0.000000
0.891633
0.882370
0.166982
0.384700
0.000000
0.984691
0.930382
0.894931
0.066680
0.240659
0.375170
0.921341
0.924989
0.109705
0.000000
0.507497
0.535497
0.376709
0.000000
0.814936
0.000000
0.370903
0.434399
0.944588
0.021939
0.299746
0.297343
0.063164
0.476300
0.248509
0.724769
0.272765
0.527123
0.036877
0.623471
0.363684
0.755548
0.613753
0.971629
0.217929
0.922755
0.621669
0.662269
0.724793
0.961061
0.068657
0.608382
0.000000
0.086439
0.712561
0.264445
0.602928
0.538848
0.045071
0.851453
0.078133
0.874570
0.000000
0.983684
0.000000
0.151468
0.071955
0.374546
0.638191
0.190580
0.785092
0.982095
0.631384
0.358538
