0.495832
0.403877
0.490534
0.957331
0.403415
0.746622
0.218816
0.085078
0.678546
0.646235
0.996394
0.352084
0.438092
0.669222
0.803812
0.883016
0.181410
0.663418
0.050634
0.236881
0.010036
0.000000
0.964564
0.407821
0.000000
0.619556
0.883932
0.965884
0.674027
0.000000
0.000000
0.013572
0.239301
0.117931
0.187362
0.000000
0.502297
0.602091
0.782532
0.177138
0.884284
0.299370
0.175850
0.003089
0.758020
0.000000
0.701630
0.458329
0.464256
0.000000
0.119531
0.000000
0.898044
0.835264
0.433758
0.983967
0.742032
0.092997
0.678953
0.308458
0.515162
0.263865
0.968791
0.934353
0.348586
0.847195
0.804598
0.097839
0.602651
0.834132
0.383119
0.701505
0.620143
0.699971
0.407497
0.596349
0.707813
0.768305
0.000000
0.121808
0.375488
0.751728
0.921047
0.333655
0.372372
0.354172
0.333631
0.115551
0.000000
0.573642
0.000000
0.686826
0.182385
0.116113
0.895803
0.782204
0.379791
0.413404
0.927746
0.996092
