0.917859
0.787245
0.495832
0.500620
0.640253
0.500217
0.911644
0.302259
0.034690
0.407761
0.403877
0.102676
0.668954
0.825044
0.681927
0.908123
0.996980
0.631237
0.490534
0.546193
0.659935
0.766494
0.175634
0.523757
0.879539
0.929345
0.957331
0.314119
0.618307
0.606877
0.371164
0.158128
0.555887
0.147479
0.403415
0.384706
0.023456
0.148136
0.099523
0.133901
0.691394
0.061737
0.746622
0.449545
0.468249
0.524837
0.684171
0.189049
0.929902
0.319770
0.218816
0.168624
0.371270
0.337752
0.457869
0.579698
0.282778
0.970203
0.085078
0.778374
0.402463
0.674704
0.175046
0.295049
0.060818
0.040948
0.678546
0.415340
0.814741
0.396455
0.525307
0.263553
0.545937
0.215238
0.646235
0.945280
0.886483
0.819528
0.651209
0.791715
0.387075
0.973390
0.996394
0.998552
0.193303
0.676364
0.548244
0.007654
0.361224
0.306220
0.352084
0.650392
0.757689
0.133733
0.127435
0.106156
0.953850
0.511035
0.438092
0.815804
0.995276
0.995967
0.822197
0.243092
0.149535
0.530333
0.669222
0.785983
0.636929
0.101179
0.531262
0.973601
0.546789
0.888209
0.803812
0.780931
0.805033
0.956561
0.570061
0.950332
0.404265
0.706488
0.883016
0.396838
0.223965
0.648017
0.605075
0.848445
0.932909
0.945921
0.181410
0.713844
0.694125
0.627968
0.683685
0.164440
0.978352
0.432364
0.663418
0.945096
0.620018
0.003124
0.093072
0.495665
0.076536
0.113128
0.050634
0.524885
0.373502
0.528921
0.237356
0.958072
0.645378
0.699723
0.236881
0.372104
0.275483
0.325388
0.323924
0.828567
0.671640
0.923023
0.010036
0.170429
0.570296
0.246474
0.201916
0.101380
0.000000
0.000000
0.000000
0.000000
0.000000
0.000000
0.000000
0.000000
0.802830
0.330765
0.964564
0.999076
0.768193
0.940318
0.990837
0.027417
0.488543
0.502087
0.407821
0.502203
0.654730
0.746221
0.541729
0.583806
0.000000
0.000000
0.000000
0.000000
0.000000
0.000000
0.000000
0.000000
0.173830
0.023773
0.619556
0.882268
0.614186
0.445913
0.908224
0.659765
0.175243
0.862270
0.883932
0.901571
0.820324
0.856417
0.185245
0.772357
0.094421
0.714123
0.965884
0.802237
0.358599
0.383208
0.372228
0.522861
0.809514
0.556751
0.674027
0.080944
0.188977
0.479486
0.030559
0.318984
0.000000
0.000000
0.000000
0.000000
0.000000
0.000000
0.000000
0.000000
0.000000
0.000000
0.000000
0.000000
0.000000
0.000000
0.000000
0.000000
0.530346
0.030815
0.013572
0.005126
0.849916
0.891633
0.941310
0.961118
0.066610
0.658924
0.239301
0.675323
0.807392
0.882370
0.488738
0.107088
0.623604
0.147259
0.117931
0.748649
0.550836
0.166982
0.012078
0.043211
0.044826
0.047837
0.187362
0.289541
0.722894
0.384700
0.260969
0.276113
0.000000
0.000000
0.000000
0.000000
0.000000
0.000000
0.000000
0.000000
0.278591
0.864819
0.502297
0.661146
0.796553
0.984691
0.380234
0.369866
0.766554
0.887587
0.602091
0.596514
0.384492
0.930382
0.263962
0.442639
0.439246
0.365303
0.782532
0.291396
0.676735
0.894931
0.363056
0.238004
0.208692
0.164897
0.177138
0.077034
0.022847
0.066680
0.369123
0.752567
0.269525
0.527526
0.884284
0.590208
0.458890
0.240659
0.644290
0.640976
0.996701
0.631921
0.299370
0.127555
0.645030
0.375170
0.123971
0.063003
0.851628
0.447081
0.175850
0.299051
0.963760
0.921341
0.963704
0.268319
0.665946
0.105508
0.003089
0.718177
0.667576
0.924989
0.520021
0.373339
0.328329
0.721220
0.758020
0.132713
0.506436
0.109705
0.225571
0.330777
0.000000
0.000000
0.000000
0.000000
0.000000
0.000000
0.000000
0.000000
0.865715
0.906093
0.701630
0.587955
0.891782
0.507497
0.392501
0.454279
0.810956
0.357101
0.458329
0.241870
0.499921
0.535497
0.398481
0.170381
0.874377
0.651904
0.464256
0.035247
0.007190
0.376709
0.914808
0.184963
0.000000
0.000000
0.000000
0.000000
0.000000
0.000000
0.000000
0.000000
0.020418
0.006957
0.119531
0.355780
0.641732
0.814936
0.259603
0.171449
0.000000
0.000000
0.000000
0.000000
0.000000
0.000000
0.000000
0.000000
0.180918
0.811808
0.898044
0.191794
0.896019
0.370903
0.478094
0.958603
0.262086
0.888381
0.835264
0.768690
0.567776
0.434399
0.592002
0.760666
0.271050
0.960795
0.433758
0.375926
0.672948
0.944588
0.647388
0.316022
0.521715
0.277601
0.983967
0.982438
0.378816
0.021939
0.038911
0.389364
0.394805
0.700911
0.742032
0.430415
0.027714
0.299746
0.043483
0.072687
0.082902
0.021570
0.092997
0.800018
0.423525
0.297343
0.463804
0.904421
0.872227
0.729781
0.678953
0.611670
0.671007
0.063164
0.995557
0.755688
0.363074
0.334990
0.308458
0.114540
0.198953
0.476300
0.497798
0.845733
0.054980
0.068011
0.515162
0.557927
0.589046
0.248509
0.297236
0.350636
0.078570
0.810523
0.263865
0.783611
0.196162
0.724769
0.829253
0.520680
0.507177
0.558638
0.968791
0.521434
0.824064
0.272765
0.842037
0.590745
0.270234
0.470934
0.934353
0.576986
0.826354
0.527123
0.784675
0.300212
0.152879
0.493133
0.348586
0.581364
0.997613
0.036877
0.761993
0.669054
0.393771
0.861852
0.847195
0.758918
0.661861
0.623471
0.616835
0.496274
0.104886
0.455143
0.804598
0.220337
0.782024
0.363684
0.420870
0.961466
0.863634
0.232113
0.097839
0.002129
0.991323
0.755548
0.866903
0.592153
0.529924
0.474921
0.602651
0.464719
0.550880
0.613753
0.945722
0.296409
0.248312
0.958403
0.834132
0.735623
0.721039
0.971629
0.342173
0.689519
0.052118
0.038008
0.383119
0.523584
0.187050
0.217929
0.286810
0.995569
0.787476
0.953611
0.701505
0.886926
0.645195
0.922755
0.563413
0.755328
0.347854
0.415139
0.620143
0.656514
0.762186
0.621669
0.184023
0.510215
0.643102
0.970536
0.699971
0.671769
0.797952
0.662269
0.840070
0.707501
0.100547
0.688854
0.407497
0.549366
0.929025
0.724793
0.554413
0.444653
0.723819
0.958060
0.596349
0.209822
0.315725
0.961061
0.678346
0.630455
0.863451
0.726144
0.707813
0.028430
0.020501
0.068657
0.176611
0.077655
0.557225
0.872962
0.768305
0.085166
0.490165
0.608382
0.934024
0.235931
0.000000
0.000000
0.000000
0.000000
0.000000
0.000000
0.000000
0.000000
0.973798
0.897891
0.121808
0.649898
0.383480
0.086439
0.031484
0.264914
0.009149
0.597625
0.375488
0.779011
0.793253
0.712561
0.168777
0.350322
0.657545
0.439655
0.751728
0.598521
0.275035
0.264445
0.277109
0.252898
0.367555
0.244602
0.921047
0.191554
0.577814
0.602928
0.643918
0.966591
0.535592
0.106579
0.333655
0.042904
0.682592
0.538848
0.498303
0.758797
0.276567
0.639156
0.372372
0.601987
0.037441
0.045071
0.024632
0.038603
0.418330
0.246499
0.354172
0.003101
0.845726
0.851453
0.932039
0.863013
0.596292
0.464403
0.333631
0.856068
0.410635
0.078133
0.487279
0.450361
0.837142
0.996467
0.115551
0.785192
0.884824
0.874570
0.694619
0.233543
0.000000
0.000000
0.000000
0.000000
0.000000
0.000000
0.000000
0.000000
0.712360
0.524288
0.573642
0.650775
0.510398
0.983684
0.945465
0.637312
0.000000
0.000000
0.000000
0.000000
0.000000
0.000000
0.000000
0.000000
0.557550
0.118610
0.686826
0.549191
0.742704
0.151468
0.980904
0.479388
0.010662
0.160871
0.182385
0.119964
0.113771
0.071955
0.746492
0.083328
0.471432
0.025843
0.116113
0.216858
0.353575
0.374546
0.425875
0.053589
0.900760
0.287430
0.895803
0.930324
0.556890
0.638191
0.352584
0.706574
0.514268
0.426033
0.782204
0.764351
0.065141
0.190580
0.213495
0.144443
0.712478
0.816930
0.379791
0.114502
0.970957
0.785092
0.261951
0.662161
0.541696
0.668104
0.413404
0.311073
0.393488
0.982095
0.822194
0.310460
0.461155
0.983930
0.927746
0.847177
0.634129
0.631384
0.648990
0.192222
0.055861
0.927617
0.996092
0.560725
0.841583
0.358538
0.553041
0.071235
