0.723816
0.527458
0.336342
0.570023
0.577253
0.027523
0.316915
0.449295
0.743814
0.732459
0.806583
0.661888
0.433519
0.612299
0.107656
0.677237
0.158001
0.687887
0.980103
0.570235
0.591632
0.689021
0.316772
0.745174
0.605303
0.561787
0.131802
0.005325
0.976451
0.734277
0.481792
0.675427
0.635926
0.035442
0.677689
0.800235
0.803305
0.293597
0.890153
0.467521
0.797817
0.474527
0.614712
0.469407
0.794952
0.980542
0.584958
0.912633
0.119551
0.244407
0.895250
0.911964
0.873157
0.566214
0.937889
0.831938
0.155131
0.185543
0.171590
0.681765
0.627496
0.956962
0.487385
0.727911
0.925069
0.582812
0.459278
0.811805
0.507577
0.045261
0.830246
0.036239
0.943984
0.327178
0.367038
0.926774
0.746081
0.144839
0.651555
0.853295
0.939021
0.923031
0.642833
0.131233
0.628382
0.067196
0.753101
0.780081
0.075798
0.667972
0.534595
0.423038
0.274926
0.180242
0.623518
0.087675
0.101773
0.524012
0.808327
0.930428
