0.484294
0.819793
0.690156
0.942080
0.555913
0.034432
0.716761
0.729276
0.594441
0.889601
0.870825
0.867692
0.073237
0.339188
0.105744
0.546543
0.301495
0.537465
0.971953
0.858950
0.760555
0.398708
0.643056
0.396852
0.385187
0.316772
0.244524
0.006921
0.952017
0.430481
0.297118
0.758298
0.626833
0.052178
0.478724
0.672488
0.655593
0.422334
0.958239
0.516557
0.819793
0.878349
0.964085
0.928612
0.814620
0.658514
0.631928
0.979807
0.158581
0.077517
0.582170
0.464137
0.758750
0.395339
0.947303
0.680859
0.394835
0.211224
0.257059
0.840120
0.377332
0.789423
0.282832
0.839912
0.445087
0.358357
0.839703
0.912299
0.330556
0.046748
0.398708
0.183949
0.658963
0.375710
0.603995
0.659638
0.889969
0.142773
0.149044
0.674975
0.515154
0.908583
0.296710
0.423391
0.718810
0.162430
0.295218
0.439639
0.074685
0.614273
0.288908
0.836357
0.242889
0.124021
0.360552
0.595740
0.380918
0.850237
0.761682
0.920168
