0.484294
0.723816
0.819793
0.527458
0.690156
0.336342
0.942080
0.570023
0.555913
0.577253
0.034432
0.027523
0.716761
0.316915
0.729276
0.449295
0.594441
0.743814
0.889601
0.732459
0.870825
0.806583
0.867692
0.661888
0.073237
0.433519
0.339188
0.612299
0.105744
0.107656
0.546543
0.677237
0.301495
0.158001
0.537465
0.687887
0.971953
0.980103
0.858950
0.570235
0.760555
0.591632
0.398708
0.689021
0.643056
0.316772
0.396852
0.745174
0.385187
0.605303
0.316772
0.561787
0.244524
0.131802
0.006921
0.005325
0.952017
0.976451
0.430481
0.734277
0.297118
0.481792
0.758298
0.675427
0.626833
0.635926
0.052178
0.035442
0.478724
0.677689
0.672488
0.800235
0.655593
0.803305
0.422334
0.293597
0.958239
0.890153
0.516557
0.467521
0.819793
0.797817
0.878349
0.474527
0.964085
0.614712
0.928612
0.469407
0.814620
0.794952
0.658514
0.980542
0.631928
0.584958
0.979807
0.912633
0.158581
0.119551
0.077517
0.244407
0.582170
0.895250
0.464137
0.911964
0.758750
0.873157
0.395339
0.566214
0.947303
0.937889
0.680859
0.831938
0.394835
0.155131
0.211224
0.185543
0.257059
0.171590
0.840120
0.681765
0.377332
0.627496
0.789423
0.956962
0.282832
0.487385
0.839912
0.727911
0.445087
0.925069
0.358357
0.582812
0.839703
0.459278
0.912299
0.811805
0.330556
0.507577
0.046748
0.045261
0.398708
0.830246
0.183949
0.036239
0.658963
0.943984
0.375710
0.327178
0.603995
0.367038
0.659638
0.926774
0.889969
0.746081
0.142773
0.144839
0.149044
0.651555
0.674975
0.853295
0.515154
0.939021
0.908583
0.923031
0.296710
0.642833
0.423391
0.131233
0.718810
0.628382
0.162430
0.067196
0.295218
0.753101
0.439639
0.780081
0.074685
0.075798
0.614273
0.667972
0.288908
0.534595
0.836357
0.423038
0.242889
0.274926
0.124021
0.180242
0.360552
0.623518
0.595740
0.087675
0.380918
0.101773
0.850237
0.524012
0.761682
0.808327
0.920168
0.930428
