0.586716
0.383399
0.403800
0.175566
0.498726
0.896156
0.733160
0.524781
0.193521
0.781511
0.468580
0.509559
0.815181
0.901694
0.483877
0.106360
0.753278
0.639207
0.726611
0.982595
0.852284
0.000000
0.579057
0.878604
0.000000
0.675201
0.319524
0.855922
0.367796
0.000000
0.000000
0.011160
0.174359
0.293773
0.025356
0.000000
0.788143
0.682691
0.292761
0.488763
0.852932
0.843346
0.425289
0.981563
0.604733
0.000000
0.730980
0.972473
0.123958
0.000000
0.007958
0.000000
0.063123
0.603827
0.056230
0.756450
0.386037
0.001113
0.520535
0.273242
0.936020
0.091784
0.455749
0.315049
0.537061
0.787112
0.828081
0.377247
0.643630
0.313422
0.086148
0.625009
0.274119
0.675685
0.858540
0.397500
0.070527
0.802479
0.000000
0.526590
0.532467
0.218872
0.135414
0.253743
0.031955
0.987364
0.969908
0.423692
0.000000
0.224777
0.000000
0.965049
0.858252
0.756856
0.146517
0.794481
0.756642
0.811190
0.985785
0.077129
