0.572167
0.815286
0.417534
0.849427
0.526204
0.469480
0.618208
0.523064
0.655260
0.585374
0.563643
0.329586
0.679293
0.764746
1.000000
0.213988
0.113971
0.003802
0.270273
0.695997
0.435147
0.000000
0.903200
0.612642
0.000000
0.236725
0.722643
0.502769
0.938306
0.000000
0.000000
0.795352
0.899058
0.903085
0.612878
0.000000
0.314489
0.746021
0.366196
0.569785
0.828005
0.355835
0.279449
0.743860
0.236805
0.000000
0.367723
0.502789
0.804524
0.000000
0.148352
0.000000
0.533037
0.460579
0.954062
0.081562
0.295347
0.542854
0.195058
0.247263
0.533824
0.537688
0.408651
0.710308
0.529854
0.461689
0.696788
0.660728
0.534962
0.718171
0.491030
0.426620
0.141429
0.832181
0.808091
0.940362
0.132148
0.733191
0.000000
0.088352
0.097142
0.444185
0.402474
0.180110
0.001901
0.432927
0.435574
0.922222
0.000000
0.661457
0.000000
0.887220
0.883169
0.148556
0.881818
0.281469
0.359488
0.483856
0.690483
0.234034
