0.640655
0.303851
0.556554
0.748036
0.375123
0.171457
0.506351
0.126516
0.411920
0.921900
0.993827
0.548268
0.868436
0.174758
0.950097
0.777581
0.249493
0.029536
0.269751
0.350201
0.924255
0.000000
0.345196
0.618195
0.000000
0.119726
0.692742
0.899741
0.089616
0.000000
0.000000
0.230634
0.925668
0.087044
0.203743
0.000000
0.742779
0.328912
0.750887
0.024812
0.330823
0.768884
0.948756
0.523850
0.114110
0.000000
0.291392
0.383774
0.204939
0.000000
0.440528
0.000000
0.893477
0.573043
0.503026
0.048664
0.195496
0.928978
0.538670
0.592409
0.195305
0.912662
0.125373
0.853440
0.708334
0.520553
0.624323
0.488283
0.932997
0.345922
0.423751
0.235221
0.316494
0.805201
0.832098
0.898365
0.059787
0.592245
0.000000
0.036694
0.221897
0.284553
0.604445
0.768959
0.000802
0.775084
0.265938
0.700031
0.000000
0.896515
0.000000
0.564750
0.710052
0.609069
0.319799
0.138941
0.526783
0.716149
0.572923
0.838980
