0.421756
0.924576
0.264018
0.242315
0.898808
0.339148
0.684134
0.863917
0.346604
0.677023
0.693237
0.991697
0.885873
0.113846
0.080585
0.213852
0.154147
0.133268
0.442488
0.550062
0.867523
0.000000
0.304808
0.276782
0.000000
0.051545
0.170521
0.217756
0.511090
0.000000
0.000000
0.413495
0.598641
0.695831
0.564567
0.000000
0.878055
0.376137
0.337629
0.450003
0.121201
0.474338
0.410292
0.537997
0.518222
0.000000
0.715686
0.693934
0.605042
0.000000
0.975922
0.000000
0.973460
0.916363
0.575699
0.115607
0.302709
0.279287
0.843219
0.410398
0.513182
0.330629
0.971411
0.945896
0.336975
0.751954
0.446359
0.748934
0.427774
0.917654
0.713215
0.681087
0.634703
0.477700
0.677039
0.582204
0.205688
0.920503
0.000000
0.442810
0.172040
0.779406
0.907785
0.056310
0.017230
0.273085
0.883664
0.955675
0.000000
0.787113
0.000000
0.759645
0.715928
0.461581
0.446249
0.309987
0.631931
0.483513
0.618766
0.161532
