0.493190
0.356231
0.948397
0.528117
0.534919
0.840243
0.909207
0.845002
0.068116
0.107806
0.623193
0.255779
0.275193
1.000000
0.716687
0.622796
0.715788
0.710974
0.475749
0.383947
0.272900
0.000000
0.306656
0.444222
0.000000
0.934400
0.406441
0.464170
0.719332
0.000000
0.000000
0.073620
0.463607
0.394014
0.017671
0.000000
0.611589
0.812254
0.341190
0.650999
0.883507
0.979538
0.282763
0.711345
0.500472
0.000000
0.830485
0.864644
0.484668
0.000000
0.004247
0.000000
0.617075
0.188720
0.133367
0.472962
0.355235
0.000830
0.726686
0.471439
0.210863
0.035184
0.450768
0.494975
0.233038
0.481108
0.194555
0.553993
0.726148
0.158926
0.035563
0.443473
0.832136
0.804736
0.359125
0.146420
0.167836
0.922412
0.000000
0.652377
0.150523
0.366012
0.006254
0.462187
0.046470
0.303572
0.764269
0.993508
0.000000
0.381136
0.000000
0.547920
0.517301
0.438300
0.251445
0.596468
0.708029
0.734191
0.527850
0.695144
