0.366134
0.879908
0.713294
0.277201
0.809806
0.245391
0.535347
0.595564
0.447150
0.854676
0.878878
0.670998
0.960335
0.116075
0.157642
0.111146
0.251272
0.035706
0.575563
0.516836
0.499960
0.000000
0.467829
0.302063
0.000000
0.035167
0.163702
0.418232
0.477741
0.000000
0.000000
0.274333
0.769491
0.879268
0.483112
0.000000
0.959994
0.435650
0.405941
0.536239
0.166688
0.522239
0.436981
0.705114
0.527818
0.000000
0.898583
0.777540
0.705824
0.000000
0.896818
0.000000
0.933544
0.982000
0.479648
0.095043
0.205062
0.321732
0.876468
0.380374
0.550485
0.553345
0.739866
0.603221
0.381516
0.993844
0.451550
0.979791
0.713495
0.877789
0.764139
0.951806
0.620052
0.627677
0.667768
0.526762
0.341014
0.699548
0.000000
0.407465
0.269197
0.981100
0.950394
0.129817
0.027304
0.216701
0.865203
0.806622
0.000000
0.911161
0.000000
0.884593
0.685935
0.632736
0.596203
0.424203
0.920821
0.524098
0.724256
0.180178
