0.661194
0.742950
0.526880
0.857383
0.456458
0.295903
0.912453
0.385701
0.490682
0.603805
0.610451
0.985619
0.816104
0.451794
0.729139
0.671219
0.128392
0.007451
0.254869
0.475489
0.865049
0.000000
0.546619
0.904631
0.000000
0.170824
0.721918
0.464214
0.569287
0.000000
0.000000
0.503587
0.920295
0.341657
0.241705
0.000000
0.794878
0.664049
0.622844
0.183096
0.728787
0.711961
0.519413
0.899918
0.168419
0.000000
0.419265
0.380844
0.538954
0.000000
0.206910
0.000000
0.790955
0.423519
0.843900
0.068890
0.207315
0.843626
0.371323
0.260697
0.264254
0.478950
0.200453
0.983691
0.830407
0.404506
0.856431
0.505922
0.780815
0.308033
0.434864
0.254374
0.198675
0.802023
0.897332
0.991691
0.100686
0.944875
0.000000
0.059032
0.098787
0.147682
0.315793
0.601687
0.000596
0.905136
0.216157
0.772728
0.000000
0.639957
0.000000
0.658781
0.827938
0.192797
0.418908
0.190213
0.308567
0.700089
0.717363
0.347152
