0.211886
0.569661
0.687565
0.196774
0.750323
0.285117
0.370126
0.537882
0.839040
0.732852
0.849378
0.442476
0.828782
0.431259
0.489546
0.137024
0.258042
0.010210
0.531288
0.662075
0.261484
0.000000
0.833847
0.319120
0.000000
0.038997
0.257406
0.656958
0.394675
0.000000
0.000000
0.487066
0.985049
0.899513
0.512617
0.000000
0.830368
0.581497
0.488932
0.663638
0.485624
0.616180
0.305514
0.784688
0.379884
0.000000
0.638041
0.730357
0.593180
0.000000
0.840386
0.000000
0.915431
0.708383
0.624012
0.039260
0.217106
0.302691
0.569400
0.308331
0.523386
0.622968
0.547446
0.664196
0.324468
0.814308
0.378117
0.943547
0.920513
0.955562
0.727030
0.884166
0.409768
0.672584
0.493919
0.610717
0.540569
0.969012
0.000000
0.148167
0.385044
0.863003
0.728883
0.142562
0.030813
0.260641
0.706977
0.491457
0.000000
0.683607
0.000000
0.985748
0.719587
0.468829
0.430812
0.529495
0.731413
0.479877
0.919773
0.172196
