0.395483
0.671338
0.176052
0.283696
0.880182
0.256902
0.769744
0.766545
0.303205
0.562669
0.899128
0.908170
0.601749
0.177916
0.085400
0.349759
0.102533
0.218742
0.406923
0.668745
0.784520
0.000000
0.371151
0.211656
0.000000
0.101558
0.259662
0.228567
0.437207
0.000000
0.000000
0.723187
0.478651
0.571065
0.806216
0.000000
0.927601
0.350366
0.512323
0.598899
0.237940
0.449007
0.372102
0.333289
0.321922
0.000000
0.596977
0.605327
0.713278
0.000000
0.618366
0.000000
0.983378
1.000000
0.477362
0.071540
0.547527
0.319788
0.771819
0.253063
0.399584
0.342932
0.856412
0.841833
0.378094
0.850147
0.468575
0.619309
0.429615
0.725500
0.658552
0.608347
0.604072
0.329807
0.644642
0.503311
0.247141
0.970088
0.000000
0.521653
0.152653
0.684708
0.663400
0.072997
0.020552
0.380404
0.668037
0.879654
0.000000
0.882103
0.000000
0.502494
0.595816
0.182487
0.262808
0.266155
0.522733
0.547172
0.655885
0.144827
