0.967429
0.487115
0.904353
0.189819
0.526578
0.826175
0.831857
0.446362
0.151719
0.157965
0.788678
0.464871
0.693215
0.996710
0.901406
0.396413
0.447669
0.964048
0.737571
0.507354
0.287302
0.000000
0.368838
0.709819
0.000000
0.870259
0.283859
0.554516
0.312848
0.000000
0.000000
0.037331
0.275836
0.231163
0.017319
0.000000
0.866629
0.697664
0.417824
0.975518
0.796064
0.966922
0.465986
0.900534
0.323385
0.000000
0.658691
0.718630
0.327045
0.000000
0.002747
0.000000
0.236979
0.510834
0.060144
0.779334
0.194775
0.000891
0.803282
0.340765
0.443805
0.057467
0.706978
0.697626
0.424754
0.504326
0.327707
0.428618
0.808235
0.271940
0.039163
0.440947
0.897740
0.823941
0.500802
0.144472
0.110091
0.612310
0.000000
0.481683
0.204826
0.324554
0.005506
0.873186
0.023568
0.313052
0.634042
0.965659
0.000000
0.264563
0.000000
0.848600
0.296068
0.341863
0.202789
0.762298
0.637764
1.000000
0.201873
0.426118
