0.403969
0.015293
0.495475
0.744658
0.215354
0.119298
0.583418
0.838304
0.639164
0.426487
0.716117
0.105325
0.548197
0.673458
0.914560
0.830018
0.323150
0.906774
0.358561
0.381133
0.295639
0.000000
0.494697
0.952034
0.000000
0.819734
0.912195
0.924719
0.600568
0.000000
0.000000
0.054859
0.373519
0.324231
0.019501
0.000000
0.828756
0.796970
0.546686
0.603247
0.938481
0.433298
0.238185
0.474241
0.338724
0.000000
0.679320
0.215308
0.402223
0.000000
0.021208
0.000000
0.648193
0.495879
0.078426
0.407893
0.155032
0.016105
0.391158
0.504547
0.158561
0.510480
0.756159
0.889807
0.152338
0.421908
0.075386
0.150202
0.719424
0.310743
0.040449
0.899880
0.815982
0.616407
0.217124
0.172359
0.133059
0.380071
0.000000
0.545053
0.247466
0.696838
0.128089
0.177744
0.029199
0.843190
0.803617
0.502137
0.000000
0.809129
0.000000
0.681460
0.757586
0.077498
0.982745
0.239418
0.400997
0.889428
0.509136
0.598042
