0.245478
0.123229
0.903760
0.493808
0.395560
0.565126
0.718982
0.966173
0.161788
0.201124
0.640159
0.126392
0.222871
0.859476
0.713583
0.749384
0.641016
0.666556
0.366645
0.284455
0.401793
0.000000
0.284824
0.603626
0.000000
0.970866
0.635969
0.893255
0.733741
0.000000
0.000000
0.069108
0.566932
0.387340
0.011053
0.000000
0.677432
0.774766
0.388428
0.697378
0.885912
0.727095
0.294468
0.496464
0.875093
0.000000
0.927647
0.715005
0.373460
0.000000
0.010420
0.000000
0.969356
0.166852
0.137708
0.347332
0.323390
0.002804
0.498555
0.589438
0.174119
0.093358
0.762189
0.496703
0.177635
0.550369
0.067745
0.902474
0.635764
0.215065
0.020492
0.505903
0.700954
0.676033
0.315891
0.161293
0.234952
0.628381
0.000000
0.653062
0.197606
0.435819
0.025616
0.299615
0.028128
0.485158
0.792101
0.953938
0.000000
0.806709
0.000000
0.562932
0.736202
0.299991
0.600611
0.377349
0.872662
0.950460
0.704523
0.730416
