0.739577
0.501084
0.790011
0.111005
0.481678
0.981133
0.779744
0.350755
0.172751
0.473497
0.674317
0.532219
0.969810
0.997024
0.643907
0.137805
0.540773
0.987801
0.790379
0.744995
0.571894
0.000000
0.462828
1.000000
0.000000
0.983629
0.311266
0.748399
0.225203
0.000000
0.000000
0.016487
0.205234
0.215539
0.018774
0.000000
0.903891
0.702168
0.471007
0.659167
0.967850
0.891505
0.618814
0.917460
0.413613
0.000000
0.703784
0.938329
0.125271
0.000000
0.006752
0.000000
0.093283
0.551999
0.055853
0.996389
0.277595
0.001586
0.409237
0.330666
0.743480
0.091995
0.850622
0.475717
0.628269
0.705823
0.404194
0.382471
0.848061
0.357871
0.062907
0.473358
0.512330
0.806059
0.905570
0.186828
0.082175
0.732459
0.000000
0.433257
0.342074
0.378429
0.047903
0.448467
0.016727
0.654402
0.853588
0.696958
0.000000
0.242295
0.000000
0.988123
0.461525
0.468829
0.184468
0.969370
0.721871
0.899999
0.350516
0.162495
