0.273813
0.573974
0.382013
0.245351
0.641820
0.470556
0.393656
0.523519
0.926472
0.558611
0.635845
0.295920
0.653943
0.983550
0.905494
0.174822
0.155492
0.005765
0.394541
0.796065
0.220759
0.000000
0.988436
0.390721
0.000000
0.104328
0.477132
0.585379
0.565069
0.000000
0.000000
0.878798
0.966950
0.957179
0.721108
0.000000
0.485426
0.625904
0.325672
0.837890
0.734872
0.411168
0.198577
0.878587
0.258562
0.000000
0.452269
0.441402
0.684313
0.000000
0.413209
0.000000
0.580517
0.689195
0.898933
0.041464
0.347279
0.289784
0.225797
0.426034
0.608279
0.623591
0.418131
0.748996
0.284381
0.731506
0.370203
0.865309
0.572185
0.901942
0.630644
0.600100
0.200783
0.841300
0.729826
0.965946
0.471696
0.642769
0.000000
0.060619
0.300509
0.909325
0.626965
0.073347
0.012703
0.240473
0.570904
0.561094
0.000000
0.683532
0.000000
0.918728
0.661820
0.298585
0.733658
0.426055
0.508892
0.344818
0.924935
0.167813
