0.263947
0.371130
0.328542
0.148452
0.516687
0.752174
0.593394
0.473280
0.304257
0.865547
0.718260
0.677100
0.780752
0.933046
0.503789
0.206746
0.851733
0.264811
0.955378
0.885153
0.696403
0.000000
0.397660
0.959693
0.000000
0.731362
0.576978
0.984165
0.473615
0.000000
0.000000
0.021197
0.365765
0.249115
0.011562
0.000000
0.765966
0.993367
0.543915
0.471828
0.843223
0.223263
0.438328
0.695390
0.766968
0.000000
0.973120
0.806320
0.320525
0.000000
0.011763
0.000000
0.136869
0.812851
0.211812
0.855564
0.595117
0.022060
0.854395
0.602618
0.888349
0.147746
0.312534
0.361858
0.400674
0.327881
0.941968
0.564653
0.343548
0.670236
0.029455
0.759892
0.235673
0.323420
0.784431
0.627160
0.111981
0.599597
0.000000
0.974996
0.710487
0.058291
0.250448
0.578707
0.058126
0.803132
0.729062
0.242205
0.000000
0.778713
0.000000
0.944630
0.708222
0.554169
0.257044
0.201256
0.967372
0.544186
0.640203
0.300267
