0.883133
0.186845
0.786876
0.477122
0.934578
0.362922
0.140194
0.187181
0.390757
0.643892
0.520051
0.524251
0.787949
0.134417
0.505483
0.945391
0.134667
0.150786
0.131600
0.311873
0.630261
0.000000
0.408702
0.148810
0.000000
0.270255
0.892385
0.722886
0.020829
0.000000
0.000000
0.238442
0.940548
0.161093
0.284198
0.000000
0.989693
0.607140
0.523776
0.007821
0.309651
0.734390
0.895805
0.900534
0.152409
0.000000
0.248429
0.319574
0.007286
0.000000
0.628190
0.000000
0.790013
0.541803
0.387773
0.069337
0.126334
0.877311
0.454880
0.838953
0.550541
0.692268
0.357807
0.972652
0.592467
0.696913
0.539648
0.610851
0.947225
0.537867
0.608334
0.267638
0.539629
0.779229
0.478821
0.953575
0.003206
0.553400
0.000000
0.107786
0.290124
0.778038
0.757759
0.338224
0.001765
0.878968
0.617981
0.698403
0.000000
0.499143
0.000000
0.358451
0.951558
0.416234
0.368629
0.381271
0.688748
0.745819
0.589462
0.581150
