0.825483
0.033452
0.725228
0.536438
0.095877
0.061946
0.814465
0.869894
0.817539
0.564972
0.727512
0.158348
0.829627
0.729048
0.756778
0.875590
0.204338
0.973032
0.151668
0.710779
0.097030
0.000000
0.875608
0.765948
0.000000
0.775011
0.911289
0.604272
0.501047
0.000000
0.000000
0.072697
0.542469
0.367029
0.074279
0.000000
0.569752
0.391482
0.842083
0.083842
0.809849
0.365583
0.225741
0.317363
0.598028
0.000000
0.585736
0.081538
0.097661
0.000000
0.181571
0.000000
0.809925
0.791493
0.167535
0.417629
0.126334
0.151711
0.903345
0.297612
0.169196
0.763573
0.835073
0.810352
0.259796
0.358575
0.166576
0.053476
0.740675
0.600532
0.254793
0.368078
0.765761
0.758827
0.164477
0.133089
0.027641
0.519439
0.000000
0.752077
0.215749
0.952321
0.955280
0.427732
0.069407
0.717607
0.768227
0.228016
0.000000
0.897570
0.000000
0.435345
0.644296
0.019821
0.646315
0.258365
0.301599
0.636681
0.757815
0.594254
