0.470821
0.285328
0.276145
0.139278
0.565100
0.718497
0.644333
0.549337
0.227021
0.800015
0.418116
0.535108
0.977838
0.878144
0.538057
0.184701
0.927722
0.385117
0.814973
0.907612
0.733741
0.000000
0.517831
0.874800
0.000000
0.746457
0.468247
0.788982
0.441038
0.000000
0.000000
0.008414
0.196977
0.298445
0.017624
0.000000
0.664563
0.692609
0.401179
0.490586
0.769230
0.545529
0.408372
0.957106
0.617672
0.000000
0.923063
0.734374
0.206563
0.000000
0.004805
0.000000
0.131501
0.728927
0.096604
0.768342
0.399756
0.002360
0.854558
0.309299
0.907045
0.098659
0.387262
0.314356
0.374853
0.325061
0.948954
0.450470
0.314931
0.435744
0.041487
0.829553
0.257957
0.400359
0.951397
0.573984
0.102960
0.514381
0.000000
0.716353
0.592893
0.078790
0.155914
0.469988
0.042786
0.941232
0.888286
0.266299
0.000000
0.498260
0.000000
0.852352
0.870416
0.882935
0.189184
0.390309
0.887454
0.649573
0.661467
0.128440
