0.263947
0.470821
0.586716
0.739577
0.967429
0.493190
0.245478
0.403969
0.825483
0.883133
0.640655
0.661194
0.572167
0.273813
0.211886
0.366134
0.421756
0.395483
0.371130
0.285328
0.383399
0.501084
0.487115
0.356231
0.123229
0.015293
0.033452
0.186845
0.303851
0.742950
0.815286
0.573974
0.569661
0.879908
0.924576
0.671338
0.328542
0.276145
0.403800
0.790011
0.904353
0.948397
0.903760
0.495475
0.725228
0.786876
0.556554
0.526880
0.417534
0.382013
0.687565
0.713294
0.264018
0.176052
0.148452
0.139278
0.175566
0.111005
0.189819
0.528117
0.493808
0.744658
0.536438
0.477122
0.748036
0.857383
0.849427
0.245351
0.196774
0.277201
0.242315
0.283696
0.516687
0.565100
0.498726
0.481678
0.526578
0.534919
0.395560
0.215354
0.095877
0.934578
0.375123
0.456458
0.526204
0.641820
0.750323
0.809806
0.898808
0.880182
0.752174
0.718497
0.896156
0.981133
0.826175
0.840243
0.565126
0.119298
0.061946
0.362922
0.171457
0.295903
0.469480
0.470556
0.285117
0.245391
0.339148
0.256902
0.593394
0.644333
0.733160
0.779744
0.831857
0.909207
0.718982
0.583418
0.814465
0.140194
0.506351
0.912453
0.618208
0.393656
0.370126
0.535347
0.684134
0.769744
0.473280
0.549337
0.524781
0.350755
0.446362
0.845002
0.966173
0.838304
0.869894
0.187181
0.126516
0.385701
0.523064
0.523519
0.537882
0.595564
0.863917
0.766545
0.304257
0.227021
0.193521
0.172751
0.151719
0.068116
0.161788
0.639164
0.817539
0.390757
0.411920
0.490682
0.655260
0.926472
0.839040
0.447150
0.346604
0.303205
0.865547
0.800015
0.781511
0.473497
0.157965
0.107806
0.201124
0.426487
0.564972
0.643892
0.921900
0.603805
0.585374
0.558611
0.732852
0.854676
0.677023
0.562669
0.718260
0.418116
0.468580
0.674317
0.788678
0.623193
0.640159
0.716117
0.727512
0.520051
0.993827
0.610451
0.563643
0.635845
0.849378
0.878878
0.693237
0.899128
0.677100
0.535108
0.509559
0.532219
0.464871
0.255779
0.126392
0.105325
0.158348
0.524251
0.548268
0.985619
0.329586
0.295920
0.442476
0.670998
0.991697
0.908170
0.780752
0.977838
0.815181
0.969810
0.693215
0.275193
0.222871
0.548197
0.829627
0.787949
0.868436
0.816104
0.679293
0.653943
0.828782
0.960335
0.885873
0.601749
0.933046
0.878144
0.901694
0.997024
0.996710
1.000000
0.859476
0.673458
0.729048
0.134417
0.174758
0.451794
0.764746
0.983550
0.431259
0.116075
0.113846
0.177916
0.503789
0.538057
0.483877
0.643907
0.901406
0.716687
0.713583
0.914560
0.756778
0.505483
0.950097
0.729139
1.000000
0.905494
0.489546
0.157642
0.080585
0.085400
0.206746
0.184701
0.106360
0.137805
0.396413
0.622796
0.749384
0.830018
0.875590
0.945391
0.777581
0.671219
0.213988
0.174822
0.137024
0.111146
0.213852
0.349759
0.851733
0.927722
0.753278
0.540773
0.447669
0.715788
0.641016
0.323150
0.204338
0.134667
0.249493
0.128392
0.113971
0.155492
0.258042
0.251272
0.154147
0.102533
0.264811
0.385117
0.639207
0.987801
0.964048
0.710974
0.666556
0.906774
0.973032
0.150786
0.029536
0.007451
0.003802
0.005765
0.010210
0.035706
0.133268
0.218742
0.955378
0.814973
0.726611
0.790379
0.737571
0.475749
0.366645
0.358561
0.151668
0.131600
0.269751
0.254869
0.270273
0.394541
0.531288
0.575563
0.442488
0.406923
0.885153
0.907612
0.982595
0.744995
0.507354
0.383947
0.284455
0.381133
0.710779
0.311873
0.350201
0.475489
0.695997
0.796065
0.662075
0.516836
0.550062
0.668745
0.696403
0.733741
0.852284
0.571894
0.287302
0.272900
0.401793
0.295639
0.097030
0.630261
0.924255
0.865049
0.435147
0.220759
0.261484
0.499960
0.867523
0.784520
0.000000
0.000000
0.000000
0.000000
0.000000
0.000000
0.000000
0.000000
0.000000
0.000000
0.000000
0.000000
0.000000
0.000000
0.000000
0.000000
0.000000
0.000000
0.397660
0.517831
0.579057
0.462828
0.368838
0.306656
0.284824
0.494697
0.875608
0.408702
0.345196
0.546619
0.903200
0.988436
0.833847
0.467829
0.304808
0.371151
0.959693
0.874800
0.878604
1.000000
0.709819
0.444222
0.603626
0.952034
0.765948
0.148810
0.618195
0.904631
0.612642
0.390721
0.319120
0.302063
0.276782
0.211656
0.000000
0.000000
0.000000
0.000000
0.000000
0.000000
0.000000
0.000000
0.000000
0.000000
0.000000
0.000000
0.000000
0.000000
0.000000
0.000000
0.000000
0.000000
0.731362
0.746457
0.675201
0.983629
0.870259
0.934400
0.970866
0.819734
0.775011
0.270255
0.119726
0.170824
0.236725
0.104328
0.038997
0.035167
0.051545
0.101558
0.576978
0.468247
0.319524
0.311266
0.283859
0.406441
0.635969
0.912195
0.911289
0.892385
0.692742
0.721918
0.722643
0.477132
0.257406
0.163702
0.170521
0.259662
0.984165
0.788982
0.855922
0.748399
0.554516
0.464170
0.893255
0.924719
0.604272
0.722886
0.899741
0.464214
0.502769
0.585379
0.656958
0.418232
0.217756
0.228567
0.473615
0.441038
0.367796
0.225203
0.312848
0.719332
0.733741
0.600568
0.501047
0.020829
0.089616
0.569287
0.938306
0.565069
0.394675
0.477741
0.511090
0.437207
0.000000
0.000000
0.000000
0.000000
0.000000
0.000000
0.000000
0.000000
0.000000
0.000000
0.000000
0.000000
0.000000
0.000000
0.000000
0.000000
0.000000
0.000000
0.000000
0.000000
0.000000
0.000000
0.000000
0.000000
0.000000
0.000000
0.000000
0.000000
0.000000
0.000000
0.000000
0.000000
0.000000
0.000000
0.000000
0.000000
0.021197
0.008414
0.011160
0.016487
0.037331
0.073620
0.069108
0.054859
0.072697
0.238442
0.230634
0.503587
0.795352
0.878798
0.487066
0.274333
0.413495
0.723187
0.365765
0.196977
0.174359
0.205234
0.275836
0.463607
0.566932
0.373519
0.542469
0.940548
0.925668
0.920295
0.899058
0.966950
0.985049
0.769491
0.598641
0.478651
0.249115
0.298445
0.293773
0.215539
0.231163
0.394014
0.387340
0.324231
0.367029
0.161093
0.087044
0.341657
0.903085
0.957179
0.899513
0.879268
0.695831
0.571065
0.011562
0.017624
0.025356
0.018774
0.017319
0.017671
0.011053
0.019501
0.074279
0.284198
0.203743
0.241705
0.612878
0.721108
0.512617
0.483112
0.564567
0.806216
0.000000
0.000000
0.000000
0.000000
0.000000
0.000000
0.000000
0.000000
0.000000
0.000000
0.000000
0.000000
0.000000
0.000000
0.000000
0.000000
0.000000
0.000000
0.765966
0.664563
0.788143
0.903891
0.866629
0.611589
0.677432
0.828756
0.569752
0.989693
0.742779
0.794878
0.314489
0.485426
0.830368
0.959994
0.878055
0.927601
0.993367
0.692609
0.682691
0.702168
0.697664
0.812254
0.774766
0.796970
0.391482
0.607140
0.328912
0.664049
0.746021
0.625904
0.581497
0.435650
0.376137
0.350366
0.543915
0.401179
0.292761
0.471007
0.417824
0.341190
0.388428
0.546686
0.842083
0.523776
0.750887
0.622844
0.366196
0.325672
0.488932
0.405941
0.337629
0.512323
0.471828
0.490586
0.488763
0.659167
0.975518
0.650999
0.697378
0.603247
0.083842
0.007821
0.024812
0.183096
0.569785
0.837890
0.663638
0.536239
0.450003
0.598899
0.843223
0.769230
0.852932
0.967850
0.796064
0.883507
0.885912
0.938481
0.809849
0.309651
0.330823
0.728787
0.828005
0.734872
0.485624
0.166688
0.121201
0.237940
0.223263
0.545529
0.843346
0.891505
0.966922
0.979538
0.727095
0.433298
0.365583
0.734390
0.768884
0.711961
0.355835
0.411168
0.616180
0.522239
0.474338
0.449007
0.438328
0.408372
0.425289
0.618814
0.465986
0.282763
0.294468
0.238185
0.225741
0.895805
0.948756
0.519413
0.279449
0.198577
0.305514
0.436981
0.410292
0.372102
0.695390
0.957106
0.981563
0.917460
0.900534
0.711345
0.496464
0.474241
0.317363
0.900534
0.523850
0.899918
0.743860
0.878587
0.784688
0.705114
0.537997
0.333289
0.766968
0.617672
0.604733
0.413613
0.323385
0.500472
0.875093
0.338724
0.598028
0.152409
0.114110
0.168419
0.236805
0.258562
0.379884
0.527818
0.518222
0.321922
0.000000
0.000000
0.000000
0.000000
0.000000
0.000000
0.000000
0.000000
0.000000
0.000000
0.000000
0.000000
0.000000
0.000000
0.000000
0.000000
0.000000
0.000000
0.973120
0.923063
0.730980
0.703784
0.658691
0.830485
0.927647
0.679320
0.585736
0.248429
0.291392
0.419265
0.367723
0.452269
0.638041
0.898583
0.715686
0.596977
0.806320
0.734374
0.972473
0.938329
0.718630
0.864644
0.715005
0.215308
0.081538
0.319574
0.383774
0.380844
0.502789
0.441402
0.730357
0.777540
0.693934
0.605327
0.320525
0.206563
0.123958
0.125271
0.327045
0.484668
0.373460
0.402223
0.097661
0.007286
0.204939
0.538954
0.804524
0.684313
0.593180
0.705824
0.605042
0.713278
0.000000
0.000000
0.000000
0.000000
0.000000
0.000000
0.000000
0.000000
0.000000
0.000000
0.000000
0.000000
0.000000
0.000000
0.000000
0.000000
0.000000
0.000000
0.011763
0.004805
0.007958
0.006752
0.002747
0.004247
0.010420
0.021208
0.181571
0.628190
0.440528
0.206910
0.148352
0.413209
0.840386
0.896818
0.975922
0.618366
0.000000
0.000000
0.000000
0.000000
0.000000
0.000000
0.000000
0.000000
0.000000
0.000000
0.000000
0.000000
0.000000
0.000000
0.000000
0.000000
0.000000
0.000000
0.136869
0.131501
0.063123
0.093283
0.236979
0.617075
0.969356
0.648193
0.809925
0.790013
0.893477
0.790955
0.533037
0.580517
0.915431
0.933544
0.973460
0.983378
0.812851
0.728927
0.603827
0.551999
0.510834
0.188720
0.166852
0.495879
0.791493
0.541803
0.573043
0.423519
0.460579
0.689195
0.708383
0.982000
0.916363
1.000000
0.211812
0.096604
0.056230
0.055853
0.060144
0.133367
0.137708
0.078426
0.167535
0.387773
0.503026
0.843900
0.954062
0.898933
0.624012
0.479648
0.575699
0.477362
0.855564
0.768342
0.756450
0.996389
0.779334
0.472962
0.347332
0.407893
0.417629
0.069337
0.048664
0.068890
0.081562
0.041464
0.039260
0.095043
0.115607
0.071540
0.595117
0.399756
0.386037
0.277595
0.194775
0.355235
0.323390
0.155032
0.126334
0.126334
0.195496
0.207315
0.295347
0.347279
0.217106
0.205062
0.302709
0.547527
0.022060
0.002360
0.001113
0.001586
0.000891
0.000830
0.002804
0.016105
0.151711
0.877311
0.928978
0.843626
0.542854
0.289784
0.302691
0.321732
0.279287
0.319788
0.854395
0.854558
0.520535
0.409237
0.803282
0.726686
0.498555
0.391158
0.903345
0.454880
0.538670
0.371323
0.195058
0.225797
0.569400
0.876468
0.843219
0.771819
0.602618
0.309299
0.273242
0.330666
0.340765
0.471439
0.589438
0.504547
0.297612
0.838953
0.592409
0.260697
0.247263
0.426034
0.308331
0.380374
0.410398
0.253063
0.888349
0.907045
0.936020
0.743480
0.443805
0.210863
0.174119
0.158561
0.169196
0.550541
0.195305
0.264254
0.533824
0.608279
0.523386
0.550485
0.513182
0.399584
0.147746
0.098659
0.091784
0.091995
0.057467
0.035184
0.093358
0.510480
0.763573
0.692268
0.912662
0.478950
0.537688
0.623591
0.622968
0.553345
0.330629
0.342932
0.312534
0.387262
0.455749
0.850622
0.706978
0.450768
0.762189
0.756159
0.835073
0.357807
0.125373
0.200453
0.408651
0.418131
0.547446
0.739866
0.971411
0.856412
0.361858
0.314356
0.315049
0.475717
0.697626
0.494975
0.496703
0.889807
0.810352
0.972652
0.853440
0.983691
0.710308
0.748996
0.664196
0.603221
0.945896
0.841833
0.400674
0.374853
0.537061
0.628269
0.424754
0.233038
0.177635
0.152338
0.259796
0.592467
0.708334
0.830407
0.529854
0.284381
0.324468
0.381516
0.336975
0.378094
0.327881
0.325061
0.787112
0.705823
0.504326
0.481108
0.550369
0.421908
0.358575
0.696913
0.520553
0.404506
0.461689
0.731506
0.814308
0.993844
0.751954
0.850147
0.941968
0.948954
0.828081
0.404194
0.327707
0.194555
0.067745
0.075386
0.166576
0.539648
0.624323
0.856431
0.696788
0.370203
0.378117
0.451550
0.446359
0.468575
0.564653
0.450470
0.377247
0.382471
0.428618
0.553993
0.902474
0.150202
0.053476
0.610851
0.488283
0.505922
0.660728
0.865309
0.943547
0.979791
0.748934
0.619309
0.343548
0.314931
0.643630
0.848061
0.808235
0.726148
0.635764
0.719424
0.740675
0.947225
0.932997
0.780815
0.534962
0.572185
0.920513
0.713495
0.427774
0.429615
0.670236
0.435744
0.313422
0.357871
0.271940
0.158926
0.215065
0.310743
0.600532
0.537867
0.345922
0.308033
0.718171
0.901942
0.955562
0.877789
0.917654
0.725500
0.029455
0.041487
0.086148
0.062907
0.039163
0.035563
0.020492
0.040449
0.254793
0.608334
0.423751
0.434864
0.491030
0.630644
0.727030
0.764139
0.713215
0.658552
0.759892
0.829553
0.625009
0.473358
0.440947
0.443473
0.505903
0.899880
0.368078
0.267638
0.235221
0.254374
0.426620
0.600100
0.884166
0.951806
0.681087
0.608347
0.235673
0.257957
0.274119
0.512330
0.897740
0.832136
0.700954
0.815982
0.765761
0.539629
0.316494
0.198675
0.141429
0.200783
0.409768
0.620052
0.634703
0.604072
0.323420
0.400359
0.675685
0.806059
0.823941
0.804736
0.676033
0.616407
0.758827
0.779229
0.805201
0.802023
0.832181
0.841300
0.672584
0.627677
0.477700
0.329807
0.784431
0.951397
0.858540
0.905570
0.500802
0.359125
0.315891
0.217124
0.164477
0.478821
0.832098
0.897332
0.808091
0.729826
0.493919
0.667768
0.677039
0.644642
0.627160
0.573984
0.397500
0.186828
0.144472
0.146420
0.161293
0.172359
0.133089
0.953575
0.898365
0.991691
0.940362
0.965946
0.610717
0.526762
0.582204
0.503311
0.111981
0.102960
0.070527
0.082175
0.110091
0.167836
0.234952
0.133059
0.027641
0.003206
0.059787
0.100686
0.132148
0.471696
0.540569
0.341014
0.205688
0.247141
0.599597
0.514381
0.802479
0.732459
0.612310
0.922412
0.628381
0.380071
0.519439
0.553400
0.592245
0.944875
0.733191
0.642769
0.969012
0.699548
0.920503
0.970088
0.000000
0.000000
0.000000
0.000000
0.000000
0.000000
0.000000
0.000000
0.000000
0.000000
0.000000
0.000000
0.000000
0.000000
0.000000
0.000000
0.000000
0.000000
0.974996
0.716353
0.526590
0.433257
0.481683
0.652377
0.653062
0.545053
0.752077
0.107786
0.036694
0.059032
0.088352
0.060619
0.148167
0.407465
0.442810
0.521653
0.710487
0.592893
0.532467
0.342074
0.204826
0.150523
0.197606
0.247466
0.215749
0.290124
0.221897
0.098787
0.097142
0.300509
0.385044
0.269197
0.172040
0.152653
0.058291
0.078790
0.218872
0.378429
0.324554
0.366012
0.435819
0.696838
0.952321
0.778038
0.284553
0.147682
0.444185
0.909325
0.863003
0.981100
0.779406
0.684708
0.250448
0.155914
0.135414
0.047903
0.005506
0.006254
0.025616
0.128089
0.955280
0.757759
0.604445
0.315793
0.402474
0.626965
0.728883
0.950394
0.907785
0.663400
0.578707
0.469988
0.253743
0.448467
0.873186
0.462187
0.299615
0.177744
0.427732
0.338224
0.768959
0.601687
0.180110
0.073347
0.142562
0.129817
0.056310
0.072997
0.058126
0.042786
0.031955
0.016727
0.023568
0.046470
0.028128
0.029199
0.069407
0.001765
0.000802
0.000596
0.001901
0.012703
0.030813
0.027304
0.017230
0.020552
0.803132
0.941232
0.987364
0.654402
0.313052
0.303572
0.485158
0.843190
0.717607
0.878968
0.775084
0.905136
0.432927
0.240473
0.260641
0.216701
0.273085
0.380404
0.729062
0.888286
0.969908
0.853588
0.634042
0.764269
0.792101
0.803617
0.768227
0.617981
0.265938
0.216157
0.435574
0.570904
0.706977
0.865203
0.883664
0.668037
0.242205
0.266299
0.423692
0.696958
0.965659
0.993508
0.953938
0.502137
0.228016
0.698403
0.700031
0.772728
0.922222
0.561094
0.491457
0.806622
0.955675
0.879654
0.000000
0.000000
0.000000
0.000000
0.000000
0.000000
0.000000
0.000000
0.000000
0.000000
0.000000
0.000000
0.000000
0.000000
0.000000
0.000000
0.000000
0.000000
0.778713
0.498260
0.224777
0.242295
0.264563
0.381136
0.806709
0.809129
0.897570
0.499143
0.896515
0.639957
0.661457
0.683532
0.683607
0.911161
0.787113
0.882103
0.000000
0.000000
0.000000
0.000000
0.000000
0.000000
0.000000
0.000000
0.000000
0.000000
0.000000
0.000000
0.000000
0.000000
0.000000
0.000000
0.000000
0.000000
0.944630
0.852352
0.965049
0.988123
0.848600
0.547920
0.562932
0.681460
0.435345
0.358451
0.564750
0.658781
0.887220
0.918728
0.985748
0.884593
0.759645
0.502494
0.708222
0.870416
0.858252
0.461525
0.296068
0.517301
0.736202
0.757586
0.644296
0.951558
0.710052
0.827938
0.883169
0.661820
0.719587
0.685935
0.715928
0.595816
0.554169
0.882935
0.756856
0.468829
0.341863
0.438300
0.299991
0.077498
0.019821
0.416234
0.609069
0.192797
0.148556
0.298585
0.468829
0.632736
0.461581
0.182487
0.257044
0.189184
0.146517
0.184468
0.202789
0.251445
0.600611
0.982745
0.646315
0.368629
0.319799
0.418908
0.881818
0.733658
0.430812
0.596203
0.446249
0.262808
0.201256
0.390309
0.794481
0.969370
0.762298
0.596468
0.377349
0.239418
0.258365
0.381271
0.138941
0.190213
0.281469
0.426055
0.529495
0.424203
0.309987
0.266155
0.967372
0.887454
0.756642
0.721871
0.637764
0.708029
0.872662
0.400997
0.301599
0.688748
0.526783
0.308567
0.359488
0.508892
0.731413
0.920821
0.631931
0.522733
0.544186
0.649573
0.811190
0.899999
1.000000
0.734191
0.950460
0.889428
0.636681
0.745819
0.716149
0.700089
0.483856
0.344818
0.479877
0.524098
0.483513
0.547172
0.640203
0.661467
0.985785
0.350516
0.201873
0.527850
0.704523
0.509136
0.757815
0.589462
0.572923
0.717363
0.690483
0.924935
0.919773
0.724256
0.618766
0.655885
0.300267
0.128440
0.077129
0.162495
0.426118
0.695144
0.730416
0.598042
0.594254
0.581150
0.838980
0.347152
0.234034
0.167813
0.172196
0.180178
0.161532
0.144827
