0.453013
0.380224
0.616864
0.875172
0.357100
0.490544
0.863382
0.480616
0.348553
0.756459
0.130400
0.660803
0.715107
0.092473
0.908801
0.909547
0.362613
0.308592
0.693725
0.526397
0.694293
0.123366
0.232886
0.818572
0.723189
0.034874
0.243474
0.792896
0.992828
0.515808
0.850292
0.901313
0.859099
0.522247
0.466586
0.966902
0.665000
0.524770
0.299240
0.641895
0.484414
0.386152
0.318113
0.484755
0.081074
0.438083
0.921259
0.448042
0.968510
0.918128
0.298112
0.322224
0.036823
0.907038
0.092469
0.446421
0.830070
0.204636
0.376268
0.809761
0.656315
0.095301
0.179976
0.537790
0.302593
0.881126
0.316737
0.164211
0.214600
0.135280
0.879422
0.272350
0.198523
0.525582
0.477792
0.583991
0.605699
0.569257
0.368425
0.032281
0.054753
0.439115
0.214051
0.160070
0.892866
0.495715
0.234473
0.145183
0.937286
0.029914
0.788212
0.446957
0.155165
0.487886
0.026004
0.251045
0.771705
0.698573
0.366732
0.979231
