0.489327
0.585344
0.176108
0.891389
0.557162
0.499488
0.853337
0.120292
0.499974
0.081634
0.716316
0.047824
0.849637
0.525341
0.314906
0.505417
0.508746
0.012578
0.364036
0.883833
0.359325
0.717925
0.574840
0.257013
0.669701
0.190128
0.544470
0.341990
0.930691
0.477853
0.741085
0.253906
0.260494
0.632658
0.344830
0.715074
0.153416
0.691043
0.396254
0.578543
0.444005
0.361871
0.048273
0.133236
0.441123
0.477132
0.778489
0.144845
0.080553
0.453864
0.657440
0.927855
0.933815
0.650065
0.728497
0.562814
0.447385
0.787794
0.429784
0.641770
0.485894
0.984101
0.368511
0.747191
0.140285
0.606759
0.709375
0.885646
0.630889
0.995781
0.724622
0.512839
0.943929
0.060266
0.896982
0.328629
0.251828
0.249865
0.113638
0.779333
0.282215
0.550400
0.496657
0.106881
0.295134
0.451760
0.192679
0.067969
0.445032
0.417516
0.381226
0.412455
0.228342
0.788367
0.503997
0.119581
0.223975
0.321325
0.149572
0.788243
