0.681082
0.018423
0.011093
0.246773
0.660268
0.415818
0.169136
0.590455
0.273212
0.010960
0.764478
0.406429
0.205686
0.333453
0.186928
0.411060
0.177714
0.074422
0.440360
0.543590
0.763146
0.916995
0.460010
0.725187
0.294229
0.239705
0.800127
0.541988
0.390111
0.906664
0.853100
0.604565
0.107425
0.890893
0.810682
0.291703
0.713838
0.049538
0.928977
0.093792
0.069538
0.772546
0.947113
0.671362
0.156563
0.774588
0.123596
0.666843
0.673085
0.399757
0.542375
0.362779
0.793703
0.340235
0.371444
0.090033
0.431934
0.857536
0.347632
0.856057
0.060826
0.523456
0.395337
0.085149
0.322525
0.966627
0.195691
0.556380
0.440118
0.201471
0.558630
0.461719
0.106161
0.396315
0.132938
0.354794
0.344934
0.073505
0.940202
0.152118
0.673380
0.288589
0.589421
0.152073
0.827223
0.970402
0.901144
0.790069
0.211069
0.052358
0.957175
0.971639
0.761110
0.395322
0.971254
0.840930
0.883684
0.274108
0.888545
0.734186
