0.836497
0.868488
0.440061
0.564471
0.712553
0.990234
0.740016
0.235244
0.979102
0.076300
0.658010
0.723662
0.775921
0.014322
0.215907
0.619542
0.306553
0.299666
0.400791
0.302252
0.668656
0.719493
0.365589
0.489620
0.169858
0.284786
0.331498
0.898434
0.365049
0.936143
0.072358
0.133926
0.553060
0.601562
0.446899
0.364290
0.508178
0.805812
0.150186
0.541826
0.834620
0.805958
0.715410
0.399544
0.191220
0.111149
0.961786
0.206895
0.926241
0.390357
0.509916
0.523959
0.638148
0.241471
0.108272
0.297478
0.423818
0.515223
0.052974
0.720882
0.793437
0.614340
0.227230
0.058531
0.418688
0.476874
0.326574
0.008538
0.109898
0.819145
0.850888
0.004954
0.300952
0.314931
0.028422
0.533518
0.552555
0.108533
0.222874
0.899398
0.596867
0.196904
0.645747
0.699681
0.748747
0.654700
0.425978
0.039081
0.695650
0.468690
0.660084
0.356801
0.391717
0.883520
0.865167
0.612475
0.405682
0.183514
0.649828
0.355652
