0.699425
0.088427
0.205980
0.380180
0.959789
0.117462
0.485230
0.165410
0.506120
0.307956
0.696332
0.641416
0.902334
0.098328
0.426489
0.543232
0.692941
0.192516
0.973898
0.255766
0.750733
0.262763
0.075398
0.085557
0.008300
0.191520
0.870164
0.628091
0.874485
0.350896
0.328275
0.017169
0.372534
0.277397
0.175869
0.277661
0.414600
0.268227
0.132416
0.413778
0.643836
0.699055
0.410264
0.999235
0.165008
0.376295
0.124296
0.260629
0.466245
0.725714
0.552024
0.381706
0.881309
0.222227
0.416683
0.668101
0.881395
0.257772
0.428182
0.565005
0.076009
0.885872
0.541784
0.978016
0.602444
0.235876
0.417033
0.548105
0.596218
0.374467
0.807583
0.438170
0.459259
0.512020
0.919775
0.341090
0.072046
0.250980
0.077149
0.435904
0.414684
0.806454
0.659243
0.541172
0.975064
0.193535
0.419621
0.886015
0.642085
0.138164
0.970608
0.212531
0.277296
0.890412
0.005504
0.771712
0.717544
0.006022
0.945126
0.840369
