0.140420
0.051541
0.279566
0.507209
0.685697
0.280216
0.111628
0.562226
0.991135
0.135713
0.641695
0.271464
0.581205
0.651962
0.818678
0.882027
0.965259
0.024906
0.190462
0.821456
0.343410
0.172188
0.993901
0.462869
0.886338
0.384718
0.785348
0.512398
0.958411
0.239591
0.254143
0.256054
0.074335
0.479556
0.227931
0.718763
0.314205
0.757077
0.459720
0.393573
0.543035
0.067852
0.527053
0.661865
0.432217
0.118446
0.685307
0.123986
0.188722
0.502329
0.186149
0.202575
0.532965
0.202934
0.196232
0.221272
0.478590
0.479803
0.035644
0.050193
0.942409
0.381059
0.344277
0.737432
0.026443
0.141799
0.284073
0.380459
0.759013
0.394374
0.032800
0.354330
0.468523
0.284147
0.357054
0.880163
0.042487
0.505190
0.527328
0.496252
0.759309
0.139662
0.337526
0.912398
0.240096
0.146145
0.448409
0.136860
0.635425
0.459484
0.992811
0.852204
0.896699
0.121513
0.329423
0.128750
0.378412
0.037576
0.463042
0.692389
