0.418095
0.343313
0.806595
0.983955
0.633046
0.427732
0.749326
0.324252
0.765156
0.464731
0.972264
0.404638
0.280405
0.079108
0.482188
0.657236
0.136006
0.871582
0.478745
0.118797
0.998421
0.367991
0.382474
0.070920
0.058081
0.999354
0.522160
0.507199
0.209814
0.265867
0.090748
0.269577
0.205174
0.038670
0.550457
0.562346
0.841839
0.164430
0.790074
0.025876
0.414196
0.223637
0.735557
0.574960
0.326828
0.184825
0.356674
0.545586
0.024030
0.299765
0.278773
0.148026
0.496616
0.358929
0.053206
0.300116
0.490775
0.718148
0.448268
0.698200
0.123103
0.803423
0.090560
0.239942
0.896786
0.638035
0.747222
0.474944
0.363485
0.374991
0.030576
0.806392
0.998650
0.246272
0.264452
0.236772
0.284374
0.695293
0.244369
0.933952
0.179384
0.430954
0.131973
0.274783
0.108905
0.000025
0.796272
0.128491
0.488618
0.338936
0.790203
0.629170
0.773933
0.460100
0.855033
0.166529
0.792000
0.246390
0.942107
0.880400
