0.636188
0.304297
0.964288
0.322053
0.559947
0.476896
0.507776
0.793942
0.562870
0.360508
0.566851
0.671484
0.147622
0.524477
0.076319
0.309908
0.516513
0.357852
0.046924
0.592860
0.358541
0.047105
0.844766
0.468259
0.607967
0.676890
0.523650
0.204740
0.590824
0.769592
0.709560
0.204479
0.091350
0.414799
0.667303
0.174680
0.009132
0.975810
0.725526
0.122400
0.341272
0.137417
0.276867
0.619252
0.110523
0.240817
0.174794
0.720871
0.108609
0.865380
0.100714
0.382935
0.274889
0.011082
0.860465
0.931889
0.986311
0.548410
0.336977
0.642945
0.841498
0.510403
0.864163
0.332658
0.565419
0.631928
0.022354
0.475048
0.915905
0.876398
0.791765
0.537983
0.316519
0.521713
0.427810
0.748956
0.056610
0.214001
0.234172
0.925981
0.516066
0.938573
0.072570
0.280742
0.906550
0.373213
0.331016
0.868093
0.252273
0.443319
0.485280
0.363154
0.598141
0.018288
0.315920
0.145892
0.012633
0.172810
0.353476
0.848811
