0.342333
0.696462
0.753778
0.301957
0.564249
0.292615
0.213666
0.488194
0.513890
0.654282
0.021661
0.635264
0.015158
0.605707
0.537895
0.968581
0.278319
0.205234
0.945445
0.592366
0.011633
0.819393
0.795753
0.108904
0.915597
0.622088
0.567725
0.660187
0.208933
0.528221
0.419773
0.315436
0.969591
0.921698
0.848620
0.805668
0.107378
0.029846
0.923055
0.978163
0.838714
0.014014
0.161132
0.686635
0.358474
0.751497
0.905801
0.964043
0.162248
0.044093
0.781553
0.786923
0.837958
0.307355
0.130752
0.229933
0.519371
0.647825
0.064336
0.575572
0.263364
0.239159
0.796642
0.000751
0.907204
0.667886
0.019867
0.413599
0.631095
0.695297
0.812465
0.861956
0.133868
0.909780
0.511369
0.453508
0.708322
0.905986
0.429453
0.622096
0.484892
0.864938
0.539884
0.226930
0.453270
0.274815
0.655030
0.852656
0.454722
0.648201
0.779162
0.140801
0.368901
0.472622
0.149628
0.216162
0.269068
0.698343
0.691313
0.076784
