0.941675
0.325199
0.036295
0.483466
0.192488
0.127132
0.741492
0.579957
0.879137
0.947635
0.885078
0.453817
0.875411
0.219100
0.624522
0.439357
0.149969
0.150057
0.808026
0.361016
0.486523
0.853140
0.587655
0.479293
0.752779
0.797083
0.670174
0.522144
0.753323
0.022931
0.070652
0.529512
0.694149
0.918350
0.924890
0.306225
0.079103
0.951615
0.310899
0.157010
0.431282
0.681640
0.064970
0.642155
0.640373
0.052782
0.616660
0.735742
0.299612
0.440579
0.728230
0.475917
0.264215
0.773261
0.374733
0.515708
0.811708
0.406041
0.826369
0.617489
0.701387
0.662700
0.660048
0.168786
0.122656
0.844973
0.269068
0.754121
0.476710
0.433601
0.442413
0.923999
0.139558
0.608455
0.954450
0.946060
0.502155
0.766424
0.955394
0.224667
0.008612
0.913169
0.019331
0.119032
0.030568
0.836454
0.990739
0.268916
0.603957
0.888267
0.823680
0.719578
0.113244
0.360692
0.587518
0.442949
0.123926
0.762377
0.649791
0.236182
