0.076026
0.258021
0.715569
0.517391
0.935428
0.616617
0.899414
0.205534
0.992891
0.113216
0.899081
0.854596
0.077943
0.156053
0.567653
0.842203
0.065394
0.307691
0.274872
0.544884
0.825820
0.508924
0.522867
0.486220
0.702831
0.763092
0.049793
0.836359
0.773015
0.417585
0.005809
0.073355
0.926794
0.374992
0.434316
0.562053
0.883701
0.968971
0.363760
0.329289
0.821113
0.088311
0.155485
0.679974
0.036749
0.602990
0.815772
0.020429
0.773729
0.654536
0.051000
0.073042
0.828061
0.579202
0.496197
0.525604
0.609391
0.981732
0.269873
0.182552
0.754913
0.234654
0.185698
0.098473
0.288900
0.029578
0.428128
0.372533
0.784698
0.805491
0.094575
0.075604
0.200419
0.726359
0.790281
0.862574
0.790150
0.070484
0.295026
0.334041
0.560866
0.178283
0.223516
0.497330
0.431142
0.999027
0.782853
0.762865
0.358068
0.385752
0.407948
0.050258
0.003009
0.395875
0.514870
0.700593
0.268500
0.424808
0.316806
0.272325
