0.368136
0.037305
0.262156
0.041760
0.189756
0.351911
0.269111
0.756747
0.468547
0.320486
0.888762
0.921004
0.915963
0.161677
0.611810
0.264545
0.707557
0.330864
0.672802
0.508278
0.955350
0.696802
0.319212
0.874813
0.167755
0.774497
0.750949
0.285442
0.735208
0.575205
0.037265
0.495218
0.825857
0.818513
0.440860
0.154029
0.049871
0.934144
0.022875
0.678013
0.112832
0.128244
0.498918
0.304327
0.809802
0.725843
0.194338
0.729901
0.566841
0.789966
0.525718
0.514117
0.407837
0.888314
0.609817
0.285417
0.563707
0.103964
0.439127
0.717561
0.525245
0.363182
0.130897
0.935305
0.895393
0.426580
0.584116
0.433394
0.331009
0.583193
0.717767
0.349916
0.717545
0.693068
0.525003
0.800889
0.527073
0.315808
0.540516
0.604335
0.732630
0.601018
0.247591
0.119601
0.580582
0.137519
0.581645
0.358229
0.276325
0.292610
0.592854
0.478004
0.474277
0.333144
0.277441
0.057551
0.677088
0.019269
0.636587
0.649809
