0.320516
0.854858
0.625417
0.424065
0.001083
0.795617
0.213547
0.081640
0.300261
0.562550
0.704341
0.658709
0.926090
0.897597
0.090001
0.944938
0.434755
0.825585
0.627539
0.230829
0.621248
0.657435
0.045281
0.053168
0.529485
0.296302
0.863890
0.961691
0.586227
0.907122
0.363689
0.914244
0.231135
0.306318
0.208169
0.042865
0.107697
0.121574
0.357802
0.796186
0.357229
0.094494
0.274023
0.825154
0.386132
0.899134
0.664352
0.661507
0.895376
0.486799
0.458373
0.090594
0.633908
0.415836
0.677017
0.531711
0.661181
0.755941
0.494475
0.690711
0.635968
0.756852
0.186657
0.357698
0.000050
0.256404
0.528148
0.381967
0.891823
0.012715
0.581491
0.023824
0.760945
0.900486
0.740678
0.271447
0.948064
0.052633
0.138347
0.945350
0.828441
0.990500
0.271538
0.850360
0.411864
0.058214
0.947325
0.557706
0.158046
0.164738
0.448070
0.907211
0.640667
0.533683
0.883901
0.724402
0.325081
0.460658
0.734610
0.565595
