0.985147
0.238340
0.253975
0.259212
0.559471
0.439836
0.585281
0.878763
0.539088
0.724261
0.036752
0.976303
0.691556
0.388532
0.863897
0.525364
0.425936
0.330082
0.095378
0.569019
0.451682
0.151050
0.776923
0.506665
0.234497
0.436226
0.330963
0.244293
0.660925
0.937503
0.071566
0.312590
0.051696
0.481238
0.447080
0.412821
0.718743
0.292920
0.811100
0.096075
0.911513
0.508078
0.793768
0.851757
0.495832
0.022092
0.836408
0.710418
0.830502
0.768019
0.873980
0.065481
0.716016
0.225801
0.132480
0.692913
0.804984
0.634290
0.322697
0.192700
0.149926
0.966143
0.430375
0.460659
0.947294
0.282979
0.231573
0.328243
0.541684
0.082455
0.567740
0.506440
0.571043
0.561001
0.638248
0.691216
0.013076
0.799426
0.226694
0.046770
0.026664
0.034327
0.154703
0.798899
0.563602
0.025435
0.043794
0.133534
0.813043
0.011538
0.880127
0.988199
0.177548
0.146498
0.628740
0.739331
0.573398
0.438285
0.513844
0.140483
