0.391507
0.984777
0.759388
0.550492
0.853233
0.487655
0.241700
0.660338
0.757525
0.346431
0.608040
0.399459
0.442919
0.164203
0.604409
0.144711
0.494469
0.488078
0.265039
0.094140
0.146375
0.853935
0.647036
0.051234
0.910320
0.353614
0.183353
0.838165
0.569297
0.644512
0.150424
0.179362
0.676805
0.617324
0.057006
0.761625
0.633382
0.673974
0.564862
0.805238
0.088394
0.387405
0.888001
0.329841
0.237213
0.418128
0.023715
0.256617
0.672593
0.519528
0.140766
0.972293
0.040673
0.043553
0.173467
0.609296
0.507863
0.395237
0.154703
0.707142
0.548108
0.720166
0.194241
0.550900
0.916501
0.186096
0.763654
0.077446
0.681684
0.640810
0.695096
0.329011
0.976924
0.637030
0.083501
0.779993
0.285567
0.364358
0.313953
0.976972
0.685499
0.532610
0.870266
0.523383
0.170489
0.885972
0.549283
0.854535
0.726393
0.954306
0.499301
0.026098
0.928444
0.141576
0.601396
0.289222
0.595852
0.670024
0.116047
0.571804
