0.705815
0.173601
0.762560
0.722294
0.603701
0.807500
0.593944
0.984248
0.424530
0.018681
0.740743
0.972109
0.024970
0.733537
0.740683
0.599447
0.477783
0.621440
0.531389
0.623339
0.343660
0.447895
0.347993
0.436165
0.810668
0.327891
0.566956
0.687691
0.893194
0.648569
0.244340
0.630910
0.169011
0.082375
0.423637
0.631876
0.280366
0.504914
0.959019
0.996624
0.850933
0.554960
0.024847
0.487604
0.758908
0.994615
0.294830
0.372754
0.988140
0.092691
0.938252
0.417874
0.894157
0.666588
0.688447
0.551938
0.119710
0.450527
0.503524
0.691998
0.204243
0.026186
0.961411
0.563381
0.115989
0.254158
0.740490
0.099062
0.000081
0.235990
0.812760
0.393974
0.096914
0.405732
0.597789
0.741177
0.839530
0.352396
0.923584
0.157757
0.167712
0.281125
0.702155
0.325492
0.731924
0.511583
0.112244
0.070379
0.807218
0.757706
0.174331
0.167170
0.756585
0.422830
0.561306
0.342192
0.889116
0.408686
0.201561
0.290834
