0.850330
0.699641
0.298631
0.250081
0.720726
0.059588
0.421927
0.005755
0.709696
0.351603
0.632227
0.734098
0.108211
0.194303
0.333920
0.761107
0.362579
0.786008
0.074904
0.129486
0.498707
0.295721
0.765641
0.278615
0.682119
0.526220
0.134934
0.948450
0.055858
0.899565
0.445413
0.461113
0.620038
0.199943
0.720867
0.633565
0.629113
0.407147
0.602455
0.243899
0.273677
0.541226
0.835572
0.549013
0.496612
0.279869
0.330662
0.775090
0.643735
0.051650
0.577751
0.197779
0.121501
0.950761
0.981673
0.052388
0.551694
0.937218
0.993720
0.401256
0.371761
0.929308
0.834797
0.054323
0.325879
0.093394
0.969864
0.766241
0.688281
0.243320
0.257680
0.119544
0.250515
0.761450
0.658819
0.144363
0.470842
0.154439
0.186651
0.051991
0.660415
0.406328
0.689478
0.138496
0.309615
0.893748
0.021145
0.658789
0.096505
0.940204
0.358385
0.063825
0.750083
0.083785
0.440405
0.354098
0.795351
0.723924
0.799679
0.470135
