0.730781
0.672527
0.254981
0.575302
0.101176
0.668548
0.244578
0.186336
0.334970
0.021242
0.626983
0.562324
0.067154
0.882251
0.042070
0.064257
0.104000
0.597762
0.796808
0.418736
0.288704
0.742653
0.776009
0.881508
0.423818
0.851301
0.380785
0.167808
0.922084
0.689996
0.097326
0.486004
0.508761
0.885011
0.294841
0.369804
0.010206
0.205244
0.722812
0.663353
0.502001
0.992667
0.236383
0.215285
0.434660
0.916902
0.130750
0.610526
0.364061
0.598172
0.170694
0.492853
0.161252
0.533183
0.614800
0.355153
0.580749
0.814676
0.979223
0.578753
0.767351
0.882232
0.385206
0.894443
0.185047
0.443337
0.614203
0.045952
0.436232
0.168829
0.842403
0.819570
0.084461
0.214675
0.563280
0.217040
0.758518
0.405762
0.578987
0.852903
0.680241
0.940734
0.863047
0.178032
0.061602
0.068753
0.028812
0.991357
0.929186
0.141831
0.345923
0.440585
0.237452
0.955100
0.451912
0.650599
0.182656
0.601356
0.847479
0.620086
