0.765890
0.433173
0.239462
0.830510
0.813005
0.979482
0.091279
0.338791
0.718881
0.176137
0.296062
0.706554
0.607637
0.186840
0.897026
0.203135
0.584387
0.187640
0.620663
0.325226
0.344706
0.822321
0.385841
0.975572
0.185881
0.933059
0.169643
0.739845
0.998946
0.016990
0.442741
0.687531
0.097275
0.169602
0.430374
0.675884
0.447459
0.058454
0.114147
0.389256
0.308188
0.874810
0.608053
0.807336
0.341864
0.183741
0.988280
0.943532
0.621314
0.686666
0.255127
0.899173
0.129088
0.351952
0.606432
0.259916
0.205386
0.784663
0.931784
0.505309
0.321674
0.759113
0.397141
0.416356
0.508420
0.179092
0.631438
0.390109
0.284758
0.316338
0.454985
0.586437
0.968576
0.680675
0.108486
0.367517
0.934045
0.943307
0.666860
0.640086
0.009245
0.725737
0.993824
0.172837
0.052105
0.024521
0.091006
0.221757
0.966638
0.054707
0.729608
0.467467
0.707581
0.254213
0.492564
0.209043
0.088125
0.449906
0.903940
0.651232
