0.949572
0.142856
0.630102
0.934167
0.562787
0.596657
0.613918
0.080763
0.438473
0.834799
0.643699
0.993187
0.300072
0.799654
0.072990
0.162585
0.184970
0.715892
0.530562
0.402833
0.050446
0.180624
0.876862
0.173341
0.397563
0.554686
0.168605
0.211583
0.613873
0.156256
0.010748
0.069931
0.943348
0.971456
0.988594
0.618304
0.890707
0.301966
0.866816
0.372920
0.526559
0.362632
0.795333
0.641257
0.339047
0.455940
0.182982
0.954630
0.897163
0.356067
0.496110
0.657475
0.581830
0.079680
0.164401
0.768326
0.477470
0.078076
0.698776
0.344443
0.928109
0.657084
0.860632
0.190585
0.898523
0.525775
0.087252
0.785760
0.176802
0.283491
0.263089
0.402899
0.187939
0.889938
0.512395
0.670096
0.599294
0.607499
0.904534
0.386115
0.720588
0.161193
0.192115
0.618941
0.296932
0.047278
0.364461
0.779905
0.817536
0.497159
0.772753
0.710229
0.647631
0.260704
0.513669
0.616803
0.905738
0.249008
0.730312
0.931759
