0.888768
0.868422
0.945974
0.069755
0.131866
0.346133
0.998627
0.502416
0.386537
0.997722
0.063440
0.091987
0.431368
0.246443
0.016033
0.831336
0.985790
0.812482
0.442057
0.017289
0.120591
0.701929
0.251960
0.504698
0.349037
0.253321
0.121393
0.361063
0.236758
0.231089
0.987978
0.337866
0.718606
0.790795
0.824137
0.000069
0.500325
0.225354
0.027047
0.535157
0.660225
0.639535
0.191054
0.653951
0.343273
0.643809
0.886071
0.832409
0.049675
0.147151
0.201317
0.726144
0.666017
0.394399
0.246297
0.452857
0.078788
0.192178
0.981746
0.309365
0.583540
0.559887
0.248819
0.326891
0.839336
0.904616
0.138661
0.404712
0.695995
0.830078
0.528284
0.820584
0.019152
0.998488
0.161088
0.761924
0.915309
0.630435
0.558270
0.789783
0.280102
0.109668
0.681704
0.307022
0.039134
0.524271
0.364333
0.582302
0.349636
0.290592
0.485670
0.335288
0.886372
0.144888
0.773485
0.531398
0.843372
0.727505
0.594106
0.441292
