0.198399
0.791714
0.029643
0.253603
0.851942
0.737243
0.599427
0.873173
0.464430
0.122287
0.286928
0.715000
0.782931
0.111484
0.631151
0.064550
0.958333
0.633994
0.090180
0.954365
0.492979
0.489065
0.256809
0.215590
0.633449
0.545136
0.380572
0.458870
0.520093
0.363071
0.229787
0.880939
0.260125
0.162765
0.539091
0.619149
0.488890
0.509744
0.073001
0.567321
0.556351
0.214903
0.803738
0.846742
0.730216
0.924003
0.829453
0.174707
0.568940
0.996077
0.992120
0.811230
0.025885
0.807599
0.182632
0.931554
0.787234
0.437857
0.528345
0.935266
0.073552
0.813509
0.092316
0.100173
0.095122
0.469727
0.133683
0.785801
0.056244
0.407107
0.519963
0.166523
0.419806
0.722796
0.091497
0.650837
0.957075
0.311997
0.918104
0.247260
0.491562
0.363587
0.443168
0.581940
0.614485
0.334811
0.634000
0.658926
0.025455
0.333536
0.598619
0.177967
0.391499
0.382680
0.058274
0.088642
0.178240
0.937297
0.886720
0.721519
