0.873486
0.535937
0.591012
0.712462
0.970601
0.659874
0.590458
0.458414
0.567779
0.180211
0.392252
0.803568
0.962231
0.568372
0.625298
0.675945
0.646466
0.447352
0.934179
0.501903
0.539565
0.191561
0.317110
0.500028
0.397153
0.971096
0.608078
0.744119
0.180736
0.811674
0.832550
0.328812
0.148705
0.464611
0.569418
0.851372
0.738923
0.909106
0.153463
0.479586
0.820591
0.993735
0.952405
0.371592
0.440105
0.600459
0.880464
0.423557
0.495934
0.682759
0.034519
0.398539
0.345416
0.574476
0.026896
0.199760
0.080781
0.602228
0.586167
0.475645
0.471515
0.082224
0.653104
0.507606
0.508821
0.664464
0.637184
0.928345
0.665150
0.435422
0.255931
0.602836
0.122998
0.524417
0.519941
0.722199
0.569639
0.156230
0.698988
0.486146
0.341772
0.990717
0.655696
0.912233
0.388830
0.126555
0.625618
0.489468
0.937708
0.213188
0.642890
0.603661
0.183084
0.961231
0.372348
0.891102
0.796463
0.976060
0.868190
0.564468
