0.717826
0.385257
0.701674
0.833367
0.319268
0.046433
0.226781
0.033776
0.226853
0.562890
0.364768
0.566881
0.774449
0.543337
0.973020
0.897519
0.160439
0.308209
0.084470
0.222092
0.011348
0.201361
0.986775
0.059317
0.095196
0.331465
0.313618
0.534601
0.748550
0.608228
0.076675
0.797649
0.018781
0.503803
0.819333
0.399829
0.262311
0.351595
0.390338
0.736537
0.699046
0.363663
0.344968
0.195429
0.527147
0.283730
0.963421
0.158528
0.501964
0.966928
0.800743
0.480442
0.437025
0.938724
0.065711
0.904995
0.067157
0.794309
0.040275
0.238541
0.356647
0.108828
0.074821
0.365952
0.730174
0.431218
0.676111
0.955635
0.726001
0.763943
0.220625
0.205989
0.145629
0.314786
0.019816
0.345978
0.459053
0.879601
0.341547
0.397577
0.557246
0.852238
0.805287
0.389444
0.405722
0.958680
0.931478
0.666055
0.386222
0.287139
0.925148
0.469739
0.012151
0.666268
0.409341
0.066187
0.015597
0.288963
0.014986
0.522343
