0.072686
0.553439
0.808005
0.170488
0.244568
0.521546
0.569606
0.831640
0.758030
0.316710
0.650734
0.954894
0.842733
0.975994
0.440995
0.529196
0.253168
0.680534
0.655033
0.163783
0.820433
0.348079
0.734640
0.209822
0.718689
0.487732
0.700303
0.215508
0.860458
0.359952
0.023470
0.082918
0.619139
0.998234
0.497764
0.620072
0.229959
0.261520
0.627923
0.644837
0.050856
0.081926
0.414680
0.274211
0.258981
0.679297
0.768708
0.412910
0.278067
0.632766
0.562673
0.799086
0.815476
0.949840
0.524518
0.192536
0.682140
0.582946
0.188640
0.150289
0.612888
0.093271
0.581861
0.722442
0.053684
0.023091
0.273275
0.032327
0.618294
0.626125
0.922406
0.028470
0.466967
0.303371
0.976950
0.270347
0.939705
0.310954
0.057733
0.962791
0.862739
0.592810
0.355364
0.511343
0.638313
0.653354
0.393609
0.152651
0.323938
0.003504
0.293307
0.564937
0.381146
0.869124
0.716014
0.408828
0.994486
0.167551
0.718998
0.122866
