0.729101
0.821058
0.587151
0.582531
0.771095
0.109753
0.776829
0.661873
0.838598
0.747304
0.535325
0.796739
0.834037
0.982250
0.208395
0.634954
0.457049
0.388152
0.796157
0.360483
0.399527
0.896994
0.820457
0.843729
0.641992
0.443866
0.095406
0.152472
0.837258
0.428234
0.625921
0.113895
0.826834
0.289802
0.636005
0.804843
0.261927
0.664279
0.143792
0.234581
0.521294
0.988150
0.447788
0.932293
0.414900
0.646339
0.410727
0.619344
0.271377
0.344344
0.765545
0.726606
0.980965
0.118259
0.630167
0.191372
0.849971
0.551402
0.406080
0.115582
0.710844
0.468456
0.109742
0.778597
0.329187
0.835176
0.950018
0.789663
0.378064
0.350464
0.095196
0.458391
0.563098
0.346763
0.517729
0.366733
0.024399
0.324905
0.998535
0.383465
0.540146
0.405845
0.230580
0.021625
0.503887
0.980987
0.015630
0.041583
0.826779
0.736221
0.305969
0.542570
0.587673
0.898983
0.143116
0.749604
0.434199
0.612606
0.840989
0.285765
