0.176238
0.337816
0.584873
0.896207
0.774330
0.218326
0.671576
0.709262
0.402234
0.978561
0.551807
0.156324
0.744485
0.987526
0.147238
0.238489
0.775631
0.100139
0.325422
0.715591
0.349810
0.997464
0.349968
0.838132
0.157975
0.413211
0.642975
0.029345
0.829876
0.899156
0.646448
0.173765
0.763372
0.445460
0.294034
0.166142
0.688538
0.425813
0.655260
0.608630
0.656730
0.807591
0.530048
0.924381
0.491564
0.134615
0.043127
0.661452
0.901846
0.040184
0.063958
0.598122
0.494632
0.658806
0.513366
0.355832
0.260594
0.366811
0.295481
0.703915
0.174560
0.464207
0.855076
0.851127
0.024182
0.806532
0.040537
0.481731
0.573503
0.211679
0.490769
0.207513
0.200787
0.465809
0.722976
0.379423
0.556874
0.508439
0.641292
0.567825
0.723102
0.838813
0.464547
0.300036
0.476645
0.745273
0.280305
0.645049
0.638933
0.383691
0.942089
0.939457
0.328938
0.283279
0.115788
0.891487
0.328208
0.597298
0.858886
0.096431
