0.959216
0.124702
0.022928
0.178719
0.647529
0.814226
0.671619
0.301719
0.805736
0.088197
0.718160
0.315976
0.064652
0.173798
0.438875
0.321742
0.687767
0.238262
0.603654
0.563057
0.090168
0.775251
0.043200
0.038257
0.240695
0.122426
0.936089
0.087579
0.609724
0.418423
0.610187
0.002018
0.608184
0.278522
0.096756
0.678793
0.852629
0.556042
0.240151
0.162464
0.992470
0.802264
0.049507
0.347869
0.658873
0.812644
0.055201
0.525252
0.565453
0.547940
0.876607
0.042312
0.609583
0.627230
0.597065
0.780910
0.125714
0.185405
0.867109
0.202109
0.916402
0.574638
0.374218
0.335787
0.268642
0.458740
0.993634
0.386771
0.090405
0.053293
0.220947
0.814953
0.510188
0.187183
0.376673
0.299394
0.813009
0.133087
0.334496
0.785463
0.407962
0.419272
0.801441
0.244202
0.299793
0.154476
0.234168
0.340551
0.285418
0.916505
0.546420
0.788048
0.648551
0.548545
0.542741
0.462960
0.558616
0.279936
0.693418
0.098785
