0.239327
0.294650
0.179571
0.275636
0.278970
0.481522
0.624030
0.492943
0.708203
0.748222
0.278904
0.791875
0.412330
0.951606
0.765534
0.265466
0.484154
0.051254
0.627809
0.579165
0.319761
0.928528
0.576370
0.061361
0.419219
0.617997
0.285348
0.710014
0.586185
0.522965
0.015392
0.115185
0.067024
0.823354
0.311250
0.113453
0.603972
0.756630
0.546520
0.354289
0.527486
0.771338
0.952463
0.662768
0.173869
0.841241
0.366988
0.895925
0.835483
0.242519
0.417841
0.122761
0.096520
0.065794
0.216735
0.241077
0.589314
0.485026
0.060587
0.666561
0.681122
0.867754
0.307252
0.712619
0.825223
0.586126
0.005354
0.301927
0.254539
0.168970
0.147625
0.914306
0.967991
0.673862
0.339104
0.966442
0.079483
0.977154
0.590861
0.822224
0.269776
0.995001
0.856003
0.945905
0.302237
0.229561
0.987738
0.736900
0.118495
0.505087
0.342217
0.674937
0.832885
0.021630
0.898180
0.233945
0.952272
0.637332
0.472142
0.557033
