0.626466
0.268157
0.068460
0.962744
0.351183
0.837890
0.194949
0.696418
0.021400
0.139170
0.345340
0.745756
0.235304
0.498274
0.014569
0.175635
0.508761
0.052213
0.674999
0.943683
0.274518
0.730121
0.467238
0.334752
0.051305
0.664444
0.998455
0.905094
0.904887
0.935763
0.758341
0.726450
0.395806
0.331621
0.895986
0.132139
0.727887
0.091500
0.320483
0.350595
0.389164
0.925867
0.841672
0.569464
0.700116
0.142700
0.382802
0.040229
0.095949
0.868466
0.654529
0.082818
0.052857
0.449733
0.919210
0.545553
0.762268
0.225712
0.752517
0.039159
0.988864
0.972180
0.074998
0.400200
0.598146
0.826817
0.311547
0.719236
0.728546
0.685590
0.997362
0.104223
0.168236
0.168292
0.652107
0.295750
0.609395
0.361495
0.315500
0.810865
0.234400
0.655844
0.787549
0.829582
0.851414
0.318887
0.606470
0.228409
0.593119
0.828808
0.100489
0.641507
0.832059
0.483507
0.039149
0.875189
0.744802
0.088319
0.915706
0.049236
