0.291113
0.682945
0.146824
0.997666
0.202350
0.720932
0.273707
0.433545
0.674303
0.347138
0.259861
0.823627
0.357330
0.152028
0.413116
0.096502
0.002733
0.003111
0.595692
0.034522
0.620831
0.875532
0.762754
0.111154
0.991708
0.085706
0.895476
0.466244
0.104228
0.228896
0.363445
0.527476
0.327249
0.892448
0.601575
0.428370
0.331570
0.006650
0.126742
0.201678
0.830113
0.953577
0.827865
0.206798
0.596706
0.214147
0.479260
0.559064
0.834500
0.129673
0.047415
0.163550
0.144544
0.222472
0.923821
0.920280
0.918920
0.570701
0.127278
0.215153
0.575720
0.561062
0.759240
0.895969
0.351484
0.573289
0.848943
0.935972
0.323690
0.157633
0.468961
0.868171
0.633981
0.327460
0.380692
0.404644
0.172165
0.036102
0.620013
0.879903
0.315967
0.278739
0.612488
0.156753
0.496327
0.474028
0.427269
0.337114
0.614082
0.607376
0.865271
0.823360
0.280107
0.059606
0.807759
0.181552
0.896729
0.191831
0.011282
0.165044
