0.244697
0.497699
0.026941
0.222680
0.283069
0.684496
0.548259
0.571594
0.959907
0.045742
0.230592
0.391210
0.955031
0.436573
0.859034
0.112605
0.596946
0.173519
0.019240
0.409654
0.654430
0.845469
0.453267
0.099143
0.164292
0.631574
0.965346
0.899305
0.407844
0.016190
0.576062
0.570010
0.686028
0.344184
0.421018
0.088977
0.069886
0.313627
0.584471
0.809138
0.093533
0.284385
0.286279
0.856314
0.648838
0.768086
0.033615
0.461130
0.577760
0.338929
0.707204
0.521784
0.467724
0.695437
0.322186
0.290522
0.241438
0.444192
0.924560
0.331091
0.920874
0.568527
0.118063
0.735382
0.191215
0.647339
0.347588
0.925718
0.510498
0.034173
0.238318
0.625767
0.216857
0.348353
0.608015
0.339445
0.462636
0.327893
0.174390
0.250845
0.373976
0.807156
0.584806
0.627228
0.516353
0.371571
0.494086
0.753565
0.118061
0.214675
0.039960
0.747905
0.565740
0.952450
0.801350
0.108040
0.199956
0.372080
0.458618
0.824266
