0.358488
0.431717
0.113257
0.552293
0.575333
0.481123
0.908962
0.675807
0.347144
0.611680
0.275175
0.620902
0.188976
0.202003
0.041982
0.668421
0.404628
0.295834
0.127435
0.489782
0.078992
0.341712
0.735178
0.142192
0.432076
0.491065
0.725223
0.493623
0.265661
0.683384
0.121297
0.899224
0.489916
0.776892
0.111112
0.806117
0.635062
0.989381
0.538798
0.882328
0.870292
0.767466
0.763213
0.508842
0.876829
0.421955
0.615635
0.734913
0.865903
0.130751
0.241899
0.693355
0.986847
0.871526
0.483581
0.130884
0.981084
0.591355
0.936186
0.933115
0.500497
0.343602
0.931719
0.187799
0.233062
0.304148
0.160507
0.612950
0.118805
0.609701
0.041181
0.368533
0.374027
0.607705
0.088481
0.624088
0.152486
0.397912
0.298529
0.372661
0.300257
0.701760
0.629090
0.767795
0.043953
0.718136
0.733593
0.930915
0.216268
0.283819
0.166204
0.531298
0.908553
0.143644
0.184985
0.281573
0.271543
0.341482
0.561432
0.421010
