0.952013
0.050750
0.549146
0.722744
0.311384
0.228698
0.732985
0.994882
0.120415
0.183125
0.177124
0.497175
0.476625
0.896755
0.063255
0.538417
0.410787
0.820740
0.567062
0.446707
0.659470
0.504785
0.013024
0.051139
0.834271
0.014108
0.377962
0.186428
0.313162
0.836273
0.252319
0.947541
0.791947
0.632390
0.735912
0.477612
0.040950
0.998357
0.263439
0.431719
0.832011
0.967324
0.985705
0.615639
0.663805
0.123328
0.571228
0.125805
0.775263
0.759010
0.239820
0.176456
0.910787
0.057856
0.117634
0.936836
0.705648
0.162499
0.869654
0.440944
0.935404
0.561959
0.361403
0.375738
0.487271
0.783553
0.865880
0.785951
0.172306
0.210354
0.349551
0.718474
0.972532
0.213659
0.569230
0.654947
0.799872
0.873537
0.725385
0.808221
0.912484
0.103025
0.481387
0.768923
0.119145
0.156522
0.541639
0.575046
0.172473
0.871729
0.372818
0.575932
0.453359
0.883035
0.698430
0.028421
0.110621
0.660126
0.028396
0.378794
