0.252924
0.266442
0.722034
0.618468
0.704881
0.570457
0.970495
0.841587
0.330889
0.509697
0.794161
0.144008
0.412044
0.150629
0.574691
0.385622
0.153771
0.056966
0.657840
0.964900
0.811273
0.498977
0.600892
0.982569
0.776003
0.202372
0.998884
0.381082
0.290867
0.328081
0.051073
0.517638
0.918806
0.959342
0.709412
0.651253
0.705787
0.003898
0.941504
0.004752
0.616659
0.162330
0.659138
0.297541
0.942209
0.525797
0.968314
0.784665
0.122891
0.287781
0.956799
0.104667
0.620926
0.659364
0.161419
0.069071
0.038213
0.851722
0.348347
0.689355
0.075650
0.240493
0.681119
0.945180
0.074463
0.984920
0.476008
0.370300
0.970787
0.033438
0.219207
0.511619
0.926899
0.810314
0.176895
0.558484
0.033389
0.557108
0.202367
0.193171
0.153325
0.294360
0.270820
0.950998
0.881682
0.460842
0.995140
0.597820
0.045360
0.012753
0.183008
0.644165
0.267965
0.484670
0.505891
0.681364
0.134521
0.022712
0.305743
0.031303
