0.425897
0.420819
0.835633
0.913958
0.305875
0.336988
0.180785
0.746031
0.061139
0.423327
0.987368
0.756252
0.576655
0.933502
0.968856
0.585930
0.753451
0.507618
0.293488
0.663061
0.547905
0.603055
0.076488
0.977773
0.960856
0.098273
0.440755
0.803535
0.033081
0.066745
0.930869
0.528599
0.183936
0.483859
0.494991
0.729716
0.924127
0.773745
0.935638
0.306302
0.641179
0.213677
0.250329
0.551120
0.620937
0.460841
0.273492
0.633479
0.970384
0.508483
0.368323
0.032777
0.156367
0.460962
0.344681
0.588456
0.129454
0.074984
0.430222
0.708565
0.324423
0.959501
0.608795
0.136810
0.367856
0.346082
0.327781
0.287005
0.510253
0.415890
0.324617
0.785510
0.228571
0.483225
0.236374
0.630584
0.705491
0.348778
0.547672
0.230105
0.638531
0.570503
0.396171
0.958874
0.973318
0.797029
0.013635
0.856075
0.941887
0.903723
0.662901
0.231026
0.355273
0.317913
0.730808
0.378817
0.010133
0.333449
0.513218
0.454806
