0.170266
0.861388
0.834128
0.074037
0.067421
0.153605
0.185476
0.444373
0.997917
0.982610
0.786655
0.184412
0.524228
0.220521
0.500502
0.364697
0.189842
0.725736
0.284296
0.448521
0.987690
0.504136
0.900071
0.167174
0.219671
0.549011
0.819425
0.631783
0.997539
0.749722
0.079836
0.189557
0.249169
0.910772
0.164384
0.079344
0.762472
0.665916
0.443992
0.361447
0.130083
0.637101
0.526141
0.695127
0.929340
0.323729
0.884741
0.750937
0.109412
0.153816
0.971467
0.676626
0.206771
0.460445
0.868863
0.220391
0.028393
0.031287
0.325277
0.575328
0.442806
0.015661
0.858735
0.347840
0.817014
0.183576
0.592733
0.468649
0.872325
0.457468
0.437727
0.507365
0.885122
0.133756
0.856157
0.247691
0.620573
0.411176
0.483145
0.289534
0.785817
0.428497
0.136135
0.298591
0.574361
0.135418
0.840216
0.886201
0.021292
0.476615
0.003679
0.868848
0.143869
0.038627
0.990544
0.492561
0.394267
0.235567
0.964486
0.187267
