0.674327
0.178214
0.421215
0.987873
0.305252
0.067225
0.669407
0.712411
0.474086
0.004283
0.228617
0.821873
0.011247
0.178269
0.148249
0.642834
0.669938
0.665377
0.721219
0.059049
0.410831
0.169014
0.594613
0.058608
0.083089
0.947667
0.834022
0.591348
0.602772
0.197034
0.534831
0.743852
0.416486
0.804761
0.017839
0.850189
0.008004
0.263202
0.958378
0.157880
0.284069
0.868527
0.770122
0.152805
0.008753
0.814005
0.657885
0.477477
0.587878
0.160823
0.525462
0.879732
0.787803
0.319750
0.991936
0.063094
0.735893
0.252983
0.484875
0.579926
0.751423
0.030572
0.451569
0.137636
0.228833
0.068604
0.274503
0.140474
0.654081
0.320920
0.152727
0.617613
0.729576
0.962091
0.326585
0.738332
0.774459
0.612071
0.362123
0.292202
0.253259
0.331329
0.840611
0.821827
0.507847
0.466692
0.675294
0.253872
0.907862
0.611104
0.733492
0.032078
0.343370
0.878562
0.002344
0.805710
0.706174
0.243815
0.019907
0.775372
