0.046479
0.311888
0.201663
0.304806
0.895222
0.950977
0.716458
0.394799
0.763152
0.036475
0.944531
0.806704
0.047892
0.425607
0.174945
0.858654
0.503997
0.357498
0.824455
0.116399
0.424127
0.566798
0.095393
0.099226
0.440570
0.629923
0.427319
0.370628
0.336453
0.699715
0.937388
0.483932
0.683345
0.994914
0.557084
0.472729
0.047272
0.099263
0.573146
0.153657
0.819056
0.700075
0.160231
0.468248
0.656776
0.565102
0.859092
0.646311
0.829850
0.526614
0.952384
0.352920
0.291880
0.412449
0.428624
0.475989
0.143661
0.688326
0.186920
0.202914
0.567771
0.943834
0.120388
0.684548
0.009549
0.080671
0.072406
0.478489
0.712912
0.272030
0.233528
0.413123
0.161873
0.875672
0.736166
0.209574
0.457722
0.341397
0.209206
0.921178
0.449680
0.562640
0.519691
0.835179
0.229344
0.976095
0.508205
0.983467
0.977604
0.533519
0.211438
0.371624
0.831340
0.497146
0.625633
0.042805
0.788420
0.357340
0.156049
0.881213
