0.395606
0.279936
0.473266
0.352793
0.780318
0.842314
0.678133
0.905375
0.929358
0.712991
0.017744
0.088740
0.952272
0.751903
0.837284
0.044850
0.533524
0.181952
0.171890
0.466467
0.842304
0.853056
0.818118
0.813131
0.678453
0.532919
0.845132
0.579682
0.610503
0.023627
0.680758
0.764588
0.213379
0.528227
0.741983
0.620827
0.764640
0.938158
0.879067
0.546727
0.795323
0.014960
0.664423
0.396204
0.550160
0.299649
0.519320
0.622180
0.645985
0.199123
0.710024
0.043066
0.611833
0.598127
0.748549
0.482218
0.156577
0.266396
0.991415
0.264780
0.017314
0.413203
0.660601
0.688141
0.556641
0.788412
0.282033
0.539354
0.712607
0.684756
0.570975
0.702826
0.396328
0.633717
0.153785
0.899094
0.207971
0.412385
0.690567
0.774988
0.167172
0.158460
0.156492
0.784210
0.308892
0.119163
0.044510
0.243515
0.868763
0.184293
0.711385
0.578356
0.274543
0.005965
0.421563
0.385138
0.412071
0.975376
0.612900
0.206530
