0.324168
0.766351
0.979921
0.303379
0.498183
0.068974
0.025161
0.147720
0.342050
0.749930
0.641251
0.966775
0.625556
0.882474
0.470728
0.343704
0.676337
0.363433
0.439853
0.719423
0.439668
0.269686
0.113400
0.420098
0.519542
0.074271
0.049480
0.601039
0.720195
0.712372
0.195344
0.984251
0.584712
0.203020
0.280410
0.769353
0.568193
0.636814
0.778237
0.419108
0.148587
0.433431
0.456435
0.448649
0.724102
0.531884
0.634177
0.668554
0.922732
0.696758
0.451751
0.392387
0.890533
0.587513
0.734920
0.640503
0.011148
0.269246
0.038347
0.139108
0.282654
0.131949
0.777669
0.274937
0.476770
0.108720
0.035409
0.159045
0.997558
0.351805
0.500958
0.523879
0.347351
0.580630
0.225097
0.710864
0.737368
0.628520
0.430814
0.932769
0.296545
0.740543
0.590936
0.074897
0.019112
0.224744
0.347571
0.267547
0.614911
0.391259
0.516270
0.799493
0.406234
0.703845
0.602302
0.167353
0.822940
0.916880
0.999935
0.974834
