0.026011
0.383538
0.730311
0.022890
0.555216
0.025187
0.956688
0.972332
0.657786
0.200659
0.010488
0.322429
0.414682
0.895598
0.178669
0.798492
0.047547
0.159215
0.041661
0.878150
0.710257
0.602717
0.431610
0.964628
0.092269
0.409369
0.109944
0.625754
0.219938
0.780844
0.649880
0.412904
0.383065
0.353847
0.408296
0.374735
0.037537
0.434378
0.707658
0.801069
0.415809
0.450833
0.900146
0.023404
0.125929
0.559756
0.263949
0.397763
0.280792
0.670637
0.289769
0.123836
0.832878
0.019905
0.235025
0.902447
0.644412
0.546258
0.692593
0.020063
0.298810
0.358271
0.056618
0.596168
0.573903
0.026152
0.519531
0.506959
0.467886
0.862916
0.489842
0.422254
0.306412
0.312378
0.369270
0.456298
0.545636
0.348457
0.392783
0.342252
0.811816
0.058614
0.629690
0.617246
0.031651
0.326646
0.155425
0.209382
0.056103
0.377004
0.822513
0.703546
0.704412
0.919315
0.922461
0.323857
0.379869
0.129064
0.004267
0.110935
