0.167792
0.025245
0.055392
0.209474
0.925568
0.644092
0.093452
0.481764
0.021702
0.337964
0.229689
0.027501
0.731376
0.295133
0.601127
0.386582
0.963947
0.133994
0.896796
0.107683
0.735011
0.808619
0.876337
0.618642
0.728142
0.851337
0.303680
0.298169
0.164574
0.852853
0.776006
0.841399
0.094868
0.478251
0.836845
0.510734
0.185157
0.419926
0.492781
0.369019
0.405376
0.962921
0.014450
0.789147
0.082978
0.750102
0.524607
0.507248
0.202123
0.276154
0.060962
0.081300
0.747347
0.160513
0.620438
0.949050
0.700213
0.246327
0.663366
0.229343
0.915363
0.957230
0.186901
0.236818
0.928516
0.050295
0.154524
0.730004
0.998653
0.626738
0.069245
0.820579
0.609481
0.825582
0.382732
0.363750
0.699279
0.027113
0.120557
0.567718
0.931153
0.012935
0.578853
0.669870
0.933538
0.712819
0.701771
0.340951
0.639985
0.112802
0.639601
0.029673
0.253699
0.101533
0.909567
0.403849
0.155958
0.160024
0.914739
0.735612
