0.573819
0.192032
0.909315
0.044080
0.991905
0.744757
0.388858
0.398273
0.084239
0.111534
0.028325
0.624827
0.739112
0.894364
0.020165
0.130369
0.267679
0.013022
0.726922
0.636173
0.635060
0.736917
0.949137
0.794935
0.386868
0.841495
0.589632
0.558122
0.714244
0.250189
0.506209
0.223423
0.928526
0.721074
0.469132
0.771891
0.745235
0.251891
0.753796
0.749704
0.537205
0.236078
0.830019
0.417374
0.781098
0.007131
0.517314
0.044665
0.961045
0.068026
0.809417
0.661868
0.317220
0.702359
0.267786
0.986979
0.683565
0.963595
0.318612
0.127110
0.348536
0.509179
0.148674
0.664782
0.511193
0.691563
0.699345
0.846744
0.878641
0.739112
0.197871
0.668556
0.348012
0.224210
0.465497
0.099687
0.759638
0.414697
0.733002
0.368238
0.998568
0.232426
0.684856
0.276641
0.341420
0.732704
0.138360
0.280416
0.593691
0.065026
0.572685
0.277843
0.440181
0.599738
0.171487
0.635310
0.325627
0.164589
0.316276
0.926134
