0.397232
0.223741
0.230037
0.333990
0.510770
0.003145
0.573428
0.572304
0.151831
0.917170
0.525602
0.874297
0.117068
0.699475
0.234317
0.902415
0.012735
0.753731
0.965070
0.941501
0.921373
0.995149
0.737087
0.718389
0.308007
0.977919
0.107792
0.917537
0.782802
0.753345
0.275993
0.043237
0.127060
0.694938
0.311396
0.149106
0.293884
0.075097
0.843903
0.777252
0.658583
0.004901
0.756953
0.867664
0.283909
0.209253
0.397177
0.485152
0.076476
0.958188
0.720653
0.407694
0.899501
0.870474
0.233555
0.973400
0.681953
0.098121
0.931711
0.999524
0.444765
0.655584
0.148436
0.605832
0.632724
0.383086
0.843897
0.681276
0.196270
0.881477
0.305167
0.246082
0.844707
0.010171
0.837592
0.327649
0.190283
0.137220
0.145463
0.035400
0.731227
0.520204
0.837633
0.547533
0.168978
0.329456
0.011987
0.884649
0.500133
0.211409
0.632557
0.163481
0.042423
0.868117
0.977814
0.523512
0.632697
0.031906
0.256909
0.234284
