0.699392
0.317365
0.431678
0.020745
0.930334
0.603495
0.062206
0.563386
0.151664
0.237241
0.786809
0.265453
0.209699
0.337953
0.080350
0.264891
0.576431
0.755608
0.296420
0.965152
0.253114
0.279319
0.583949
0.500693
0.956687
0.383378
0.382075
0.176051
0.204081
0.383925
0.115465
0.945231
0.093079
0.031808
0.932149
0.569650
0.610142
0.792333
0.934694
0.088648
0.255275
0.033196
0.139168
0.650446
0.735836
0.477745
0.276571
0.483724
0.249336
0.359419
0.787036
0.984549
0.702112
0.219690
0.848307
0.360293
0.338905
0.061605
0.067638
0.562270
0.333005
0.558407
0.104710
0.531075
0.077844
0.062969
0.111138
0.037233
0.363293
0.808629
0.734061
0.654635
0.421952
0.762744
0.754604
0.936565
0.190918
0.762091
0.045722
0.852667
0.832127
0.778717
0.163183
0.588173
0.973493
0.551093
0.133482
0.656087
0.642986
0.774991
0.465335
0.860906
0.081312
0.977926
0.769598
0.512293
0.568862
0.737165
0.699313
0.939457
