0.783960
0.973335
0.913336
0.877478
0.390144
0.934014
0.152158
0.534594
0.189550
0.278758
0.055261
0.826809
0.785298
0.492677
0.481632
0.680465
0.881748
0.257250
0.851236
0.484559
0.324078
0.595898
0.579811
0.133451
0.816095
0.007249
0.549210
0.671986
0.822793
0.268423
0.496750
0.890076
0.982130
0.137525
0.264833
0.143917
0.894706
0.149566
0.834388
0.611298
0.712058
0.740375
0.262799
0.933014
0.906403
0.829781
0.222619
0.697116
0.473879
0.133977
0.402003
0.832542
0.438083
0.422460
0.415153
0.337020
0.503271
0.602042
0.426382
0.425269
0.635812
0.933432
0.804641
0.414880
0.701673
0.843390
0.641848
0.339914
0.088252
0.544477
0.201025
0.969268
0.128649
0.940613
0.704814
0.421672
0.219093
0.895151
0.682966
0.135149
0.102789
0.025358
0.782478
0.697408
0.388174
0.837572
0.022494
0.708770
0.877793
0.542974
0.508636
0.420812
0.439692
0.802592
0.539847
0.429341
0.526086
0.627886
0.425985
0.809147
