0.909404
0.882838
0.158483
0.984238
0.159181
0.882164
0.372166
0.211016
0.656606
0.851866
0.722364
0.252203
0.604947
0.904283
0.121379
0.167385
0.718966
0.429536
0.125720
0.462565
0.838115
0.963013
0.450980
0.556884
0.914890
0.412558
0.728326
0.190433
0.742744
0.138311
0.788489
0.081678
0.250379
0.417846
0.658344
0.837003
0.596079
0.965829
0.644413
0.261711
0.826091
0.047884
0.641102
0.170374
0.900516
0.084921
0.066776
0.344640
0.937758
0.619543
0.092285
0.290333
0.356290
0.922515
0.431150
0.058304
0.012494
0.515814
0.204654
0.895675
0.928271
0.509182
0.892682
0.516253
0.203532
0.960659
0.017255
0.115080
0.417667
0.141498
0.411202
0.383272
0.491650
0.360702
0.051138
0.372587
0.405304
0.272146
0.049354
0.445121
0.158846
0.325877
0.316709
0.542426
0.982887
0.022109
0.166624
0.507789
0.842830
0.918638
0.209025
0.490515
0.281203
0.802599
0.739642
0.470959
0.870595
0.796957
0.966819
0.330453
