0.458765
0.976620
0.626165
0.322081
0.851940
0.961559
0.899301
0.555438
0.241143
0.671155
0.284102
0.755206
0.360840
0.883757
0.645845
0.608843
0.954826
0.130797
0.414644
0.655127
0.749325
0.511980
0.336381
0.107127
0.359716
0.933430
0.219124
0.319720
0.809454
0.951650
0.614440
0.280807
0.779443
0.492959
0.889520
0.101229
0.764614
0.541235
0.356516
0.977589
0.079811
0.437685
0.041457
0.885479
0.388483
0.643494
0.844980
0.132185
0.587355
0.634525
0.612541
0.002659
0.988435
0.805154
0.750585
0.874329
0.745997
0.252808
0.112450
0.378206
0.014120
0.276531
0.241502
0.723836
0.352050
0.880250
0.321750
0.384836
0.892334
0.596097
0.893604
0.353887
0.978010
0.442231
0.682611
0.426692
0.643305
0.895923
0.942879
0.766134
0.279835
0.062175
0.641938
0.011313
0.671441
0.087557
0.552551
0.238691
0.190558
0.860818
0.995137
0.891138
0.162832
0.100567
0.260575
0.641071
0.977753
0.814264
0.236922
0.340904
