0.351475
0.685006
0.193046
0.269904
0.853635
0.094753
0.979581
0.953444
0.366371
0.986394
0.139230
0.977074
0.124503
0.529086
0.724317
0.738744
0.188171
0.531034
0.449160
0.272439
0.976444
0.188133
0.018899
0.794897
0.097617
0.683441
0.055707
0.151516
0.778021
0.127992
0.302383
0.609708
0.193743
0.295269
0.503436
0.353831
0.375486
0.346342
0.061338
0.057206
0.344550
0.763101
0.628216
0.183993
0.541483
0.267353
0.113405
0.547596
0.066022
0.330029
0.103391
0.941154
0.799371
0.286102
0.889400
0.912326
0.864955
0.414866
0.223607
0.031997
0.300749
0.330781
0.756298
0.322373
0.605176
0.168150
0.732658
0.620607
0.229210
0.467071
0.166678
0.738216
0.680125
0.600957
0.291614
0.174629
0.069715
0.574863
0.124439
0.385475
0.469876
0.643935
0.295357
0.734602
0.632701
0.910600
0.924876
0.714267
0.818874
0.019983
0.634619
0.840821
0.525515
0.019913
0.106361
0.862668
0.375064
0.034483
0.266228
0.428568
