0.510225
0.665719
0.985100
0.898203
0.987638
0.021588
0.936311
0.102632
0.933561
0.995591
0.435004
0.688817
0.418480
0.194090
0.073064
0.712642
0.226237
0.375049
0.337818
0.663248
0.862199
0.697051
0.526651
0.912048
0.666890
0.779707
0.619723
0.447964
0.942021
0.903675
0.576468
0.389969
0.210397
0.524698
0.224924
0.429669
0.866190
0.838806
0.094792
0.711783
0.694087
0.070548
0.380692
0.941234
0.261215
0.324521
0.412360
0.418477
0.377928
0.625383
0.078200
0.179078
0.724225
0.158090
0.282956
0.405350
0.188444
0.785254
0.312035
0.842686
0.716198
0.627670
0.915535
0.868449
0.451878
0.663343
0.960245
0.735880
0.683829
0.162927
0.000463
0.337077
0.705271
0.260660
0.874854
0.153079
0.411634
0.845799
0.089690
0.760635
0.377877
0.912992
0.281421
0.769050
0.520518
0.720100
0.712444
0.524585
0.337202
0.512290
0.142657
0.070152
0.054857
0.431160
0.468405
0.111949
0.212126
0.625037
0.310155
0.021790
