0.174962
0.513756
0.355466
0.884615
0.660860
0.655485
0.723896
0.932451
0.276111
0.392424
0.502187
0.599637
0.086730
0.257762
0.117839
0.349622
0.636370
0.377591
0.844626
0.580221
0.027935
0.992582
0.795937
0.466322
0.884071
0.352304
0.164936
0.596771
0.341187
0.471465
0.595521
0.498688
0.647285
0.772556
0.198294
0.104475
0.071056
0.682671
0.761114
0.005670
0.838450
0.634267
0.906647
0.031531
0.166430
0.467632
0.424418
0.288369
0.279592
0.218905
0.590752
0.261652
0.139771
0.048245
0.575108
0.734743
0.918131
0.610609
0.439844
0.756287
0.710115
0.898982
0.308897
0.400723
0.693061
0.786945
0.092611
0.375362
0.303585
0.051820
0.288278
0.305619
0.407678
0.706057
0.439469
0.922208
0.000161
0.550994
0.428702
0.417494
0.324340
0.842600
0.473172
0.827544
0.255349
0.312846
0.796025
0.692084
0.941952
0.723729
0.633330
0.369147
0.817105
0.079225
0.458024
0.666789
0.616917
0.234466
0.147612
0.420615
