0.910100
0.033275
0.067508
0.128052
0.738163
0.106162
0.318845
0.029848
0.376139
0.084982
0.348087
0.246312
0.282625
0.124025
0.580230
0.960547
0.902397
0.580726
0.488901
0.307288
0.727582
0.933257
0.269667
0.079885
0.182471
0.549814
0.825245
0.872067
0.367490
0.426768
0.911632
0.125917
0.701290
0.010589
0.283339
0.018576
0.348626
0.011611
0.526344
0.084651
0.445659
0.338031
0.397974
0.659747
0.664755
0.481586
0.024542
0.836828
0.447770
0.840099
0.221133
0.691994
0.233703
0.873754
0.583708
0.716588
0.768304
0.208780
0.365050
0.936846
0.506875
0.440630
0.049328
0.784907
0.626530
0.012289
0.691469
0.127658
0.672612
0.413364
0.738586
0.973998
0.771352
0.350817
0.480752
0.773029
0.586697
0.277337
0.661261
0.911156
0.936372
0.337420
0.986600
0.810255
0.580172
0.456916
0.964290
0.342426
0.781114
0.223313
0.796379
0.158800
0.628185
0.110384
0.812801
0.356209
0.307456
0.397705
0.917701
0.809695
