0.826366
0.664991
0.734011
0.266702
0.141790
0.882109
0.669045
0.438405
0.600222
0.499859
0.896311
0.487303
0.012045
0.296221
0.769524
0.552092
0.164838
0.252762
0.174752
0.450463
0.306035
0.589948
0.341689
0.964333
0.615515
0.037084
0.974845
0.828970
0.635916
0.057984
0.739898
0.280118
0.389165
0.357704
0.425017
0.825326
0.873483
0.765031
0.672101
0.338350
0.329544
0.783916
0.586024
0.011001
0.125822
0.148403
0.803403
0.943491
0.864323
0.759624
0.249725
0.658686
0.481103
0.672274
0.573108
0.078237
0.610946
0.119936
0.157437
0.824236
0.589582
0.108809
0.479311
0.289018
0.152552
0.385325
0.407855
0.498032
0.036342
0.361412
0.910483
0.521559
0.961254
0.643110
0.268500
0.994204
0.318650
0.643069
0.369294
0.480393
0.000449
0.523330
0.913406
0.008326
0.899276
0.093394
0.483724
0.461687
0.376465
0.268809
0.529832
0.659278
0.332055
0.154121
0.504674
0.916710
0.384552
0.391542
0.439669
0.223870
