0.454355
0.459986
0.360729
0.671360
0.874802
0.970372
0.072176
0.844668
0.020108
0.940753
0.995452
0.419604
0.043181
0.645846
0.109904
0.054055
0.073049
0.915198
0.766389
0.765271
0.865111
0.871109
0.593899
0.199716
0.069863
0.043552
0.475910
0.004445
0.868513
0.214866
0.969734
0.269381
0.530394
0.936420
0.861834
0.848529
0.046342
0.187659
0.637420
0.499364
0.399517
0.005522
0.566534
0.679672
0.765186
0.782165
0.260445
0.646111
0.466928
0.897943
0.282188
0.755612
0.635138
0.264706
0.768975
0.237952
0.498388
0.608413
0.407073
0.748880
0.874677
0.744533
0.550810
0.865291
0.201042
0.836958
0.216198
0.037665
0.796380
0.586791
0.565333
0.187398
0.886396
0.564549
0.753049
0.756094
0.553734
0.091811
0.221300
0.650296
0.931728
0.363154
0.182493
0.895853
0.603070
0.889736
0.818631
0.353996
0.764069
0.999657
0.083934
0.683829
0.696512
0.885523
0.039729
0.484368
0.491694
0.864619
0.326111
0.801051
