0.283442
0.483484
0.676836
0.377360
0.463158
0.490474
0.798224
0.038880
0.991086
0.656164
0.301751
0.636003
0.676029
0.932845
0.386158
0.686638
0.274645
0.048203
0.319647
0.481716
0.892728
0.874015
0.729346
0.629826
0.233190
0.875950
0.414610
0.647449
0.662841
0.590722
0.779112
0.069411
0.838937
0.080550
0.695986
0.335083
0.113403
0.955292
0.928959
0.165488
0.997585
0.285768
0.143414
0.494791
0.264978
0.551239
0.626619
0.879836
0.999000
0.831071
0.331000
0.640610
0.143464
0.153354
0.168534
0.642718
0.424077
0.526430
0.955412
0.985307
0.465352
0.338016
0.367633
0.058988
0.325362
0.814620
0.865017
0.358801
0.500872
0.323139
0.630057
0.196990
0.457618
0.901349
0.862221
0.957865
0.240886
0.226165
0.484067
0.735890
0.416705
0.576651
0.839619
0.677605
0.783469
0.365209
0.842610
0.047384
0.214859
0.888635
0.890083
0.653344
0.772527
0.765456
0.709779
0.884472
0.802559
0.676065
0.857961
0.572275
