0.636052
0.697103
0.764980
0.276190
0.460802
0.431848
0.130436
0.597777
0.206623
0.076303
0.575650
0.425610
0.349988
0.369633
0.998004
0.659566
0.013703
0.497863
0.869091
0.737781
0.024047
0.255150
0.653296
0.968429
0.084689
0.066085
0.496447
0.210213
0.682773
0.895823
0.361116
0.188782
0.009128
0.293876
0.853199
0.999941
0.082107
0.387925
0.234695
0.858494
0.670458
0.247620
0.008269
0.415203
0.772715
0.431817
0.429412
0.134975
0.452523
0.817763
0.886894
0.040195
0.994202
0.542996
0.101875
0.898833
0.432522
0.544749
0.974106
0.179307
0.772819
0.926660
0.549551
0.869585
0.256499
0.697433
0.928989
0.784849
0.381093
0.511052
0.437814
0.151365
0.540062
0.016401
0.573727
0.016559
0.026394
0.231032
0.608160
0.978958
0.411809
0.002158
0.034942
0.417091
0.379376
0.573610
0.019649
0.712747
0.388455
0.390920
0.529196
0.940132
0.933091
0.859018
0.978656
0.694025
0.432292
0.798216
0.020198
0.867260
