0.900251
0.420257
0.303912
0.280740
0.367827
0.111612
0.307517
0.564849
0.261687
0.177758
0.388172
0.869154
0.563780
0.082641
0.907484
0.115910
0.451520
0.914453
0.173440
0.505428
0.399836
0.066152
0.449588
0.736419
0.850318
0.497026
0.709764
0.778273
0.388794
0.824182
0.754735
0.061130
0.090563
0.005371
0.554221
0.119566
0.454785
0.880169
0.102154
0.799074
0.034991
0.607614
0.162274
0.101423
0.898758
0.313602
0.605527
0.035631
0.529627
0.153793
0.810239
0.174452
0.020971
0.370299
0.995902
0.573283
0.025545
0.242009
0.109678
0.428077
0.820460
0.778752
0.303764
0.783347
0.660404
0.975546
0.786608
0.866815
0.732296
0.246433
0.862558
0.310490
0.601109
0.543959
0.438149
0.147754
0.377337
0.184407
0.786740
0.813869
0.704415
0.153736
0.342303
0.544242
0.396506
0.873305
0.143846
0.783463
0.525127
0.098402
0.328065
0.226484
0.919912
0.336577
0.203966
0.010621
0.905622
0.514607
0.460395
0.768945
