0.911258
0.117713
0.612198
0.153138
0.563809
0.383923
0.273042
0.225138
0.896524
0.530227
0.968265
0.447379
0.258115
0.797875
0.838029
0.642167
0.332324
0.862934
0.194184
0.142764
0.855161
0.421479
0.259788
0.909478
0.310684
0.676426
0.021501
0.603598
0.019533
0.496760
0.000388
0.280500
0.880662
0.302213
0.845873
0.449394
0.218974
0.780436
0.369972
0.631054
0.937503
0.863785
0.091962
0.413131
0.106299
0.632174
0.556526
0.432809
0.937153
0.597832
0.023633
0.390446
0.649774
0.516002
0.197495
0.788464
0.766862
0.576830
0.504906
0.026363
0.290446
0.839498
0.256965
0.357161
0.248145
0.043914
0.559140
0.658097
0.868896
0.370125
0.301876
0.709910
0.299798
0.197317
0.900017
0.378425
0.535647
0.218403
0.085784
0.443439
0.047098
0.271308
0.032393
0.764062
0.500288
0.479421
0.502828
0.695388
0.284974
0.282467
0.425079
0.224174
0.279367
0.436440
0.737325
0.750607
0.063833
0.359451
0.583738
0.781996
