0.552874
0.402043
0.641289
0.220195
0.175147
0.582048
0.881412
0.769377
0.638690
0.420746
0.291227
0.100514
0.208914
0.745085
0.386917
0.631954
0.019710
0.813206
0.397725
0.091654
0.519744
0.587774
0.095363
0.660533
0.534972
0.847180
0.555046
0.885249
0.343294
0.691250
0.311559
0.010697
0.259480
0.757263
0.892128
0.376045
0.641393
0.750587
0.232786
0.764404
0.507683
0.140234
0.466540
0.234204
0.831954
0.313250
0.338630
0.553904
0.882671
0.081935
0.606546
0.308155
0.416687
0.228936
0.502433
0.751862
0.525116
0.688221
0.771953
0.841632
0.208691
0.973694
0.232964
0.364643
0.279590
0.842058
0.939386
0.514950
0.905685
0.671741
0.238874
0.067155
0.689328
0.511354
0.016912
0.268548
0.002162
0.819794
0.998269
0.627245
0.325617
0.534992
0.548488
0.995363
0.661523
0.606036
0.743850
0.002563
0.347959
0.552824
0.758389
0.196851
0.989288
0.601533
0.217584
0.298122
0.066668
0.835337
0.396389
0.242405
