0.155184
0.103194
0.983510
0.257903
0.076459
0.892938
0.667163
0.001718
0.104800
0.089048
0.737469
0.259567
0.044701
0.487929
0.807930
0.025634
0.235325
0.396148
0.529647
0.254388
0.300903
0.144348
0.877416
0.560060
0.858232
0.896809
0.701760
0.322579
0.946661
0.221874
0.563212
0.603781
0.197764
0.864844
0.669352
0.814947
0.961225
0.147521
0.049926
0.925976
0.313662
0.345727
0.055141
0.297533
0.028631
0.992581
0.649472
0.377416
0.681516
0.516777
0.896894
0.587037
0.328247
0.054154
0.848534
0.525101
0.239317
0.902589
0.571041
0.476974
0.482384
0.352989
0.468085
0.864817
0.033485
0.343255
0.112047
0.444563
0.303155
0.916818
0.803820
0.727211
0.185480
0.429623
0.805932
0.928932
0.969527
0.009984
0.175663
0.919783
0.584499
0.978153
0.668806
0.028167
0.352501
0.680042
0.027195
0.281358
0.711065
0.626259
0.344375
0.094067
0.159366
0.129683
0.068558
0.875507
0.067945
0.044428
0.846782
0.840972
