0.031556
0.836401
0.488728
0.876804
0.058238
0.137447
0.496288
0.766742
0.012153
0.697813
0.456330
0.195978
0.835690
0.386166
0.747627
0.443411
0.007342
0.620338
0.289045
0.610358
0.008314
0.283255
0.692534
0.092537
0.616382
0.058489
0.246730
0.860099
0.756632
0.069039
0.835068
0.522265
0.147778
0.083047
0.180434
0.052114
0.638291
0.583382
0.989777
0.685814
0.267993
0.058664
0.010747
0.923828
0.508980
0.826869
0.330295
0.924665
0.357139
0.170491
0.773239
0.457285
0.001643
0.339010
0.347722
0.271343
0.324513
0.393032
0.618916
0.633371
0.513837
0.597018
0.144887
0.543708
0.202844
0.675922
0.716569
0.081596
0.924893
0.335057
0.660303
0.390583
0.471911
0.980612
0.050257
0.250260
0.245630
0.155168
0.720294
0.150155
0.439644
0.355621
0.894402
0.829184
0.555189
0.425090
0.959512
0.698273
0.223395
0.877950
0.429384
0.235724
0.480940
0.893556
0.327812
0.685766
0.488039
0.265031
0.165042
0.408821
