0.848065
0.402624
0.448751
0.220699
0.201070
0.999755
0.906097
0.549753
0.374759
0.809612
0.039270
0.965090
0.452938
0.830443
0.246014
0.670021
0.748331
0.686391
0.631000
0.180729
0.150545
0.563206
0.423886
0.978455
0.086840
0.570302
0.596631
0.440270
0.628464
0.130002
0.882307
0.193335
0.812733
0.628487
0.760794
0.146034
0.874886
0.277191
0.599507
0.711046
0.822804
0.907755
0.033540
0.052670
0.355331
0.018387
0.435888
0.299650
0.137274
0.881817
0.953306
0.863508
0.809327
0.085645
0.884180
0.272291
0.347520
0.651379
0.130812
0.254617
0.506614
0.299606
0.333327
0.695890
0.663751
0.763907
0.137588
0.342121
0.847620
0.265353
0.872110
0.150285
0.797654
0.370842
0.009555
0.972598
0.389313
0.095719
0.605370
0.036984
0.174874
0.837281
0.754170
0.187655
0.205793
0.346315
0.930290
0.643731
0.813480
0.972402
0.305721
0.180244
0.691320
0.550971
0.720300
0.411182
0.217406
0.520875
0.736795
0.164601
