0.248654
0.938895
0.962121
0.092959
0.043797
0.035152
0.261791
0.622662
0.663071
0.966990
0.866344
0.223197
0.783004
0.751658
0.233549
0.982287
0.828254
0.352485
0.820832
0.206408
0.490026
0.426071
0.341691
0.609282
0.488750
0.696914
0.948016
0.436317
0.393235
0.915254
0.499348
0.650860
0.042306
0.458171
0.866879
0.637536
0.545255
0.770050
0.970525
0.431564
0.831702
0.218575
0.607961
0.728057
0.773086
0.959127
0.082593
0.260888
0.014083
0.227629
0.203548
0.467462
0.315951
0.489256
0.843402
0.208083
0.765880
0.541609
0.443375
0.993230
0.168295
0.679207
0.507074
0.112986
0.725135
0.294466
0.335295
0.464302
0.315208
0.572738
0.283879
0.055857
0.486041
0.078964
0.567500
0.261210
0.913233
0.542267
0.165171
0.412253
0.914579
0.994769
0.447754
0.245517
0.600614
0.238606
0.502078
0.598756
0.613949
0.093536
0.059033
0.187689
0.351783
0.803617
0.877749
0.074301
0.164836
0.751417
0.035251
0.039363
