0.121984
0.881649
0.025373
0.791124
0.007143
0.258685
0.336145
0.044097
0.215284
0.044215
0.787330
0.206308
0.145763
0.196460
0.777363
0.574575
0.636609
0.982811
0.066943
0.466646
0.204015
0.113680
0.109171
0.212503
0.036548
0.460760
0.167462
0.488277
0.032666
0.988995
0.897450
0.337050
0.326084
0.577353
0.623563
0.542986
0.576156
0.168835
0.431516
0.279125
0.060945
0.594678
0.574562
0.271854
0.793450
0.215799
0.602949
0.031821
0.922218
0.199174
0.638792
0.151481
0.222858
0.006308
0.378204
0.834853
0.710830
0.827841
0.936361
0.137067
0.666397
0.231556
0.896702
0.673548
0.736677
0.064703
0.139712
0.159365
0.671909
0.020482
0.905038
0.237656
0.312383
0.360558
0.720132
0.941088
0.893108
0.243588
0.364300
0.236394
0.128630
0.202302
0.195298
0.222336
0.061500
0.157912
0.124938
0.522872
0.946456
0.301216
0.630411
0.056787
0.504516
0.245915
0.142893
0.681582
0.158397
0.271377
0.644048
0.442579
