0.940724
0.716699
0.522680
0.478283
0.604405
0.588316
0.646564
0.620088
0.227252
0.791973
0.523638
0.625076
0.236922
0.637316
0.352356
0.399354
0.529694
0.854111
0.732598
0.581241
0.469876
0.944649
0.064941
0.972300
0.973263
0.081739
0.713630
0.949502
0.145674
0.545885
0.306002
0.184722
0.984071
0.816548
0.802599
0.625766
0.766004
0.487090
0.271114
0.233559
0.196343
0.059506
0.583887
0.105057
0.929739
0.254358
0.180287
0.829526
0.114299
0.093854
0.953311
0.492156
0.987519
0.041821
0.392986
0.841749
0.818708
0.558051
0.318065
0.482120
0.438162
0.404975
0.661073
0.561531
0.039121
0.387470
0.532963
0.029369
0.890519
0.956577
0.598662
0.504164
0.131209
0.487801
0.011013
0.148295
0.010854
0.756572
0.441982
0.412270
0.089608
0.183654
0.205073
0.869455
0.673937
0.353365
0.952404
0.020821
0.334855
0.080899
0.297439
0.707909
0.163360
0.271103
0.076613
0.553564
0.504892
0.027054
0.685585
0.361312
