0.062330
0.245915
0.381070
0.240245
0.255214
0.743422
0.428397
0.760254
0.565269
0.657518
0.181853
0.576024
0.658775
0.716721
0.301098
0.197248
0.920503
0.885351
0.455394
0.385062
0.146429
0.409476
0.727490
0.894416
0.767809
0.214008
0.684304
0.381619
0.939367
0.896945
0.629073
0.584835
0.781188
0.725122
0.516069
0.153629
0.302097
0.482392
0.018964
0.695413
0.394597
0.638098
0.019073
0.193449
0.026323
0.512247
0.313170
0.783731
0.229720
0.862560
0.303194
0.863007
0.494867
0.526726
0.614530
0.371681
0.158520
0.091631
0.489047
0.673745
0.648273
0.403443
0.271975
0.493623
0.347612
0.118510
0.385175
0.194375
0.141397
0.113622
0.875159
0.573761
0.617686
0.518599
0.571781
0.756197
0.519025
0.778452
0.179692
0.652856
0.396733
0.860615
0.847186
0.605036
0.298864
0.123289
0.677625
0.894105
0.724680
0.330629
0.888564
0.823134
0.236055
0.815882
0.180126
0.463118
0.048633
0.269796
0.236322
0.712036
