0.260276
0.018015
0.793870
0.302800
0.389771
0.860812
0.257055
0.312118
0.540661
0.019350
0.955488
0.423981
0.320773
0.348864
0.104810
0.911878
0.719125
0.867507
0.640428
0.552596
0.206172
0.156707
0.653930
0.403104
0.252015
0.372242
0.233880
0.427974
0.518706
0.853196
0.777543
0.449478
0.027931
0.816361
0.322916
0.194182
0.228943
0.316853
0.491053
0.514971
0.273533
0.886022
0.746549
0.485049
0.851126
0.591127
0.691805
0.837310
0.964265
0.089620
0.909167
0.046774
0.128914
0.746695
0.268154
0.399470
0.304378
0.952351
0.936679
0.830554
0.059711
0.956573
0.320958
0.980799
0.444284
0.746344
0.218702
0.339941
0.854325
0.026252
0.762493
0.062892
0.897078
0.577357
0.313432
0.785897
0.012811
0.348602
0.801117
0.409197
0.483353
0.887206
0.401505
0.453306
0.352430
0.682953
0.786187
0.315234
0.093570
0.069731
0.216519
0.656155
0.608786
0.041068
0.343819
0.567559
0.276563
0.100055
0.155090
0.719676
