0.170730
0.684192
0.787801
0.830614
0.475603
0.172948
0.913619
0.205821
0.439178
0.570635
0.571498
0.300342
0.898196
0.420659
0.160986
0.399299
0.306963
0.873123
0.905938
0.068690
0.605369
0.739513
0.779716
0.766463
0.437896
0.907853
0.489970
0.986959
0.352901
0.603290
0.500683
0.530101
0.825781
0.124685
0.161706
0.533352
0.877555
0.088723
0.942907
0.634057
0.642273
0.548177
0.188384
0.347409
0.406878
0.083290
0.058698
0.832617
0.699991
0.527368
0.501491
0.716748
0.260282
0.571464
0.694691
0.721710
0.495838
0.797266
0.254492
0.415677
0.326070
0.450248
0.076163
0.034125
0.602695
0.890565
0.523340
0.457378
0.830981
0.821587
0.445439
0.524786
0.483501
0.374345
0.246849
0.794256
0.521780
0.900219
0.663471
0.498396
0.661129
0.826140
0.090887
0.352096
0.743883
0.612333
0.515624
0.632895
0.844796
0.357919
0.679457
0.691042
0.673410
0.079159
0.037686
0.925322
0.609393
0.678608
0.597401
0.332881
