0.036965
0.042237
0.122615
0.670217
0.980973
0.112324
0.730809
0.304722
0.016818
0.140163
0.060861
0.233429
0.972296
0.368308
0.962995
0.345072
0.005359
0.860233
0.099205
0.800840
0.121869
0.796339
0.050894
0.790443
0.266534
0.225781
0.592542
0.173798
0.309353
0.395765
0.395461
0.252281
0.555120
0.375213
0.740909
0.555941
0.103235
0.159247
0.983697
0.715365
0.281563
0.349347
0.793777
0.035565
0.110381
0.901367
0.016670
0.340096
0.965730
0.250948
0.155099
0.214763
0.985318
0.829217
0.287205
0.467976
0.070487
0.339842
0.815477
0.756912
0.133294
0.206749
0.058445
0.253625
0.693462
0.869501
0.953540
0.322143
0.705003
0.296624
0.961268
0.959527
0.988633
0.840164
0.466914
0.750276
0.236200
0.497855
0.338804
0.949082
0.471149
0.752275
0.114074
0.573895
0.446290
0.795899
0.921470
0.886659
0.545564
0.990706
0.342656
0.800930
0.255443
0.707595
0.714600
0.078845
0.765496
0.206860
0.819230
0.319974
