0.207258
0.950927
0.346683
0.030294
0.302108
0.214454
0.880139
0.590868
0.466345
0.452791
0.973726
0.991503
0.740330
0.488125
0.095042
0.281140
0.699283
0.354927
0.599573
0.193228
0.027526
0.659124
0.599873
0.286438
0.250752
0.620714
0.914003
0.476388
0.376065
0.354471
0.997580
0.062170
0.533032
0.225332
0.036853
0.537238
0.546480
0.382051
0.213280
0.210617
0.924773
0.451349
0.923970
0.479959
0.082469
0.848399
0.363012
0.792052
0.750124
0.255995
0.649134
0.471359
0.877911
0.153188
0.246415
0.316726
0.395303
0.515766
0.393982
0.905840
0.160010
0.497757
0.862753
0.026207
0.386427
0.937786
0.540783
0.845839
0.697770
0.330369
0.014433
0.331551
0.781960
0.793920
0.655798
0.709266
0.106331
0.312318
0.626666
0.879560
0.310594
0.303522
0.648212
0.829227
0.199374
0.533929
0.748241
0.210705
0.130183
0.950633
0.168473
0.843779
0.589302
0.327124
0.468547
0.801882
0.011465
0.690087
0.961500
0.848759
