0.285529
0.423391
0.451245
0.931951
0.507009
0.027558
0.660455
0.675515
0.738327
0.381133
0.893335
0.839496
0.069012
0.051110
0.500506
0.546948
0.671614
0.721414
0.510202
0.919450
0.893242
0.860389
0.038151
0.889245
0.158101
0.299258
0.720471
0.643531
0.798724
0.932349
0.450174
0.173477
0.468238
0.675404
0.820070
0.836323
0.962303
0.727897
0.686825
0.517828
0.482955
0.859537
0.245692
0.009761
0.697898
0.161055
0.596320
0.049627
0.167695
0.597358
0.600922
0.294993
0.702703
0.148372
0.375354
0.191710
0.047149
0.968955
0.517579
0.499377
0.804272
0.325416
0.579798
0.401895
0.566783
0.468285
0.825119
0.938745
0.781533
0.241200
0.035832
0.318638
0.931579
0.685726
0.969666
0.863138
0.508038
0.860513
0.204116
0.760154
0.740240
0.729469
0.470162
0.033941
0.352212
0.730662
0.990125
0.920557
0.723748
0.212470
0.159008
0.279713
0.192286
0.609758
0.664107
0.469054
0.223530
0.110660
0.919276
0.503488
