0.047145
0.265828
0.076018
0.304224
0.251208
0.805882
0.726789
0.835234
0.305246
0.018825
0.779705
0.782969
0.090287
0.410314
0.747225
0.624317
0.868148
0.542092
0.923631
0.203825
0.852377
0.382518
0.321602
0.643612
0.259180
0.418558
0.703509
0.518401
0.806274
0.548466
0.671147
0.207407
0.081654
0.812285
0.509715
0.571080
0.784738
0.064244
0.686865
0.181860
0.358027
0.493257
0.134432
0.082735
0.212354
0.138651
0.092580
0.705786
0.962792
0.542052
0.395016
0.518168
0.291667
0.916788
0.128616
0.251734
0.154651
0.102582
0.882900
0.188482
0.841690
0.045994
0.133437
0.483007
0.606978
0.589625
0.568147
0.330747
0.489974
0.330244
0.380982
0.602160
0.533328
0.655327
0.272358
0.148894
0.680634
0.859931
0.484238
0.419286
0.306585
0.931486
0.875253
0.593888
0.792645
0.363815
0.920639
0.147305
0.168986
0.454478
0.878971
0.168245
0.791132
0.637681
0.536057
0.756362
0.859262
0.968233
0.656046
0.279636
