0.756806
0.845168
0.142923
0.743924
0.960563
0.639409
0.289263
0.783178
0.047087
0.243849
0.157570
0.159437
0.255820
0.527797
0.492864
0.303531
0.014680
0.324874
0.690070
0.292761
0.618236
0.553374
0.704143
0.328292
0.446581
0.610964
0.439105
0.006343
0.332249
0.290258
0.342448
0.814286
0.905822
0.666292
0.061519
0.577020
0.994925
0.518852
0.773205
0.107253
0.821491
0.032504
0.339311
0.424174
0.212493
0.098405
0.972494
0.304858
0.562108
0.887625
0.505755
0.923458
0.566414
0.602806
0.777685
0.598614
0.452654
0.943833
0.369668
0.500308
0.390667
0.666755
0.643932
0.667799
0.110194
0.218828
0.697761
0.513568
0.959942
0.616347
0.686402
0.318486
0.172745
0.119914
0.477519
0.625225
0.991137
0.774356
0.969826
0.905532
0.750634
0.756442
0.251038
0.329420
0.131668
0.058396
0.565280
0.531252
0.324216
0.237546
0.884164
0.818342
0.033440
0.437101
0.549228
0.487554
0.996335
0.359593
0.567318
0.872650
