0.589692
0.322339
0.979455
0.951471
0.961465
0.590458
0.501638
0.121294
0.441416
0.035927
0.055705
0.732511
0.607099
0.796804
0.605116
0.946748
0.033873
0.664985
0.258146
0.074969
0.614871
0.261595
0.441138
0.408657
0.748948
0.937076
0.521039
0.263626
0.133765
0.788451
0.985615
0.142236
0.440470
0.899229
0.158686
0.522287
0.633781
0.535147
0.791767
0.692009
0.038245
0.693371
0.514849
0.662279
0.605376
0.984726
0.706560
0.778904
0.601196
0.114919
0.049716
0.215380
0.837491
0.113162
0.498383
0.931971
0.564167
0.058257
0.360500
0.991004
0.176292
0.145323
0.988939
0.317314
0.775949
0.929764
0.195804
0.773892
0.047940
0.521924
0.511446
0.776850
0.979258
0.138193
0.910459
0.958454
0.152780
0.809514
0.338048
0.978356
0.950601
0.415591
0.513673
0.138233
0.760698
0.605983
0.321959
0.723612
0.636269
0.651400
0.218094
0.412640
0.704960
0.776468
0.824429
0.589652
0.076537
0.647013
0.319863
0.080477
