0.094959
0.715381
0.625296
0.198684
0.763007
0.927820
0.706848
0.932466
0.403225
0.261836
0.837827
0.287458
0.605829
0.807911
0.586675
0.207238
0.704617
0.349418
0.316001
0.570225
0.247731
0.034267
0.089768
0.410070
0.901752
0.809440
0.351330
0.265578
0.219204
0.611344
0.322508
0.160022
0.826915
0.028813
0.673214
0.209868
0.647026
0.506046
0.861667
0.909233
0.164871
0.392496
0.469934
0.973570
0.562246
0.723324
0.697436
0.286141
0.672463
0.131032
0.713114
0.067203
0.557300
0.422287
0.542057
0.583077
0.702394
0.010362
0.735907
0.952397
0.019510
0.064286
0.089403
0.990423
0.613164
0.567081
0.580850
0.625591
0.926384
0.884513
0.906325
0.627380
0.740321
0.915711
0.850934
0.100928
0.011432
0.524379
0.529879
0.049616
0.425981
0.761162
0.710600
0.370770
0.832719
0.080978
0.499756
0.490031
0.374333
0.799236
0.893205
0.860589
0.469808
0.539258
0.251086
0.148194
0.984815
0.438595
0.697844
0.199685
