0.651712
0.747968
0.895346
0.182579
0.742384
0.322061
0.969440
0.538368
0.493465
0.405551
0.628979
0.028490
0.789647
0.308966
0.303781
0.386120
0.997267
0.179658
0.405518
0.821497
0.722853
0.940687
0.515397
0.592808
0.940923
0.909696
0.715656
0.463441
0.925538
0.798338
0.172011
0.662026
0.082876
0.555765
0.952347
0.049339
0.871979
0.083755
0.107300
0.581871
0.782834
0.031160
0.470755
0.540607
0.893349
0.470279
0.574011
0.396615
0.233647
0.813195
0.817610
0.532702
0.100317
0.431361
0.964796
0.019955
0.140040
0.180695
0.940934
0.573948
0.246522
0.579757
0.967344
0.803003
0.653430
0.773502
0.159629
0.700842
0.822386
0.560051
0.812271
0.013224
0.858520
0.587045
0.017974
0.433290
0.368583
0.781187
0.259065
0.564566
0.487959
0.169608
0.248170
0.576159
0.902626
0.130233
0.306673
0.414671
0.312940
0.011837
0.615694
0.679128
0.117732
0.830168
0.393715
0.725290
0.115085
0.744508
0.944827
0.234520
