0.872342
0.016546
0.365457
0.317903
0.654447
0.081752
0.750992
0.561809
0.454203
0.769625
0.721290
0.127720
0.495642
0.056798
0.196497
0.784650
0.409142
0.719731
0.316925
0.082773
0.658840
0.727486
0.034525
0.146261
0.860080
0.677844
0.601637
0.776674
0.169714
0.801238
0.547953
0.666035
0.394291
0.274621
0.943047
0.400533
0.101966
0.389112
0.356427
0.273339
0.916071
0.049982
0.576106
0.205721
0.035415
0.447679
0.473143
0.587573
0.689842
0.356024
0.892745
0.701585
0.636582
0.380032
0.124610
0.818009
0.850394
0.967369
0.897805
0.082772
0.676391
0.520848
0.795066
0.291532
0.773670
0.268103
0.769254
0.339427
0.741813
0.108178
0.684762
0.492540
0.426233
0.212698
0.523030
0.028107
0.769069
0.552120
0.016619
0.791707
0.471940
0.042727
0.859442
0.309954
0.806896
0.158135
0.888824
0.640638
0.045848
0.890691
0.274551
0.520749
0.213843
0.542643
0.434189
0.578332
0.687627
0.676367
0.258450
0.720760
