0.298350
0.002167
0.015399
0.558597
0.590807
0.354063
0.049232
0.289283
0.206286
0.824055
0.035836
0.339383
0.146837
0.004451
0.484528
0.329532
0.751325
0.254461
0.643831
0.948697
0.804139
0.455304
0.197302
0.275226
0.778846
0.039802
0.835957
0.062138
0.253056
0.423154
0.020195
0.224158
0.615705
0.520888
0.877219
0.117216
0.434707
0.846851
0.811887
0.110744
0.154920
0.709092
0.100388
0.653938
0.204427
0.255354
0.344749
0.152360
0.208399
0.591858
0.420387
0.125406
0.107007
0.485268
0.010078
0.311108
0.951259
0.269219
0.488702
0.171215
0.561606
0.996869
0.852234
0.254104
0.920644
0.337471
0.627748
0.530359
0.692723
0.228939
0.143341
0.564958
0.010858
0.106402
0.434839
0.886996
0.582071
0.891732
0.920646
0.675930
0.153762
0.920998
0.176528
0.187132
0.012178
0.441744
0.671334
0.314546
0.017032
0.740560
0.444501
0.000863
0.805444
0.706422
0.946218
0.186290
0.142173
0.810680
0.344105
0.492855
