0.251630
0.880684
0.143353
0.520419
0.692743
0.109778
0.088465
0.914150
0.593524
0.578350
0.685762
0.260987
0.787305
0.357207
0.468311
0.080309
0.148020
0.103872
0.837272
0.621179
0.473383
0.552812
0.617893
0.091173
0.636492
0.229747
0.463034
0.048712
0.817820
0.016741
0.423854
0.054559
0.492310
0.278154
0.052231
0.982645
0.281578
0.983481
0.968336
0.410929
0.434676
0.109023
0.798057
0.240660
0.663506
0.520996
0.835593
0.969048
0.722465
0.922598
0.163908
0.539791
0.640643
0.874989
0.246216
0.754752
0.612726
0.113544
0.424087
0.590988
0.318900
0.123848
0.701667
0.220275
0.246325
0.599276
0.697001
0.693574
0.073484
0.032228
0.657123
0.052082
0.690942
0.269683
0.786750
0.479506
0.271530
0.667811
0.714218
0.242762
0.421196
0.450238
0.470055
0.594289
0.030092
0.304988
0.345795
0.913658
0.173187
0.416352
0.220280
0.177571
0.935289
0.521797
0.496134
0.924957
0.845092
0.252851
0.031847
0.593623
