0.690124
0.249373
0.502753
0.461598
0.234062
0.806911
0.070028
0.442588
0.908111
0.202175
0.355286
0.013014
0.473347
0.915845
0.442979
0.498509
0.329370
0.356959
0.886395
0.526503
0.484474
0.709459
0.664836
0.687177
0.910854
0.984430
0.026693
0.432455
0.963552
0.114026
0.128446
0.069527
0.146004
0.546921
0.556101
0.457366
0.960081
0.485851
0.052350
0.828615
0.720911
0.585930
0.015435
0.402404
0.202546
0.923478
0.697286
0.626586
0.228653
0.402519
0.014328
0.471724
0.641082
0.108323
0.310261
0.798106
0.571679
0.631966
0.941106
0.465189
0.978692
0.692492
0.432802
0.910824
0.915667
0.626660
0.348747
0.650964
0.323933
0.155760
0.970152
0.038386
0.777524
0.046283
0.175664
0.021787
0.351383
0.859979
0.614361
0.856632
0.793765
0.069155
0.380645
0.343592
0.704126
0.685949
0.659450
0.637574
0.120990
0.655356
0.484536
0.678329
0.875117
0.940412
0.767434
0.780660
0.778050
0.831509
0.066848
0.054646
