0.553595
0.894150
0.494948
0.352311
0.765247
0.681706
0.131787
0.088413
0.713372
0.861212
0.242982
0.615105
0.834900
0.542635
0.881443
0.750240
0.685205
0.762585
0.237982
0.994600
0.307703
0.609555
0.277385
0.369703
0.352083
0.032207
0.928391
0.770242
0.867339
0.524624
0.448967
0.372227
0.050720
0.839689
0.956845
0.865902
0.366860
0.451875
0.748348
0.290010
0.137382
0.473132
0.955926
0.480709
0.776781
0.143369
0.137400
0.863540
0.081077
0.349858
0.653893
0.074040
0.542484
0.334995
0.561399
0.886193
0.659433
0.202298
0.633662
0.967266
0.050154
0.148509
0.404755
0.050314
0.831300
0.725814
0.740198
0.654370
0.987417
0.163711
0.952481
0.997690
0.277225
0.899304
0.773921
0.686690
0.105440
0.849359
0.919054
0.911614
0.929523
0.270709
0.429163
0.387349
0.337934
0.254465
0.813161
0.565340
0.132169
0.416287
0.048901
0.066554
0.419486
0.455574
0.436708
0.882659
0.652415
0.637466
0.862469
0.864290
