0.582159
0.215378
0.425037
0.763378
0.642002
0.309439
0.884933
0.679967
0.800461
0.775371
0.396620
0.105351
0.177828
0.440476
0.618497
0.203545
0.682477
0.124799
0.267640
0.395476
0.211215
0.753801
0.961858
0.710346
0.007755
0.478891
0.558295
0.591948
0.641852
0.550447
0.861552
0.096698
0.530677
0.445094
0.542980
0.331187
0.795882
0.377954
0.594027
0.869455
0.675870
0.510097
0.427266
0.243413
0.973031
0.915012
0.655344
0.367485
0.938141
0.998584
0.546980
0.398858
0.812716
0.968475
0.754437
0.721267
0.499539
0.815046
0.480246
0.250364
0.961176
0.566700
0.613867
0.805365
0.111524
0.716738
0.532221
0.530434
0.252371
0.534811
0.629546
0.231846
0.757781
0.859634
0.101354
0.485724
0.086017
0.568245
0.515829
0.869605
0.819752
0.079207
0.574159
0.418586
0.286569
0.609854
0.542850
0.584817
0.600567
0.611533
0.368337
0.737196
0.494652
0.335636
0.326639
0.352035
0.211720
0.195312
0.925680
0.780709
