0.183402
0.286131
0.050589
0.616403
0.411139
0.083026
0.003367
0.068651
0.206927
0.088299
0.524289
0.249093
0.418346
0.394618
0.919753
0.767441
0.976168
0.140693
0.753133
0.576939
0.710956
0.916439
0.411096
0.075827
0.630071
0.336128
0.916309
0.414740
0.370002
0.879703
0.156163
0.860831
0.006047
0.302209
0.656489
0.572342
0.084636
0.675527
0.110647
0.420210
0.452321
0.591766
0.881573
0.709089
0.777689
0.506658
0.652903
0.308054
0.653587
0.714508
0.901992
0.719701
0.740855
0.080237
0.318293
0.456704
0.491138
0.375719
0.077450
0.815483
0.605935
0.564801
0.143249
0.416463
0.203345
0.209179
0.087338
0.923134
0.873852
0.564872
0.003372
0.289207
0.629791
0.095444
0.054009
0.339128
0.498148
0.895226
0.574397
0.639843
0.678394
0.503611
0.854695
0.905395
0.825514
0.822146
0.439564
0.613554
0.193051
0.272277
0.427702
0.487442
0.284554
0.513510
0.595216
0.043226
0.127618
0.413935
0.680918
0.061675
