0.693498
0.207391
0.029377
0.007849
0.777917
0.492558
0.008311
0.639413
0.301361
0.795205
0.146464
0.073583
0.319928
0.258679
0.269399
0.209487
0.143335
0.628048
0.791171
0.380838
0.768794
0.245031
0.534968
0.914075
0.643968
0.353405
0.192036
0.996155
0.033995
0.851046
0.867165
0.458518
0.769821
0.316076
0.969494
0.031077
0.851872
0.890220
0.032016
0.511568
0.041415
0.290679
0.118879
0.954163
0.962541
0.585390
0.550533
0.887476
0.431262
0.313223
0.367602
0.144790
0.043354
0.684649
0.477804
0.970115
0.678101
0.650808
0.129338
0.462182
0.796226
0.725444
0.532618
0.946657
0.456865
0.897783
0.310323
0.829438
0.445430
0.141720
0.495745
0.283737
0.767845
0.761079
0.338278
0.529357
0.034075
0.262266
0.907834
0.681087
0.966009
0.987807
0.664070
0.390353
0.690540
0.652922
0.278520
0.755722
0.300990
0.815769
0.052901
0.348684
0.363477
0.770651
0.191197
0.466970
0.496718
0.754534
0.354406
0.230940
