0.485460
0.453322
0.788661
0.576155
0.632975
0.855325
0.520604
0.535461
0.791269
0.626328
0.419333
0.998014
0.802378
0.474682
0.342530
0.965784
0.161519
0.601471
0.720930
0.920811
0.337428
0.980424
0.373287
0.893216
0.889065
0.675137
0.212545
0.501670
0.064005
0.746177
0.053286
0.113944
0.820352
0.720174
0.587242
0.885004
0.221028
0.264964
0.418207
0.353478
0.096360
0.908536
0.150896
0.690977
0.333944
0.307787
0.752871
0.876796
0.128114
0.600568
0.766728
0.643224
0.128316
0.587890
0.545204
0.082081
0.757993
0.927117
0.731268
0.134744
0.102931
0.961572
0.124085
0.574857
0.162069
0.785358
0.426810
0.580510
0.459426
0.549543
0.737118
0.975020
0.641354
0.853118
0.600452
0.249540
0.446734
0.118160
0.268982
0.415134
0.841177
0.304821
0.697824
0.688760
0.814495
0.440527
0.666690
0.024974
0.291016
0.409474
0.541384
0.080722
0.312140
0.354584
0.854688
0.385969
0.782348
0.357715
0.903841
0.717418
