0.189917
0.510033
0.700568
0.518753
0.605453
0.153441
0.805177
0.384542
0.265536
0.924644
0.888856
0.228621
0.907926
0.545117
0.290046
0.613524
0.222690
0.518736
0.770557
0.811112
0.947097
0.824478
0.474478
0.851871
0.878818
0.053695
0.251588
0.113125
0.341658
0.690735
0.031547
0.037359
0.229964
0.551937
0.310834
0.641442
0.609833
0.090123
0.108301
0.962634
0.893024
0.883166
0.020976
0.264952
0.253675
0.388953
0.127164
0.071067
0.422266
0.673542
0.124960
0.779896
0.066774
0.230257
0.325847
0.587446
0.566465
0.755563
0.202950
0.903342
0.004009
0.341749
0.242646
0.432076
0.497267
0.882858
0.931922
0.749766
0.445939
0.590391
0.418294
0.576466
0.577676
0.780910
0.696295
0.256292
0.475216
0.168689
0.057861
0.648600
0.238661
0.674176
0.647277
0.696336
0.773338
0.862342
0.520309
0.714074
0.647172
0.006470
0.853617
0.329415
0.376453
0.984791
0.460543
0.402780
0.438831
0.130802
0.998084
0.054558
