0.558895
0.702965
0.900396
0.859446
0.900309
0.074788
0.601418
0.419978
0.990873
0.203034
0.769127
0.662475
0.839417
0.839072
0.067751
0.357056
0.894468
0.266652
0.751489
0.332382
0.888443
0.979712
0.516607
0.393463
0.851188
0.689645
0.285010
0.090610
0.769853
0.618492
0.968760
0.743788
0.418287
0.677321
0.387141
0.567363
0.918811
0.390757
0.960262
0.412458
0.962905
0.639180
0.174749
0.715153
0.579296
0.581716
0.547199
0.890943
0.015763
0.102046
0.488570
0.114890
0.471276
0.141356
0.173982
0.050156
0.400676
0.025248
0.572815
0.616684
0.565977
0.859019
0.874091
0.077444
0.602793
0.241759
0.329133
0.575304
0.990957
0.743085
0.122654
0.861244
0.957801
0.650916
0.556803
0.854346
0.291913
0.038274
0.819185
0.021822
0.774853
0.832731
0.941926
0.223558
0.751563
0.527932
0.179133
0.480363
0.906619
0.598874
0.954714
0.767618
0.720228
0.163521
0.827945
0.934477
0.595801
0.904975
0.758681
0.043084
