0.393938
0.512070
0.891278
0.679387
0.284806
0.092701
0.199724
0.941499
0.772873
0.975096
0.601920
0.290279
0.113901
0.495066
0.533472
0.482085
0.906898
0.615134
0.598287
0.199826
0.547931
0.114272
0.960105
0.636984
0.737247
0.262426
0.720052
0.340827
0.774733
0.738226
0.458763
0.435687
0.815520
0.885538
0.922006
0.040905
0.644744
0.046895
0.772874
0.364623
0.825877
0.451766
0.150184
0.947789
0.033757
0.965070
0.318380
0.298409
0.050784
0.878410
0.989573
0.981571
0.787654
0.978063
0.365174
0.560918
0.653697
0.715775
0.558780
0.628219
0.617926
0.859716
0.484645
0.551381
0.600731
0.470268
0.524835
0.382905
0.553973
0.941650
0.511810
0.752202
0.558269
0.865141
0.097671
0.834250
0.922497
0.798833
0.997499
0.035740
0.362268
0.907609
0.837989
0.490015
0.640900
0.713305
0.668058
0.863113
0.613178
0.335521
0.757492
0.669797
0.998482
0.709823
0.065539
0.041094
0.708359
0.795612
0.044474
0.382969
