0.863288
0.600168
0.121862
0.546451
0.191108
0.940705
0.538348
0.480679
0.541711
0.734171
0.192762
0.998523
0.563128
0.697933
0.347604
0.889257
0.331634
0.079525
0.711874
0.065363
0.254214
0.765785
0.220968
0.650198
0.178753
0.608718
0.720556
0.931715
0.523120
0.195276
0.962190
0.181510
0.964456
0.884803
0.519610
0.051981
0.666684
0.673358
0.395291
0.018716
0.309759
0.907077
0.651415
0.451936
0.323828
0.310758
0.338739
0.229421
0.005445
0.733983
0.061422
0.000129
0.460472
0.624541
0.198293
0.254814
0.776500
0.222587
0.895421
0.445519
0.621458
0.101258
0.766190
0.171698
0.943475
0.258260
0.700841
0.372315
0.254808
0.939987
0.493274
0.310703
0.930920
0.754811
0.983593
0.298616
0.038901
0.451309
0.742081
0.863903
0.665725
0.707571
0.923359
0.731543
0.977585
0.358280
0.781330
0.370429
0.509782
0.535962
0.211782
0.114840
0.742369
0.730610
0.868282
0.833369
0.579808
0.730380
0.951459
0.336810
