0.122599
0.698212
0.240346
0.399687
0.560948
0.169799
0.013251
0.903526
0.618181
0.096629
0.262035
0.672443
0.026017
0.435109
0.653598
0.700456
0.573690
0.115739
0.584928
0.976338
0.567074
0.228805
0.062350
0.424689
0.736346
0.595830
0.843357
0.197222
0.665232
0.856372
0.057463
0.037605
0.126777
0.409071
0.958774
0.558547
0.941080
0.354496
0.850417
0.708543
0.268966
0.417271
0.654170
0.535870
0.233081
0.819015
0.302069
0.201555
0.558994
0.025951
0.534992
0.860263
0.648934
0.300732
0.549074
0.672591
0.925529
0.573110
0.607818
0.422114
0.451370
0.182484
0.118363
0.140022
0.270515
0.520446
0.391640
0.196689
0.852199
0.389150
0.417527
0.021005
0.245624
0.510089
0.964676
0.101466
0.032436
0.006806
0.173773
0.672222
0.313159
0.327892
0.892844
0.964234
0.316955
0.881340
0.745350
0.235884
0.235069
0.798095
0.842113
0.581066
0.632175
0.794322
0.710131
0.216219
0.829387
0.103978
0.925482
0.975053
