0.310986
0.774461
0.315305
0.281671
0.948177
0.121481
0.352907
0.225462
0.919075
0.126695
0.957676
0.059927
0.196761
0.395643
0.467589
0.149926
0.312758
0.660623
0.719309
0.293424
0.619858
0.976625
0.646095
0.184533
0.911901
0.235410
0.720482
0.799153
0.099184
0.283781
0.090774
0.292508
0.046532
0.764066
0.086844
0.313613
0.156956
0.739029
0.366831
0.970508
0.244713
0.670649
0.260479
0.034689
0.309886
0.823691
0.284962
0.644439
0.487482
0.618279
0.734519
0.788950
0.820130
0.590543
0.071887
0.803034
0.735774
0.054958
0.433984
0.710560
0.581055
0.331503
0.694181
0.188769
0.818902
0.876673
0.744093
0.704464
0.271243
0.001483
0.358655
0.083638
0.874321
0.568936
0.207963
0.935303
0.291636
0.854510
0.617649
0.905229
0.215907
0.411993
0.596803
0.517636
0.136503
0.810576
0.308309
0.885029
0.226591
0.750449
0.568538
0.198271
0.491328
0.851184
0.646175
0.194014
0.320159
0.586201
0.253481
0.276110
