0.585725
0.042365
0.618698
0.779523
0.159629
0.478603
0.680267
0.670322
0.895466
0.131052
0.685848
0.781042
0.780583
0.985092
0.329404
0.419180
0.378183
0.968612
0.594087
0.433066
0.462044
0.838914
0.408203
0.105220
0.142595
0.543506
0.605343
0.033499
0.818985
0.064539
0.399688
0.311205
0.479928
0.170427
0.109103
0.427560
0.495499
0.794170
0.861721
0.981260
0.612667
0.435904
0.940554
0.279845
0.242663
0.840457
0.376434
0.600986
0.872162
0.798302
0.292539
0.783857
0.660768
0.230760
0.172198
0.263915
0.654635
0.067203
0.189321
0.219147
0.618171
0.282416
0.058436
0.043345
0.608226
0.714602
0.100060
0.210989
0.413658
0.385851
0.571994
0.929865
0.883618
0.653452
0.096105
0.190363
0.756914
0.850476
0.825728
0.942534
0.648163
0.893697
0.593385
0.649114
0.279226
0.845327
0.433978
0.643979
0.742267
0.199073
0.409333
0.846039
0.054917
0.811321
0.145770
0.889897
0.106067
0.517158
0.518394
0.444227
