0.006788
0.210903
0.694502
0.253120
0.690366
0.620040
0.487850
0.891950
0.589404
0.008655
0.807225
0.075808
0.777297
0.222849
0.582510
0.102295
0.695173
0.695518
0.888498
0.498619
0.898075
0.174593
0.921732
0.000084
0.728962
0.828519
0.366587
0.207721
0.326318
0.748994
0.263327
0.082924
0.253246
0.538303
0.007210
0.352154
0.283310
0.491368
0.568412
0.212205
0.897985
0.719811
0.006064
0.561049
0.029496
0.721211
0.646579
0.820604
0.630779
0.942455
0.175722
0.017500
0.880688
0.575258
0.191852
0.928064
0.948351
0.681937
0.218905
0.185987
0.133371
0.304100
0.857666
0.656537
0.739352
0.834821
0.386175
0.127578
0.434219
0.865256
0.640257
0.264009
0.885146
0.904372
0.464294
0.604864
0.537539
0.371735
0.486290
0.809086
0.296891
0.109071
0.263914
0.459690
0.083577
0.570861
0.930568
0.869874
0.507805
0.608145
0.659203
0.561055
0.916622
0.883057
0.838293
0.001958
0.492942
0.520768
0.167409
0.672850
