0.517091
0.104864
0.561263
0.176597
0.444375
0.795871
0.460572
0.851582
0.575295
0.531046
0.485735
0.477200
0.088141
0.146581
0.327268
0.725232
0.119717
0.299085
0.893650
0.101308
0.315242
0.922283
0.838107
0.102803
0.241577
0.279131
0.166682
0.679208
0.376847
0.787648
0.754413
0.427264
0.064768
0.007589
0.378821
0.716510
0.568687
0.070728
0.175747
0.363551
0.234232
0.990614
0.605179
0.901229
0.040144
0.039375
0.846289
0.128777
0.425585
0.884363
0.572767
0.045191
0.409858
0.945971
0.057270
0.944605
0.082077
0.852542
0.224190
0.943648
0.178945
0.284492
0.580184
0.813581
0.739748
0.482030
0.450050
0.927228
0.097607
0.650650
0.036344
0.797646
0.848343
0.793280
0.323980
0.837131
0.527618
0.597893
0.281707
0.226993
0.532031
0.443007
0.160051
0.312485
0.875049
0.035122
0.404331
0.640659
0.065603
0.037096
0.175659
0.120562
0.365596
0.624264
0.489044
0.471865
0.856590
0.317465
0.851236
0.803629
