0.884887
0.356600
0.332922
0.826634
0.393518
0.832623
0.461376
0.673381
0.002453
0.444892
0.579134
0.354830
0.468942
0.577810
0.065612
0.406888
0.239280
0.004360
0.629000
0.321048
0.115710
0.351618
0.977334
0.820781
0.603224
0.989802
0.623367
0.400444
0.759573
0.989422
0.040420
0.166152
0.466256
0.950603
0.225277
0.306245
0.571293
0.271883
0.814830
0.865758
0.408151
0.758794
0.355513
0.216301
0.491586
0.050060
0.326949
0.427218
0.150108
0.978792
0.361149
0.934731
0.256276
0.281195
0.829182
0.012535
0.920709
0.310432
0.606571
0.371437
0.445005
0.009378
0.228759
0.037546
0.572664
0.894127
0.672429
0.278944
0.665705
0.513345
0.148765
0.281213
0.712313
0.161035
0.677179
0.739762
0.012113
0.213542
0.103777
0.103116
0.593348
0.486530
0.165518
0.830537
0.682716
0.422737
0.690791
0.725301
0.638304
0.330761
0.188987
0.063904
0.877316
0.157937
0.410945
0.066297
0.015144
0.419497
0.378597
0.963730
