0.757884
0.791707
0.875986
0.585699
0.898780
0.283434
0.822511
0.910352
0.729869
0.767637
0.907970
0.487440
0.299609
0.238777
0.043165
0.239133
0.888913
0.006011
0.136055
0.885325
0.598599
0.945014
0.993910
0.250532
0.020235
0.616914
0.942748
0.716384
0.012594
0.520043
0.022429
0.816534
0.539296
0.006847
0.917357
0.333356
0.767498
0.041601
0.772229
0.159173
0.849011
0.616579
0.727846
0.718301
0.379727
0.416273
0.175928
0.290754
0.043691
0.194905
0.929715
0.489679
0.453304
0.332504
0.514591
0.131172
0.466621
0.586027
0.917652
0.297658
0.840729
0.847483
0.788507
0.992007
0.791912
0.846851
0.074965
0.848899
0.378776
0.383255
0.023636
0.560109
0.463019
0.610606
0.813092
0.856177
0.490291
0.204236
0.273230
0.345478
0.636371
0.245271
0.577977
0.497238
0.434018
0.348890
0.152788
0.320142
0.235352
0.662073
0.567286
0.388322
0.986674
0.604951
0.416720
0.148603
0.304234
0.567103
0.321084
0.116521
