0.450225
0.517430
0.551548
0.451852
0.663211
0.396724
0.063566
0.789219
0.183291
0.031240
0.824053
0.201005
0.471664
0.319330
0.299044
0.472292
0.931690
0.849666
0.014767
0.155523
0.444740
0.379664
0.509741
0.287033
0.733739
0.963865
0.526158
0.081259
0.096618
0.503023
0.440930
0.196280
0.455825
0.512877
0.624501
0.879943
0.418841
0.753739
0.522830
0.949757
0.234115
0.019422
0.386614
0.064877
0.306499
0.625979
0.966491
0.104287
0.966119
0.456842
0.490537
0.313222
0.239563
0.269108
0.802081
0.653859
0.276995
0.410499
0.924790
0.819284
0.613949
0.757956
0.208779
0.360988
0.838668
0.704389
0.787713
0.303774
0.808498
0.892548
0.718246
0.198007
0.630567
0.065268
0.384331
0.700347
0.311823
0.119307
0.281653
0.528359
0.642819
0.322609
0.434656
0.175840
0.826039
0.979039
0.621396
0.942960
0.700278
0.891316
0.172751
0.528880
0.220943
0.476233
0.221675
0.640801
0.845795
0.102666
0.280935
0.831911
