0.295605
0.234326
0.021664
0.876129
0.874436
0.830331
0.549421
0.247724
0.719249
0.019117
0.082062
0.615190
0.340677
0.730498
0.455521
0.532330
0.776628
0.594935
0.662414
0.291014
0.212700
0.140576
0.055304
0.233438
0.362841
0.236285
0.004278
0.687297
0.197059
0.615241
0.661699
0.117508
0.571149
0.943694
0.781879
0.996114
0.566412
0.292808
0.916054
0.022017
0.627372
0.181696
0.955367
0.421376
0.806249
0.374107
0.967978
0.797459
0.505599
0.211613
0.578924
0.678440
0.124289
0.549680
0.884134
0.815449
0.715363
0.911392
0.329206
0.294149
0.348243
0.874062
0.687615
0.667547
0.647921
0.362058
0.208303
0.668475
0.142981
0.496882
0.567811
0.476086
0.360967
0.587334
0.429169
0.718126
0.429340
0.754972
0.353506
0.007523
0.277526
0.387624
0.429118
0.298028
0.630744
0.505381
0.402329
0.368880
0.983942
0.289079
0.094862
0.979238
0.814871
0.130679
0.483701
0.040157
0.558952
0.127884
0.044066
0.027373
