0.540100
0.172161
0.597491
0.913181
0.316309
0.888795
0.130351
0.113132
0.255878
0.671617
0.815786
0.522667
0.665773
0.719356
0.377667
0.928012
0.147096
0.315195
0.911421
0.147210
0.217168
0.659377
0.964649
0.942734
0.231683
0.406649
0.969516
0.438338
0.103126
0.121500
0.399401
0.027980
0.488834
0.820817
0.702235
0.952147
0.921593
0.416572
0.753353
0.419783
0.846495
0.392070
0.182172
0.324692
0.678226
0.609060
0.544469
0.227514
0.705809
0.534277
0.635686
0.177224
0.461910
0.367560
0.957904
0.620725
0.143989
0.292926
0.164035
0.201637
0.745153
0.603011
0.289005
0.154863
0.801751
0.522899
0.963916
0.611153
0.720439
0.086865
0.859961
0.123211
0.343208
0.051038
0.046322
0.821052
0.299042
0.925093
0.878631
0.909526
0.699544
0.292375
0.682796
0.620948
0.421206
0.285464
0.290719
0.455846
0.173234
0.163792
0.057198
0.593920
0.315610
0.168553
0.262068
0.321970
0.524781
0.255036
0.305538
0.918257
