0.515672
0.167127
0.797929
0.599562
0.887945
0.359813
0.249946
0.503825
0.661524
0.859650
0.232418
0.761688
0.321032
0.775171
0.795895
0.213660
0.074527
0.408494
0.167938
0.107330
0.129479
0.989875
0.113082
0.634396
0.462126
0.321802
0.970877
0.763251
0.110125
0.497561
0.911614
0.042230
0.797908
0.735124
0.571171
0.519466
0.601894
0.810408
0.622247
0.767652
0.619004
0.490626
0.192415
0.397680
0.331964
0.376117
0.413816
0.087331
0.478157
0.663761
0.820638
0.637729
0.100717
0.683025
0.035404
0.673356
0.847477
0.924902
0.663244
0.973183
0.697096
0.269465
0.164007
0.999600
0.876574
0.237126
0.638832
0.661860
0.611806
0.818330
0.289381
0.958755
0.131430
0.355131
0.235888
0.380686
0.120262
0.075936
0.256302
0.233045
0.887335
0.932129
0.017900
0.747007
0.016975
0.721100
0.309413
0.528732
0.822715
0.198303
0.888769
0.679531
0.692100
0.487422
0.603109
0.268523
0.366041
0.051238
0.531643
0.380108
