0.897859
0.188215
0.027929
0.822373
0.386945
0.802918
0.386481
0.415660
0.370922
0.073737
0.124785
0.975518
0.476247
0.622349
0.295794
0.816570
0.870233
0.814459
0.758369
0.991256
0.989020
0.984681
0.150294
0.911071
0.224001
0.065249
0.958751
0.518761
0.191677
0.686423
0.777026
0.066785
0.381399
0.477469
0.691132
0.659078
0.591703
0.409628
0.601109
0.717021
0.136736
0.684909
0.962992
0.971674
0.533312
0.469858
0.555852
0.955017
0.521785
0.868528
0.465017
0.668467
0.452319
0.578799
0.510043
0.829002
0.962903
0.367599
0.215899
0.867131
0.040601
0.854758
0.604626
0.299846
0.089052
0.604832
0.026018
0.350927
0.666549
0.583499
0.271622
0.905993
0.909848
0.700707
0.310991
0.194911
0.382850
0.541546
0.705284
0.236878
0.623988
0.695093
0.630158
0.580391
0.774331
0.051192
0.933736
0.865513
0.616606
0.317313
0.108279
0.210131
0.662682
0.321885
0.374359
0.784621
0.132789
0.097531
0.417315
0.927315
