0.847752
0.257545
0.081999
0.262960
0.737142
0.261340
0.187657
0.435677
0.203414
0.630160
0.793302
0.756607
0.953490
0.406565
0.645128
0.196099
0.113163
0.837410
0.312258
0.842588
0.277504
0.545868
0.433392
0.854169
0.336611
0.404873
0.968083
0.347961
0.336534
0.053294
0.215189
0.731929
0.990660
0.777489
0.680069
0.738567
0.431629
0.802366
0.035586
0.536650
0.294992
0.086741
0.239943
0.761992
0.049498
0.810840
0.648504
0.170042
0.036479
0.571425
0.744426
0.857515
0.127108
0.689297
0.076326
0.718936
0.842432
0.757120
0.439890
0.617255
0.780546
0.279943
0.246145
0.866611
0.514636
0.785906
0.886001
0.629295
0.151641
0.189760
0.104367
0.237170
0.114784
0.815118
0.615908
0.243651
0.099460
0.695806
0.755384
0.663595
0.738843
0.963458
0.618058
0.952615
0.564162
0.349099
0.506219
0.541356
0.364516
0.462438
0.054624
0.328855
0.978451
0.243652
0.841735
0.144800
0.039495
0.000980
0.577442
0.867063
