0.397839
0.004986
0.888394
0.590613
0.788461
0.641215
0.452780
0.832576
0.030154
0.725026
0.404139
0.531164
0.781967
0.815012
0.007037
0.876104
0.892646
0.856690
0.247554
0.085312
0.695631
0.644911
0.492269
0.342647
0.619344
0.126356
0.558439
0.555249
0.178862
0.059294
0.523009
0.065259
0.560705
0.558750
0.972322
0.118582
0.487378
0.125756
0.326494
0.242032
0.537344
0.828901
0.282395
0.392832
0.867467
0.247014
0.817592
0.342195
0.671716
0.884216
0.092977
0.689367
0.774370
0.012598
0.249488
0.717643
0.419692
0.050453
0.791995
0.908077
0.280992
0.121501
0.834037
0.540519
0.214818
0.554967
0.340288
0.446578
0.945940
0.034667
0.666169
0.893777
0.164781
0.129028
0.846200
0.798788
0.189065
0.202919
0.579785
0.357225
0.195262
0.775054
0.589937
0.830974
0.377638
0.336225
0.474870
0.628648
0.195985
0.066784
0.260865
0.951131
0.641137
0.167745
0.340550
0.551149
0.098543
0.987002
0.971064
0.529801
