0.096707
0.781785
0.141253
0.689278
0.679168
0.829558
0.252977
0.097182
0.201296
0.136838
0.417069
0.613146
0.599479
0.747912
0.728121
0.550034
0.241602
0.244722
0.031170
0.559561
0.800907
0.530667
0.224584
0.488837
0.392866
0.396774
0.168892
0.924937
0.519117
0.811243
0.437508
0.467947
0.163629
0.071153
0.184171
0.057296
0.784443
0.966978
0.391591
0.143827
0.472457
0.495910
0.075149
0.241751
0.533519
0.842531
0.947339
0.406023
0.168988
0.663882
0.400150
0.099704
0.960519
0.640535
0.476109
0.719921
0.847642
0.768493
0.460630
0.067569
0.289194
0.006158
0.097021
0.111942
0.294340
0.107375
0.077871
0.610190
0.503791
0.530836
0.010952
0.292007
0.737556
0.675057
0.299048
0.250942
0.335933
0.852415
0.887321
0.754925
0.346695
0.599572
0.113763
0.597197
0.134238
0.669583
0.183406
0.623184
0.559459
0.059441
0.131006
0.450282
0.572989
0.506118
0.064080
0.901928
0.876599
0.720921
0.576484
0.806805
