0.405351
0.011867
0.752546
0.210991
0.302032
0.824001
0.300827
0.551303
0.492704
0.983838
0.892463
0.748852
0.061216
0.364526
0.301257
0.544745
0.701263
0.941082
0.552889
0.126178
0.437332
0.960427
0.234201
0.703091
0.336261
0.481440
0.331852
0.272316
0.066513
0.527217
0.104635
0.737868
0.141956
0.327860
0.996350
0.051614
0.088095
0.942046
0.377498
0.029736
0.974945
0.766286
0.118033
0.222232
0.519374
0.869831
0.345743
0.640782
0.629091
0.338522
0.808680
0.517533
0.984013
0.032045
0.087217
0.963473
0.486980
0.784323
0.255855
0.723422
0.727062
0.324947
0.534858
0.253762
0.827634
0.189197
0.550849
0.638990
0.578718
0.334425
0.175083
0.901119
0.717963
0.139151
0.056142
0.008360
0.909946
0.325032
0.239440
0.662906
0.196225
0.781319
0.451946
0.354733
0.573537
0.532289
0.098914
0.512202
0.452635
0.207428
0.289891
0.140440
0.896145
0.758743
0.101389
0.524555
0.564016
0.504965
0.403109
0.060228
