0.165463
0.592013
0.154902
0.194861
0.202248
0.943395
0.672587
0.158620
0.111173
0.057987
0.907067
0.461708
0.462404
0.747125
0.929562
0.209216
0.085741
0.495236
0.218090
0.618861
0.474906
0.451760
0.469421
0.214570
0.167861
0.771779
0.866165
0.739606
0.412468
0.895355
0.129566
0.489761
0.662279
0.422889
0.226247
0.105049
0.076088
0.436144
0.891326
0.901820
0.096093
0.864823
0.633814
0.766342
0.413884
0.939800
0.963233
0.187371
0.306456
0.281942
0.568712
0.386392
0.366982
0.772161
0.198602
0.336117
0.475644
0.964111
0.413642
0.631104
0.786417
0.363858
0.470989
0.131758
0.037481
0.031676
0.374696
0.932249
0.593313
0.355686
0.881392
0.752060
0.605916
0.251155
0.300199
0.491908
0.507102
0.698383
0.362972
0.411305
0.260710
0.877716
0.173267
0.500397
0.791981
0.646108
0.209959
0.824288
0.538030
0.770895
0.050348
0.650378
0.530633
0.857452
0.303588
0.157453
0.097092
0.746585
0.004531
0.580675
