0.945467
0.277219
0.563328
0.724041
0.363536
0.193499
0.759280
0.006354
0.409205
0.400639
0.254624
0.316309
0.822370
0.913786
0.543404
0.538962
0.361117
0.261360
0.670527
0.797362
0.754930
0.620980
0.832403
0.986205
0.633678
0.360586
0.166629
0.227717
0.799323
0.930696
0.966099
0.187102
0.721666
0.775991
0.732473
0.732914
0.908559
0.240356
0.327665
0.192347
0.754016
0.505095
0.752403
0.464091
0.838322
0.492016
0.703657
0.821188
0.706619
0.455757
0.199228
0.803095
0.136798
0.247908
0.307368
0.925270
0.495216
0.240185
0.375273
0.659887
0.158385
0.826279
0.330072
0.129357
0.764942
0.869785
0.546773
0.583769
0.746151
0.690638
0.545180
0.264452
0.451419
0.768895
0.515753
0.412740
0.350500
0.136001
0.005058
0.101433
0.548719
0.538654
0.447650
0.836353
0.552907
0.718742
0.921031
0.249215
0.825068
0.831461
0.920203
0.754834
0.951797
0.338988
0.149854
0.570873
0.271583
0.507911
0.027272
0.798952
