0.062295
0.356794
0.810366
0.498744
0.063996
0.247598
0.818649
0.315373
0.143456
0.338179
0.290958
0.599487
0.523529
0.397977
0.009909
0.314742
0.747214
0.112627
0.868848
0.790340
0.675868
0.802731
0.178163
0.004251
0.014517
0.723002
0.659847
0.064683
0.965112
0.505347
0.973362
0.124267
0.976177
0.899897
0.092432
0.029693
0.139565
0.355329
0.447278
0.426726
0.982815
0.975805
0.903578
0.919295
0.914276
0.589621
0.870169
0.760539
0.379797
0.964583
0.189048
0.584772
0.219108
0.746848
0.610858
0.914911
0.481981
0.310525
0.181019
0.271613
0.725591
0.581039
0.900815
0.211156
0.269659
0.824178
0.242192
0.820158
0.941766
0.530084
0.201646
0.728570
0.130820
0.382094
0.377173
0.352352
0.597995
0.738391
0.465031
0.881874
0.152464
0.202352
0.611628
0.152014
0.134847
0.366936
0.844724
0.198142
0.640551
0.080708
0.333517
0.782020
0.933856
0.565653
0.831521
0.652857
0.769882
0.416080
0.474617
0.298733
