0.266956
0.494195
0.208177
0.817730
0.552286
0.310622
0.426558
0.518164
0.413154
0.272319
0.446082
0.602962
0.501104
0.465516
0.598699
0.086138
0.389626
0.829021
0.321159
0.269735
0.205949
0.771679
0.000343
0.973534
0.448812
0.863779
0.225234
0.183304
0.004471
0.363744
0.793294
0.010772
0.795687
0.502444
0.665966
0.224370
0.063227
0.914804
0.583238
0.008264
0.458680
0.212513
0.032183
0.077858
0.268931
0.469596
0.399686
0.694033
0.122491
0.186472
0.869809
0.727579
0.308339
0.129173
0.466558
0.986592
0.700146
0.704771
0.675384
0.602464
0.122188
0.104805
0.935425
0.388014
0.297732
0.124449
0.609817
0.194976
0.389260
0.566267
0.891494
0.232991
0.712473
0.335659
0.335191
0.568907
0.425221
0.960235
0.299535
0.017472
0.839985
0.189276
0.321456
0.835672
0.406824
0.459753
0.530634
0.549916
0.841711
0.414508
0.120094
0.184984
0.760002
0.962198
0.017695
0.056901
0.888527
0.110184
0.520831
0.535708
