0.385518
0.014013
0.456341
0.837848
0.412758
0.045057
0.191738
0.849837
0.662455
0.265628
0.054221
0.946681
0.366584
0.208366
0.628969
0.421107
0.917901
0.735555
0.973620
0.356897
0.284261
0.178871
0.088210
0.072775
0.305151
0.134722
0.838802
0.016084
0.429504
0.428880
0.433339
0.859480
0.690093
0.680158
0.828285
0.672860
0.645185
0.436930
0.619797
0.524223
0.987454
0.290738
0.801137
0.101068
0.579439
0.570719
0.060490
0.710286
0.939636
0.201465
0.741470
0.215411
0.610473
0.078005
0.186271
0.419326
0.040969
0.565620
0.057375
0.853210
0.802350
0.955810
0.196121
0.427276
0.589206
0.547059
0.156252
0.217153
0.793187
0.767908
0.803723
0.077863
0.447571
0.624381
0.682406
0.204123
0.296759
0.655294
0.080391
0.727554
0.293517
0.536331
0.748060
0.599112
0.309650
0.549453
0.440172
0.660625
0.998633
0.242767
0.356219
0.268614
0.324529
0.623318
0.753514
0.690352
0.409574
0.945248
0.942103
0.419323
