0.581133
0.921895
0.511557
0.871096
0.555498
0.236456
0.253614
0.632845
0.208621
0.034570
0.184008
0.534011
0.753317
0.786714
0.466670
0.537820
0.636192
0.086057
0.661847
0.817370
0.989096
0.022795
0.646680
0.868544
0.004405
0.893910
0.437400
0.862023
0.875004
0.861715
0.305151
0.877339
0.357996
0.129792
0.636851
0.939444
0.519573
0.700943
0.654129
0.410223
0.436531
0.075039
0.919611
0.963863
0.082057
0.975233
0.324135
0.665855
0.167274
0.934931
0.850849
0.186055
0.923418
0.181661
0.953647
0.305172
0.760437
0.443041
0.694901
0.354157
0.825297
0.328085
0.581879
0.171997
0.471074
0.434899
0.260004
0.794675
0.442703
0.172246
0.941110
0.828639
0.836318
0.891903
0.666259
0.163812
0.055936
0.816688
0.109550
0.879563
0.152668
0.715202
0.603573
0.221274
0.321115
0.192234
0.092838
0.188280
0.957914
0.004978
0.803335
0.735631
0.596317
0.352974
0.872824
0.725518
0.855035
0.244293
0.551269
0.096299
