0.826586
0.496140
0.120020
0.689037
0.910195
0.835124
0.993387
0.321390
0.908128
0.136148
0.645453
0.500553
0.424587
0.743662
0.101169
0.304304
0.909654
0.946989
0.870755
0.285498
0.274906
0.588173
0.259573
0.096587
0.169012
0.236060
0.275284
0.712227
0.758876
0.024343
0.289031
0.032505
0.051474
0.073292
0.022788
0.679074
0.164314
0.439591
0.248710
0.741187
0.641213
0.347313
0.943365
0.123667
0.967791
0.243490
0.123733
0.583631
0.223128
0.280484
0.141157
0.400135
0.569611
0.599919
0.957808
0.812984
0.642281
0.503141
0.849001
0.700579
0.320230
0.009624
0.063965
0.004781
0.088026
0.579662
0.070694
0.261162
0.807912
0.761089
0.083868
0.471542
0.628131
0.992765
0.371779
0.522150
0.251991
0.465624
0.398933
0.642704
0.991407
0.411039
0.772747
0.404229
0.309791
0.432237
0.942041
0.516014
0.454680
0.018355
0.920914
0.497385
0.038076
0.406906
0.196917
0.244513
0.080080
0.490108
0.406185
0.696216
