0.561373
0.055675
0.530798
0.996833
0.069921
0.573559
0.502498
0.952445
0.803249
0.059172
0.048366
0.280220
0.329578
0.285152
0.209656
0.394084
0.684320
0.240920
0.773534
0.305978
0.699705
0.459326
0.640041
0.705960
0.287321
0.286318
0.839693
0.137750
0.155311
0.900390
0.449452
0.332466
0.466395
0.226335
0.565680
0.058724
0.181741
0.269800
0.314435
0.661361
0.957827
0.420913
0.796731
0.770058
0.543758
0.691066
0.359035
0.465586
0.428847
0.043473
0.681075
0.108556
0.574919
0.128946
0.072431
0.689984
0.349537
0.205172
0.891472
0.192952
0.526950
0.722497
0.575341
0.951310
0.557253
0.825656
0.278001
0.512413
0.263728
0.965097
0.843398
0.409395
0.006879
0.525776
0.148493
0.525580
0.058420
0.175227
0.534978
0.321363
0.028616
0.050447
0.373966
0.681976
0.244780
0.368190
0.344477
0.357354
0.017201
0.350139
0.902484
0.603128
0.188921
0.527003
0.413594
0.204723
0.369798
0.571264
0.619085
0.165830
