0.855081
0.866593
0.636039
0.365398
0.031183
0.145945
0.637512
0.387548
0.800435
0.090703
0.519725
0.715148
0.398114
0.881398
0.170542
0.699665
0.351755
0.236271
0.662988
0.030819
0.341834
0.376444
0.187793
0.733035
0.010441
0.276570
0.190819
0.531319
0.074327
0.576044
0.069142
0.119496
0.914881
0.556391
0.551994
0.140116
0.224205
0.812011
0.797265
0.279703
0.290717
0.638875
0.101749
0.262846
0.416891
0.761435
0.940108
0.156007
0.948909
0.965064
0.426636
0.457579
0.976685
0.770767
0.293481
0.868534
0.057310
0.148250
0.299278
0.482325
0.828732
0.900506
0.800798
0.118715
0.390053
0.489684
0.706384
0.846078
0.360497
0.731381
0.208517
0.660014
0.176064
0.047728
0.662217
0.771722
0.392282
0.137637
0.189766
0.510829
0.548399
0.152821
0.641650
0.416828
0.922091
0.722939
0.124077
0.333563
0.001963
0.776220
0.046431
0.112589
0.126547
0.599633
0.056615
0.890844
0.978019
0.943769
0.785508
0.149382
