0.610884
0.612744
0.076659
0.289506
0.022459
0.735659
0.113068
0.689143
0.097270
0.814329
0.670076
0.099564
0.507861
0.043570
0.398558
0.010124
0.403157
0.357659
0.814192
0.300005
0.753814
0.112336
0.777771
0.096116
0.179083
0.845278
0.839241
0.910935
0.523564
0.627628
0.367428
0.051804
0.580611
0.015751
0.480293
0.458898
0.701394
0.370799
0.759030
0.871545
0.636585
0.900875
0.383831
0.710327
0.515052
0.316384
0.865716
0.270821
0.324924
0.103163
0.339197
0.174425
0.102165
0.389544
0.289153
0.432100
0.817932
0.351585
0.122252
0.274294
0.905457
0.987296
0.917985
0.710171
0.119493
0.470760
0.115270
0.481029
0.192610
0.058546
0.630756
0.151123
0.882462
0.997899
0.798550
0.549923
0.259991
0.248544
0.648405
0.997475
0.318043
0.873994
0.943036
0.805535
0.503111
0.521232
0.467131
0.552441
0.675613
0.314620
0.879811
0.064424
0.493091
0.213289
0.263737
0.551097
0.760252
0.448113
0.147403
0.938025
