0.878466
0.174849
0.584098
0.703206
0.045697
0.832986
0.515549
0.423360
0.779992
0.257523
0.221324
0.490695
0.049006
0.327880
0.530738
0.741616
0.755582
0.501090
0.829069
0.058313
0.976468
0.382694
0.840234
0.123949
0.444486
0.905579
0.124876
0.775906
0.604988
0.831000
0.019177
0.634884
0.109557
0.770830
0.314649
0.818819
0.173814
0.482843
0.594994
0.126013
0.407542
0.718673
0.215349
0.315845
0.479527
0.766545
0.093255
0.758717
0.003378
0.575362
0.638147
0.108201
0.246098
0.654832
0.309757
0.552956
0.064114
0.961207
0.504259
0.288655
0.362339
0.962303
0.659188
0.266383
0.498872
0.867069
0.129006
0.821301
0.470823
0.407134
0.040381
0.214713
0.900191
0.501785
0.306385
0.822905
0.225132
0.972149
0.532493
0.304699
0.896486
0.188686
0.967991
0.060635
0.056680
0.000158
0.465036
0.716133
0.300851
0.466303
0.145635
0.996193
0.484471
0.658548
0.902004
0.680978
0.481622
0.691055
0.476400
0.841819
