0.874112
0.620596
0.465841
0.879467
0.800574
0.086081
0.897752
0.895351
0.382395
0.053523
0.732667
0.698156
0.225084
0.353363
0.242526
0.602950
0.837139
0.805839
0.633131
0.095370
0.082014
0.847993
0.332513
0.817759
0.992450
0.778465
0.887351
0.947118
0.278509
0.953681
0.834660
0.033874
0.826957
0.148483
0.225203
0.566722
0.045210
0.791990
0.373873
0.473226
0.354020
0.782839
0.733797
0.976244
0.539773
0.836643
0.508427
0.198429
0.467945
0.828112
0.003034
0.646189
0.111295
0.196663
0.456044
0.823060
0.357511
0.447950
0.304871
0.381899
0.858975
0.168738
0.652844
0.940404
0.058240
0.969206
0.436895
0.935650
0.566928
0.126555
0.935142
0.431789
0.624623
0.246254
0.566986
0.739116
0.887342
0.606019
0.296929
0.205486
0.375757
0.090545
0.595479
0.339147
0.914088
0.200594
0.307587
0.013696
0.743747
0.348092
0.371967
0.972959
0.451314
0.044292
0.451248
0.319413
0.651016
0.875220
0.694590
0.381172
