0.114696
0.910292
0.009243
0.765761
0.003630
0.149786
0.162146
0.234182
0.488860
0.290114
0.826672
0.324273
0.229290
0.530991
0.878756
0.487663
0.509876
0.441139
0.944645
0.642537
0.992423
0.465440
0.640675
0.762507
0.635449
0.291304
0.539412
0.973060
0.727203
0.869107
0.966520
0.259416
0.186738
0.648378
0.916712
0.560905
0.965768
0.296878
0.841162
0.544630
0.780595
0.799908
0.313201
0.629177
0.875843
0.246623
0.712406
0.550434
0.260509
0.261674
0.203731
0.564795
0.281832
0.241119
0.514242
0.052766
0.234353
0.298414
0.934302
0.754214
0.497659
0.264457
0.128267
0.151075
0.912020
0.972238
0.757020
0.902923
0.766551
0.278888
0.668732
0.260431
0.713991
0.264409
0.019365
0.484129
0.571034
0.428078
0.498844
0.240823
0.304997
0.752646
0.908394
0.332275
0.100982
0.702040
0.371675
0.531209
0.431839
0.067651
0.983624
0.093337
0.639656
0.057010
0.159071
0.808376
0.376323
0.751656
0.777736
0.051319
