0.842694
0.775759
0.277184
0.934219
0.343672
0.074041
0.627252
0.015823
0.883876
0.000429
0.347330
0.676486
0.734960
0.478401
0.764978
0.893591
0.404026
0.340639
0.987321
0.631756
0.247406
0.263795
0.262362
0.413787
0.579932
0.720341
0.102424
0.012488
0.283825
0.452868
0.616888
0.242394
0.544464
0.782904
0.900795
0.111137
0.071878
0.550778
0.921226
0.758430
0.576392
0.006087
0.492313
0.564786
0.846807
0.602066
0.962311
0.969739
0.635269
0.816713
0.516740
0.394080
0.830564
0.294010
0.754752
0.419290
0.785698
0.974136
0.605325
0.213794
0.551627
0.247866
0.804564
0.374012
0.097574
0.871365
0.675299
0.969953
0.070362
0.880430
0.105879
0.097779
0.438170
0.888808
0.723172
0.088318
0.609496
0.690737
0.432812
0.867177
0.568660
0.769468
0.765288
0.097999
0.493464
0.198512
0.105608
0.650288
0.158485
0.749189
0.194711
0.483510
0.737591
0.575802
0.049684
0.830787
0.256512
0.583653
0.646469
0.813006
