0.652329
0.709623
0.201071
0.099204
0.964898
0.425743
0.975793
0.109101
0.515865
0.447844
0.391230
0.537742
0.073208
0.677523
0.937044
0.242863
0.378377
0.593770
0.017271
0.314489
0.038114
0.467912
0.819850
0.705743
0.616289
0.108317
0.196832
0.680438
0.050979
0.367693
0.475131
0.434240
0.887070
0.296965
0.033836
0.689138
0.717594
0.768521
0.129644
0.418328
0.480607
0.093165
0.629599
0.874141
0.416647
0.367883
0.873045
0.468365
0.252291
0.767966
0.386940
0.766087
0.743579
0.335332
0.643543
0.119132
0.754140
0.851781
0.857367
0.327012
0.881015
0.841497
0.356593
0.521543
0.653900
0.069667
0.482424
0.326894
0.491334
0.968956
0.590530
0.386086
0.285651
0.946494
0.921518
0.001245
0.132340
0.879345
0.620923
0.451205
0.855570
0.926141
0.523787
0.124967
0.291927
0.740376
0.243089
0.878610
0.854595
0.350061
0.704187
0.842120
0.559645
0.453943
0.364199
0.053852
0.094698
0.079850
0.769737
0.186271
