0.126447
0.004318
0.217166
0.759817
0.671722
0.071832
0.061871
0.378154
0.575567
0.667106
0.243392
0.292997
0.791507
0.401980
0.526761
0.893218
0.902012
0.109101
0.783547
0.182592
0.650910
0.851493
0.953496
0.553761
0.866040
0.243296
0.539174
0.850899
0.451791
0.777720
0.441681
0.995868
0.779196
0.404450
0.797957
0.859585
0.786277
0.649546
0.410199
0.633822
0.059478
0.930490
0.510918
0.909444
0.674683
0.560481
0.643343
0.706728
0.004573
0.063866
0.111958
0.264610
0.447304
0.394222
0.310715
0.184263
0.104292
0.266384
0.704213
0.412325
0.991544
0.312351
0.185303
0.106573
0.973915
0.474178
0.411689
0.155161
0.770154
0.383059
0.024119
0.558672
0.360526
0.423364
0.783392
0.418560
0.238160
0.421807
0.335418
0.460312
0.198504
0.531097
0.588845
0.584673
0.552063
0.374929
0.303629
0.261071
0.778599
0.682831
0.783358
0.124218
0.087417
0.117948
0.724028
0.882909
0.297812
0.261343
0.164973
0.270484
