0.888328
0.095413
0.242729
0.485523
0.195269
0.148274
0.208001
0.088156
0.795242
0.848806
0.026927
0.255402
0.658212
0.096797
0.856927
0.817682
0.558587
0.371127
0.965177
0.543468
0.355001
0.897689
0.226504
0.613411
0.289923
0.365540
0.835467
0.227366
0.041034
0.306808
0.371370
0.651844
0.056389
0.669760
0.652770
0.321001
0.181151
0.611293
0.501865
0.703567
0.719444
0.522945
0.279653
0.641383
0.368534
0.582743
0.357509
0.358338
0.409809
0.320843
0.866134
0.232415
0.562113
0.176796
0.540552
0.240168
0.811843
0.174165
0.392774
0.415217
0.866983
0.383639
0.903371
0.618885
0.981494
0.500195
0.641796
0.514228
0.499453
0.991403
0.549013
0.376355
0.885172
0.450323
0.869166
0.926305
0.823364
0.062609
0.691385
0.789039
0.045431
0.194129
0.270265
0.234412
0.956842
0.359255
0.623431
0.674254
0.009827
0.900993
0.373360
0.870974
0.708423
0.433746
0.801245
0.132075
0.432778
0.894907
0.463342
0.450369
