0.196680
0.250083
0.199849
0.227639
0.247957
0.396982
0.189459
0.791398
0.853877
0.105622
0.865887
0.591839
0.148047
0.834348
0.118327
0.882008
0.311352
0.348759
0.149478
0.100245
0.048769
0.766287
0.836663
0.171117
0.682269
0.385611
0.221984
0.587228
0.224314
0.503675
0.979250
0.915707
0.878256
0.131058
0.243380
0.158015
0.129516
0.149922
0.236430
0.259488
0.883509
0.087689
0.721677
0.501350
0.355550
0.987487
0.079642
0.569268
0.516187
0.470666
0.032571
0.306703
0.804263
0.484218
0.179954
0.304990
0.505745
0.352647
0.857890
0.537958
0.310857
0.623000
0.775914
0.088152
0.349462
0.408547
0.957271
0.763649
0.435899
0.044578
0.536936
0.329787
0.400290
0.385445
0.176780
0.442345
0.170643
0.592680
0.445169
0.584837
0.567731
0.829740
0.083559
0.681123
0.462252
0.638099
0.988972
0.488643
0.191717
0.274083
0.308802
0.594415
0.551286
0.294983
0.454923
0.392426
0.220269
0.231321
0.307157
0.368545
