0.445402
0.667068
0.702667
0.985083
0.721149
0.199308
0.735247
0.714224
0.449193
0.277094
0.598284
0.298818
0.633434
0.635810
0.166672
0.266999
0.264081
0.654905
0.651611
0.056486
0.121536
0.498744
0.887305
0.429819
0.265130
0.317754
0.998181
0.253419
0.380191
0.684920
0.305631
0.359817
0.664280
0.310481
0.926889
0.035095
0.580217
0.584112
0.570458
0.069552
0.714744
0.750664
0.028295
0.061461
0.595738
0.497991
0.280178
0.254862
0.576583
0.286004
0.721132
0.309397
0.336918
0.247479
0.796848
0.499154
0.188049
0.331453
0.808178
0.358484
0.219522
0.686739
0.065517
0.311846
0.427730
0.509409
0.234070
0.024514
0.580420
0.481513
0.473490
0.066821
0.088129
0.237495
0.435594
0.078532
0.347208
0.740316
0.849874
0.774479
0.542057
0.134527
0.405535
0.017061
0.549771
0.785107
0.480629
0.090414
0.674244
0.917684
0.134993
0.354800
0.780629
0.761260
0.431585
0.532772
0.539828
0.315307
0.042138
0.072403
