0.759124
0.674607
0.648389
0.151719
0.968627
0.694901
0.616821
0.200850
0.522628
0.270656
0.376955
0.938167
0.808657
0.422294
0.275067
0.420488
0.762470
0.268422
0.845974
0.435634
0.612980
0.641686
0.097218
0.176275
0.543691
0.896084
0.721816
0.976065
0.344742
0.600079
0.035403
0.370250
0.349994
0.016427
0.608520
0.636808
0.381693
0.597680
0.964883
0.996592
0.902224
0.406021
0.811514
0.626064
0.314720
0.513291
0.497131
0.160372
0.440100
0.364704
0.863251
0.252472
0.507939
0.050052
0.369634
0.081114
0.286562
0.555706
0.443972
0.733170
0.766920
0.568791
0.984540
0.820684
0.373180
0.232076
0.525441
0.370083
0.098436
0.551655
0.462338
0.209717
0.877900
0.108609
0.311763
0.837784
0.553506
0.997906
0.931013
0.601285
0.811914
0.642681
0.215836
0.011952
0.214720
0.792643
0.093053
0.278183
0.504714
0.039318
0.864080
0.901141
0.896928
0.261638
0.506927
0.444095
0.719557
0.056378
0.704659
0.928835
