0.151535
0.454361
0.000737
0.809079
0.898850
0.643096
0.553734
0.908077
0.505819
0.046030
0.058202
0.456783
0.850028
0.159800
0.887946
0.843372
0.293128
0.267491
0.063139
0.370812
0.926748
0.503115
0.347875
0.199837
0.736291
0.320915
0.181422
0.415380
0.285626
0.704661
0.653038
0.914457
0.624582
0.356719
0.923575
0.054841
0.211807
0.274704
0.084115
0.855836
0.241438
0.549341
0.168851
0.596622
0.683485
0.508119
0.316652
0.121168
0.242129
0.943416
0.718826
0.463920
0.025239
0.122041
0.664926
0.379291
0.843081
0.045527
0.616028
0.674732
0.689534
0.547621
0.474679
0.619457
0.009257
0.968390
0.483725
0.909207
0.155039
0.007803
0.819251
0.168981
0.788466
0.526920
0.174548
0.604348
0.253849
0.416106
0.595005
0.334215
0.077069
0.129887
0.166830
0.986816
0.846484
0.878402
0.355620
0.685583
0.722355
0.297859
0.158134
0.637140
0.245769
0.324931
0.325994
0.591512
0.982337
0.280072
0.234577
0.288936
