0.761209
0.977380
0.829385
0.742091
0.089546
0.158492
0.975760
0.983642
0.828114
0.056339
0.447802
0.668197
0.102690
0.870257
0.139660
0.588242
0.090667
0.779669
0.521447
0.192556
0.791208
0.716459
0.516107
0.621539
0.982022
0.829400
0.552569
0.684866
0.768606
0.527746
0.454935
0.617950
0.543248
0.984990
0.461612
0.213098
0.251850
0.304403
0.337145
0.557558
0.296998
0.049765
0.379269
0.145054
0.615331
0.629080
0.384428
0.247186
0.530911
0.284237
0.780370
0.054778
0.777773
0.676637
0.572641
0.962075
0.406560
0.147755
0.584875
0.926355
0.071235
0.812375
0.348620
0.326692
0.043090
0.621938
0.656860
0.556948
0.925151
0.390999
0.276944
0.280312
0.903583
0.598654
0.392010
0.214327
0.094558
0.136816
0.381455
0.427941
0.397362
0.394484
0.509841
0.609493
0.123660
0.752839
0.996105
0.043478
0.473043
0.747725
0.575574
0.258573
0.688979
0.428409
0.238104
0.538703
0.011095
0.921829
0.047150
0.384533
