0.549429
0.212039
0.763171
0.622044
0.905399
0.438637
0.443278
0.152639
0.483388
0.288824
0.896734
0.405396
0.868826
0.984075
0.647589
0.850681
0.398903
0.394501
0.103206
0.272966
0.317280
0.631454
0.411769
0.376856
0.721857
0.111208
0.184347
0.390058
0.243308
0.358820
0.073099
0.323826
0.450251
0.011936
0.946164
0.805012
0.567013
0.590084
0.998837
0.792052
0.779087
0.659385
0.747748
0.189603
0.144648
0.345571
0.585424
0.045248
0.944292
0.266415
0.211018
0.744011
0.703056
0.129257
0.207095
0.484052
0.282428
0.946973
0.296799
0.585183
0.093168
0.492559
0.341491
0.429555
0.502775
0.409782
0.722266
0.336042
0.849086
0.487324
0.414255
0.932649
0.306432
0.881879
0.646571
0.646104
0.318887
0.928628
0.287325
0.082159
0.502191
0.801536
0.016995
0.647787
0.736171
0.144147
0.022092
0.888192
0.937998
0.841250
0.232894
0.817149
0.525909
0.333852
0.881090
0.547632
0.285023
0.306055
0.061934
0.367588
