0.190991
0.264338
0.482043
0.181166
0.176463
0.075489
0.200606
0.432752
0.507044
0.961735
0.419212
0.155841
0.086584
0.408826
0.933317
0.850823
0.657753
0.224127
0.275110
0.509395
0.050349
0.506619
0.744942
0.689490
0.813731
0.130486
0.110502
0.186608
0.066785
0.198139
0.207337
0.427666
0.385466
0.956847
0.112232
0.290416
0.237481
0.272006
0.251826
0.181204
0.851879
0.861556
0.723870
0.659992
0.046399
0.931314
0.433112
0.461619
0.981008
0.066294
0.014740
0.437055
0.366260
0.790087
0.354333
0.512382
0.510992
0.003724
0.998734
0.809584
0.709437
0.592932
0.409946
0.489971
0.399813
0.017786
0.302896
0.110896
0.947054
0.300224
0.318279
0.260101
0.047031
0.910585
0.830043
0.673995
0.587931
0.766375
0.948702
0.352535
0.576112
0.755616
0.385770
0.059763
0.940437
0.287832
0.400103
0.451977
0.449113
0.730648
0.521552
0.771037
0.113093
0.645545
0.511086
0.997470
0.206276
0.108885
0.972294
0.629198
