0.347122
0.113168
0.848314
0.575311
0.811861
0.130175
0.352560
0.800922
0.940715
0.478384
0.618654
0.499734
0.558912
0.161857
0.232724
0.745487
0.877269
0.145071
0.908786
0.240350
0.262676
0.723605
0.139266
0.187268
0.350337
0.514332
0.523310
0.636397
0.253021
0.221847
0.691450
0.055839
0.479203
0.254096
0.698382
0.046227
0.639243
0.265710
0.988700
0.724383
0.886589
0.297616
0.364507
0.589319
0.972656
0.254925
0.726168
0.902332
0.291609
0.799739
0.205055
0.556732
0.490663
0.424594
0.882959
0.945041
0.565685
0.764852
0.770359
0.474067
0.023534
0.745094
0.257608
0.355422
0.192442
0.319409
0.766683
0.432566
0.824369
0.137371
0.224401
0.467323
0.876934
0.746428
0.592951
0.865618
0.040772
0.067070
0.271437
0.080663
0.233119
0.546926
0.875920
0.861984
0.401036
0.644032
0.662263
0.803962
0.615420
0.572367
0.319484
0.904025
0.438659
0.660051
0.322233
0.189921
0.371551
0.509445
0.713796
0.658327
