0.715293
0.232847
0.706450
0.191388
0.159744
0.603425
0.261404
0.895791
0.281109
0.333963
0.037048
0.576058
0.312788
0.900402
0.406380
0.957385
0.900002
0.200887
0.421377
0.071926
0.779947
0.395953
0.104254
0.103919
0.394734
0.946021
0.750389
0.244095
0.152313
0.224609
0.287877
0.597166
0.640649
0.016270
0.821675
0.361926
0.449143
0.956582
0.092781
0.668329
0.675947
0.099687
0.132304
0.681007
0.472983
0.535914
0.086969
0.707573
0.328214
0.119732
0.116195
0.866942
0.043973
0.610832
0.497304
0.527810
0.851433
0.760302
0.562049
0.831861
0.765373
0.844841
0.323487
0.524111
0.471339
0.324969
0.789166
0.035349
0.169056
0.366179
0.037058
0.843748
0.458070
0.329837
0.407054
0.598723
0.220112
0.108106
0.303595
0.536078
0.270785
0.552972
0.954415
0.682846
0.266742
0.982698
0.645710
0.235069
0.709697
0.648372
0.519127
0.549802
0.237017
0.364596
0.796707
0.988419
0.619564
0.055521
0.907638
0.731130
