0.014818
0.421465
0.988250
0.589299
0.876639
0.362825
0.930020
0.167214
0.218150
0.305191
0.311022
0.223798
0.326344
0.334285
0.097637
0.757372
0.484407
0.237259
0.790008
0.461823
0.951405
0.230756
0.533098
0.041119
0.272699
0.918255
0.844735
0.718379
0.030920
0.600767
0.939854
0.690237
0.266863
0.825464
0.576343
0.131639
0.046352
0.980598
0.599252
0.201005
0.939171
0.252109
0.511051
0.470533
0.584616
0.022189
0.217027
0.971579
0.392377
0.792948
0.900791
0.035395
0.377064
0.308747
0.130189
0.945883
0.211703
0.196578
0.528390
0.712554
0.394270
0.975598
0.947681
0.680516
0.745077
0.444662
0.698079
0.159642
0.342144
0.969741
0.928367
0.740004
0.370297
0.929500
0.063009
0.952062
0.191337
0.231843
0.317935
0.805707
0.648926
0.620603
0.303206
0.203715
0.134271
0.493705
0.391671
0.835602
0.583154
0.865902
0.318025
0.642162
0.780333
0.747796
0.471975
0.227948
0.374495
0.675854
0.205694
0.989544
