0.959043
0.261716
0.545449
0.983197
0.475926
0.723266
0.017061
0.872227
0.110231
0.167013
0.301938
0.934390
0.463775
0.444540
0.478101
0.938632
0.592926
0.543749
0.619549
0.666882
0.832246
0.137472
0.369160
0.951068
0.552599
0.290969
0.268874
0.325900
0.380629
0.998856
0.885699
0.866708
0.125156
0.031537
0.299741
0.205456
0.853068
0.302195
0.655560
0.689707
0.086724
0.673681
0.669372
0.957549
0.428104
0.678076
0.951016
0.787665
0.083097
0.242801
0.977487
0.139175
0.288105
0.201323
0.365821
0.633506
0.352945
0.213582
0.032829
0.160255
0.052703
0.849995
0.615839
0.278271
0.628593
0.891163
0.076793
0.485698
0.957534
0.466176
0.602773
0.538917
0.008543
0.668740
0.227478
0.565411
0.730370
0.451753
0.509896
0.310389
0.832620
0.895926
0.869556
0.908563
0.581343
0.962291
0.807551
0.683794
0.118456
0.705388
0.507382
0.965807
0.150032
0.195654
0.434091
0.284962
0.842609
0.998348
0.829491
0.081896
