0.708524
0.167634
0.790169
0.959692
0.427083
0.297837
0.569581
0.713937
0.491356
0.086397
0.483841
0.962396
0.058389
0.506905
0.636404
0.887528
0.239014
0.424574
0.799861
0.623945
0.947465
0.101043
0.187815
0.494189
0.497333
0.140670
0.695597
0.315920
0.332229
0.574222
0.777853
0.711686
0.714241
0.398386
0.640006
0.967158
0.381369
0.484362
0.693307
0.530325
0.981404
0.207445
0.063473
0.514346
0.610271
0.691396
0.734298
0.649750
0.611396
0.759003
0.473848
0.057512
0.346608
0.655591
0.066449
0.697613
0.604639
0.935443
0.560507
0.411849
0.163539
0.016718
0.730651
0.209537
0.547929
0.460839
0.553893
0.559154
0.124051
0.571269
0.481687
0.964873
0.883685
0.026059
0.310948
0.876693
0.965123
0.802607
0.432452
0.685363
0.706844
0.549626
0.159346
0.884301
0.768092
0.765229
0.147394
0.800430
0.456855
0.781594
0.845221
0.155605
0.955699
0.130738
0.652451
0.058601
0.502205
0.570211
0.910597
0.907980
