0.161005
0.897433
0.477858
0.893536
0.520194
0.007351
0.860086
0.054148
0.528378
0.995135
0.275604
0.912342
0.145957
0.610106
0.940053
0.296633
0.128919
0.030321
0.477445
0.101391
0.723196
0.572798
0.893481
0.059325
0.294489
0.802431
0.322857
0.928202
0.517095
0.563834
0.134748
0.162026
0.699107
0.834524
0.939195
0.440500
0.565055
0.505581
0.601193
0.073251
0.781261
0.424575
0.832202
0.644696
0.151573
0.988771
0.488205
0.342699
0.116561
0.604206
0.780753
0.540762
0.820269
0.177486
0.807799
0.916406
0.988285
0.444392
0.626027
0.262307
0.467349
0.196127
0.170651
0.359899
0.235020
0.923449
0.045521
0.601700
0.610826
0.214639
0.617000
0.435699
0.439986
0.345100
0.302825
0.736223
0.917148
0.833017
0.518246
0.617228
0.204042
0.609698
0.309208
0.117832
0.633955
0.523987
0.870117
0.768536
0.015412
0.513647
0.992055
0.954058
0.613673
0.951839
0.320081
0.098714
0.617205
0.667163
0.248337
0.983030
