0.297710
0.031525
0.173710
0.422457
0.394759
0.718097
0.356090
0.416417
0.671986
0.810125
0.203781
0.564014
0.863631
0.384130
0.823015
0.153437
0.173773
0.290318
0.293347
0.324063
0.015422
0.597351
0.082583
0.190087
0.288303
0.901273
0.126542
0.305316
0.770984
0.148162
0.605619
0.130996
0.774348
0.531445
0.937308
0.000969
0.716954
0.982853
0.396309
0.010007
0.820224
0.876294
0.050998
0.849442
0.443606
0.919797
0.637041
0.865107
0.533328
0.131679
0.940500
0.418094
0.244961
0.915685
0.028423
0.099719
0.110781
0.274705
0.884470
0.349541
0.086493
0.009488
0.341848
0.951002
0.105277
0.174434
0.872125
0.476708
0.330423
0.518596
0.183480
0.888145
0.039807
0.178115
0.478250
0.895870
0.613387
0.449620
0.482991
0.111115
0.884263
0.481414
0.286475
0.534238
0.996314
0.863464
0.096738
0.269485
0.750911
0.488251
0.239932
0.127423
0.126336
0.967890
0.166296
0.754447
0.557194
0.865473
0.214473
0.958493
