0.332725
0.581582
0.223257
0.808761
0.946908
0.543802
0.645307
0.467107
0.789470
0.584804
0.946742
0.361488
0.064852
0.311616
0.365856
0.954178
0.510909
0.816521
0.680426
0.883691
0.054096
0.702791
0.868787
0.209692
0.054320
0.039248
0.783406
0.957503
0.297772
0.577629
0.213545
0.343214
0.025685
0.738515
0.362492
0.255315
0.051879
0.566377
0.298426
0.945326
0.128544
0.022815
0.400196
0.923218
0.293812
0.595578
0.145657
0.792008
0.115955
0.860476
0.141808
0.130101
0.895768
0.336118
0.152765
0.107942
0.846388
0.290855
0.294997
0.766585
0.868626
0.127929
0.490402
0.795850
0.617738
0.776034
0.636802
0.055034
0.597849
0.333066
0.605258
0.249225
0.610381
0.654921
0.569431
0.507076
0.733296
0.055673
0.745528
0.968901
0.649369
0.411154
0.869541
0.956099
0.277486
0.988790
0.771688
0.338764
0.458881
0.970651
0.018992
0.394269
0.962380
0.237554
0.092493
0.796995
0.214435
0.871195
0.082110
0.023949
