0.533687
0.406866
0.225309
0.231741
0.999896
0.318355
0.234557
0.740473
0.799305
0.187012
0.717694
0.776725
0.636984
0.394857
0.764745
0.519358
0.444384
0.296597
0.832323
0.524216
0.850140
0.875813
0.608772
0.720019
0.236896
0.082481
0.405370
0.378615
0.055809
0.347072
0.932677
0.648385
0.561948
0.100995
0.356134
0.279872
0.678023
0.138719
0.320278
0.012158
0.964512
0.204105
0.086393
0.888189
0.027738
0.376733
0.549722
0.292046
0.258163
0.005973
0.970399
0.843074
0.714153
0.989668
0.404453
0.693726
0.141581
0.403199
0.526804
0.517563
0.999880
0.875875
0.443294
0.812042
0.801274
0.922261
0.581885
0.676648
0.446951
0.394049
0.761542
0.424123
0.895608
0.823206
0.743079
0.317279
0.328997
0.709076
0.172196
0.630497
0.931163
0.732631
0.460683
0.670275
0.762706
0.627347
0.812917
0.008207
0.904168
0.190615
0.422190
0.326071
0.619079
0.435960
0.444107
0.488376
0.253735
0.072320
0.375160
0.982514
