0.162136
0.462433
0.133362
0.900829
0.911550
0.480098
0.065449
0.697837
0.886284
0.443366
0.377889
0.967908
0.051598
0.580903
0.704440
0.988141
0.373719
0.768232
0.636209
0.101543
0.285913
0.193556
0.286353
0.772422
0.626914
0.857126
0.587158
0.491987
0.816584
0.753488
0.770219
0.818825
0.366365
0.994752
0.947753
0.991790
0.983995
0.313765
0.181121
0.000399
0.662965
0.770625
0.135104
0.264736
0.267750
0.750104
0.832641
0.421242
0.299402
0.409057
0.148010
0.104118
0.330817
0.799949
0.334890
0.876021
0.610278
0.229576
0.649840
0.646159
0.209664
0.020970
0.640982
0.540035
0.962020
0.622043
0.465578
0.339274
0.232044
0.450262
0.552617
0.141572
0.717494
0.025957
0.895339
0.147479
0.282757
0.539032
0.842207
0.734483
0.339362
0.925888
0.716990
0.353890
0.311617
0.240607
0.386338
0.636594
0.739735
0.914067
0.354009
0.471972
0.694741
0.112375
0.836754
0.066242
0.953025
0.036631
0.287371
0.571998
