0.728581
0.932294
0.423514
0.360205
0.830862
0.353812
0.671709
0.367307
0.491510
0.291104
0.268918
0.184304
0.884859
0.626574
0.722768
0.452394
0.469783
0.628676
0.142718
0.273318
0.619617
0.061881
0.668599
0.866931
0.737484
0.432826
0.854082
0.176878
0.025010
0.546024
0.179562
0.425576
0.620019
0.905243
0.688104
0.421665
0.240632
0.695804
0.995355
0.348086
0.598182
0.102971
0.714235
0.755596
0.734856
0.566935
0.002189
0.504621
0.384463
0.422194
0.206330
0.777047
0.343672
0.885015
0.836638
0.462803
0.057088
0.244027
0.980224
0.349548
0.711042
0.093445
0.605835
0.719131
0.861743
0.984839
0.870953
0.390227
0.878490
0.420661
0.409946
0.841476
0.595421
0.970165
0.199758
0.465898
0.375727
0.460833
0.753727
0.532617
0.507945
0.199405
0.645032
0.498024
0.411277
0.772602
0.017118
0.579067
0.797308
0.493389
0.860868
0.110189
0.403967
0.153051
0.409172
0.166477
0.958022
0.298185
0.341340
0.035226
