0.160719
0.577357
0.244816
0.298978
0.380322
0.871491
0.202118
0.566518
0.519335
0.271530
0.924122
0.825553
0.694709
0.620743
0.097945
0.359590
0.922327
0.864189
0.192751
0.345468
0.312787
0.408943
0.995222
0.055308
0.258122
0.781155
0.413052
0.839577
0.009538
0.836218
0.370956
0.340272
0.975818
0.253997
0.304037
0.650995
0.376362
0.162747
0.303462
0.953494
0.914067
0.451093
0.962236
0.581574
0.620919
0.205837
0.399287
0.659973
0.090627
0.237141
0.616768
0.918443
0.627053
0.207494
0.453688
0.603097
0.490315
0.478143
0.317378
0.636942
0.572310
0.041445
0.679032
0.083862
0.535821
0.240683
0.875787
0.877417
0.704597
0.526414
0.820625
0.771418
0.684320
0.439008
0.766447
0.410993
0.217822
0.824301
0.930031
0.679215
0.727616
0.480974
0.586631
0.363883
0.592926
0.001704
0.090103
0.919763
0.943450
0.724412
0.133153
0.187676
0.029207
0.410283
0.139584
0.733474
0.417709
0.974608
0.431918
0.799912
