0.935924
0.600807
0.415460
0.337065
0.612692
0.713616
0.752340
0.302658
0.013990
0.105158
0.210912
0.250283
0.430561
0.930085
0.642420
0.896600
0.346714
0.030881
0.223195
0.056857
0.644880
0.681294
0.761030
0.805473
0.302373
0.327514
0.562739
0.553375
0.457835
0.538873
0.690009
0.305454
0.595662
0.350737
0.849222
0.356148
0.589719
0.322123
0.020737
0.699137
0.089014
0.236980
0.469571
0.827538
0.977800
0.799834
0.904883
0.538566
0.184558
0.152267
0.134784
0.511664
0.699658
0.708348
0.606504
0.404225
0.489660
0.540769
0.554911
0.540383
0.076430
0.935705
0.692664
0.321786
0.291728
0.639751
0.197190
0.793540
0.787062
0.253179
0.324663
0.737806
0.067736
0.271373
0.350665
0.959838
0.807107
0.616046
0.934770
0.102948
0.220654
0.503900
0.657263
0.608786
0.480875
0.808045
0.638201
0.635265
0.112726
0.753604
0.915901
0.379408
0.313874
0.425649
0.923183
0.275679
0.668755
0.407560
0.230514
0.068586
