0.129916
0.550048
0.685555
0.655535
0.430182
0.946761
0.336090
0.698873
0.574905
0.807525
0.555209
0.445095
0.588924
0.719164
0.815217
0.857021
0.705077
0.240825
0.359530
0.010098
0.173578
0.126209
0.450362
0.858554
0.650483
0.204351
0.815103
0.114748
0.143157
0.794907
0.763601
0.156406
0.274734
0.284407
0.952388
0.500045
0.308761
0.366848
0.470129
0.964732
0.193729
0.621135
0.532732
0.004197
0.322050
0.019603
0.541087
0.880948
0.643454
0.610318
0.025712
0.498557
0.149161
0.348903
0.247923
0.181367
0.825494
0.607846
0.887476
0.872344
0.308615
0.669581
0.296942
0.035092
0.176817
0.059398
0.557747
0.115108
0.428023
0.702177
0.425618
0.203291
0.785665
0.272885
0.176499
0.528992
0.295002
0.034297
0.914507
0.538263
0.098679
0.715425
0.292724
0.418224
0.851671
0.515094
0.452496
0.116581
0.117637
0.582885
0.469882
0.066863
0.545426
0.502952
0.936359
0.111526
0.901477
0.375319
0.383708
0.085362
