0.601070
0.398930
0.222984
0.907334
0.646173
0.073452
0.483840
0.073069
0.328282
0.132353
0.346403
0.318307
0.188546
0.278668
0.093291
0.846279
0.269355
0.569853
0.647783
0.359120
0.986724
0.895698
0.547246
0.347950
0.569501
0.327137
0.372985
0.292751
0.301906
0.418261
0.217269
0.962677
0.389508
0.885680
0.815846
0.168187
0.510532
0.905542
0.959495
0.253755
0.702786
0.550429
0.360896
0.472193
0.955861
0.190102
0.309883
0.675366
0.095649
0.185750
0.805774
0.348404
0.707546
0.762355
0.108639
0.746763
0.591770
0.993450
0.576435
0.829809
0.478275
0.653979
0.772091
0.188738
0.551565
0.989033
0.822254
0.677048
0.270646
0.300516
0.487906
0.550537
0.580377
0.775478
0.600034
0.672945
0.463512
0.923179
0.685551
0.193051
0.278383
0.020841
0.300347
0.386076
0.040538
0.090505
0.782168
0.569720
0.408355
0.824331
0.278453
0.051818
0.603819
0.060307
0.024033
0.404940
0.654934
0.558264
0.163086
0.926246
