0.817376
0.338977
0.028608
0.196854
0.409910
0.196753
0.325065
0.784672
0.672439
0.727706
0.153498
0.200553
0.836837
0.604890
0.256877
0.934247
0.250957
0.601871
0.260069
0.003450
0.903650
0.817700
0.789046
0.589284
0.676203
0.735498
0.815937
0.872999
0.573917
0.563200
0.608368
0.255881
0.369272
0.114803
0.940484
0.809932
0.380311
0.484348
0.771622
0.034088
0.870956
0.016799
0.533090
0.065506
0.352087
0.688018
0.717114
0.376345
0.475477
0.530124
0.156450
0.143242
0.139081
0.606953
0.570410
0.570644
0.965728
0.943722
0.766650
0.427421
0.701307
0.704395
0.593671
0.869341
0.633092
0.464737
0.502117
0.392548
0.915800
0.328778
0.688905
0.239816
0.198669
0.843615
0.443184
0.154843
0.034604
0.201001
0.715596
0.011358
0.233539
0.306084
0.552253
0.949921
0.088831
0.211570
0.662054
0.764008
0.001156
0.710126
0.362369
0.930193
0.458849
0.971474
0.447368
0.629101
0.407264
0.554243
0.888387
0.623008
