0.591796
0.842724
0.675797
0.902622
0.447541
0.506596
0.609374
0.616989
0.116144
0.724476
0.191014
0.791674
0.186722
0.587207
0.520521
0.389116
0.004378
0.574615
0.476241
0.843275
0.346903
0.569468
0.569462
0.095500
0.430259
0.346723
0.191884
0.590244
0.859020
0.619903
0.126997
0.671554
0.162556
0.976233
0.775959
0.954144
0.862809
0.184544
0.989415
0.607447
0.362817
0.763665
0.350465
0.683651
0.816921
0.699360
0.404736
0.426642
0.004235
0.258287
0.608336
0.206445
0.971322
0.896947
0.872595
0.632357
0.503303
0.765822
0.659982
0.599564
0.187722
0.925105
0.454738
0.512474
0.542157
0.094902
0.041176
0.540269
0.933576
0.855296
0.399269
0.033574
0.499241
0.439071
0.719317
0.627244
0.190091
0.711759
0.790310
0.659704
0.041715
0.132319
0.934322
0.010604
0.957652
0.656497
0.376037
0.766135
0.167044
0.058365
0.092432
0.925466
0.859824
0.409539
0.674494
0.355491
0.835411
0.385855
0.405888
0.509577
