0.017474
0.235755
0.205330
0.691304
0.817635
0.045684
0.370076
0.066899
0.456895
0.056401
0.039118
0.320802
0.727960
0.560740
0.506894
0.017745
0.894450
0.150304
0.062951
0.270505
0.420783
0.224855
0.115167
0.123876
0.587768
0.396671
0.748317
0.298540
0.527173
0.222138
0.427035
0.347275
0.240044
0.009808
0.082928
0.569530
0.294297
0.768844
0.324085
0.386863
0.463026
0.732281
0.118601
0.501157
0.140912
0.039910
0.000353
0.141676
0.203070
0.683775
0.020914
0.534957
0.771929
0.483251
0.201154
0.443567
0.089238
0.566877
0.594132
0.024560
0.690272
0.217308
0.337905
0.436243
0.066149
0.697540
0.224755
0.334440
0.143797
0.020974
0.038464
0.180908
0.106160
0.251822
0.811906
0.611164
0.145575
0.008371
0.300822
0.012500
0.149871
0.890947
0.164842
0.184040
0.892583
0.794183
0.959232
0.977703
0.691893
0.002423
0.481103
0.813459
0.620170
0.791850
0.607293
0.795722
0.939815
0.773691
0.059857
0.444635
