0.898010
0.649207
0.835695
0.245407
0.087997
0.593278
0.431023
0.290809
0.753463
0.118041
0.352540
0.398793
0.969287
0.862948
0.125538
0.389359
0.035653
0.418132
0.643382
0.558409
0.943880
0.328894
0.593278
0.890980
0.116999
0.374837
0.647609
0.228666
0.018858
0.763018
0.658829
0.117858
0.889838
0.307353
0.517352
0.023175
0.109735
0.455671
0.010111
0.276489
0.956888
0.935659
0.277815
0.875193
0.165058
0.042985
0.454798
0.525509
0.433629
0.896252
0.111398
0.823567
0.413865
0.924442
0.513048
0.462885
0.948038
0.748404
0.191541
0.295554
0.544524
0.253630
0.564401
0.433172
0.830492
0.442357
0.437095
0.842035
0.802274
0.614979
0.144462
0.382843
0.396746
0.885712
0.982846
0.647609
0.988785
0.734969
0.042157
0.756841
0.402967
0.310153
0.861813
0.562375
0.347556
0.117858
0.872304
0.889223
0.386489
0.279442
0.928591
0.981073
0.501661
0.494613
0.857710
0.009604
0.840905
0.240920
0.431023
0.069873
