0.957133
0.005064
0.890237
0.905267
0.320538
0.655916
0.212813
0.205734
0.998763
0.499511
0.510975
0.363445
0.034869
0.122624
0.518915
0.412100
0.017409
0.373804
0.854791
0.218355
0.271033
0.588044
0.000000
0.624259
0.264993
0.915175
0.481819
0.530142
0.001306
0.161743
0.851900
0.000000
0.885480
0.000000
0.451442
0.810613
0.082480
0.069278
0.531968
0.265164
0.233595
0.255974
0.021533
0.183897
0.000000
0.000000
0.650283
0.016638
0.652319
0.324447
0.000000
0.000000
0.388116
0.729959
0.276375
0.369182
0.895217
0.633592
0.580518
0.124429
0.979593
0.671773
0.738099
0.596515
0.480494
0.789951
0.951932
0.366306
0.862620
0.035167
0.565318
0.063689
0.143095
0.006766
0.956537
0.582282
0.806189
0.534179
0.119006
0.264580
0.606422
0.000000
0.000000
0.000000
0.549722
0.624219
0.656983
0.708387
0.512097
0.984520
0.820873
0.595334
0.085921
0.604037
0.956390
0.131877
0.310771
0.412270
0.937622
0.442064
