0.607761
0.990956
0.182217
0.593876
0.297936
0.390453
0.393793
0.573711
0.774269
0.121762
0.424571
0.891199
0.013175
0.156600
0.694295
0.624563
0.540232
0.829484
0.673689
0.529079
0.979908
0.387103
0.000000
0.883080
0.786854
0.825238
0.739808
0.719859
0.118944
0.468212
0.760264
0.000000
0.281740
0.000000
0.706346
0.378063
0.378208
0.091355
0.856563
0.424920
0.462653
0.112774
0.745578
0.079172
0.000000
0.000000
0.483276
0.039805
0.261953
0.912206
0.000000
0.000000
0.711036
0.054037
0.944246
0.170468
0.724013
0.429479
0.180098
0.651420
0.509264
0.371659
0.389516
0.835906
0.062163
0.432959
0.071944
0.026576
0.588919
0.498433
0.740054
0.698062
0.188936
0.534253
0.687804
0.620691
0.107769
0.972878
0.724182
0.902498
0.652703
0.000000
0.000000
0.000000
0.491164
0.246533
0.188209
0.848254
0.149663
0.653450
0.459170
0.335833
0.061146
0.173251
0.853874
0.783233
0.703386
0.108050
0.520545
0.659239
