0.959181
0.521527
0.600568
0.612364
0.418974
0.305121
0.430330
0.583121
0.666608
0.864413
0.727924
0.975754
0.464388
0.697003
0.845387
0.903047
0.326548
0.128601
0.106311
0.406276
0.267352
0.802449
0.000000
0.684952
0.950237
0.909747
0.771599
0.502980
0.468860
0.812336
0.032907
0.000000
0.200710
0.000000
0.362044
0.783259
0.394005
0.456345
0.790464
0.232180
0.895471
0.163662
0.208326
0.766989
0.000000
0.000000
0.513776
0.459099
0.125101
0.962419
0.000000
0.000000
0.409138
0.686159
0.421805
0.145939
0.938131
0.396369
0.840230
0.539886
0.298347
0.341774
0.857705
0.289070
0.073935
0.262535
0.103077
0.562081
0.442421
0.084604
0.414781
0.104511
0.382529
0.586847
0.273344
0.898393
0.449603
0.681217
0.342129
0.938555
0.089523
0.000000
0.000000
0.000000
0.948514
0.036383
0.313459
0.295354
0.706570
0.969874
0.334140
0.400595
0.003186
0.460100
0.347887
0.542299
0.030755
0.135300
0.391437
0.170463
