0.274945
0.700957
0.369588
0.305145
0.677464
0.156770
0.183361
0.321864
0.804462
0.866595
0.789601
0.754307
0.340501
0.760831
0.848864
0.279631
0.238306
0.040291
0.249167
0.380494
0.387935
0.299392
0.000000
0.407716
0.178051
0.781351
0.646289
0.352893
0.759072
0.849860
0.888276
0.000000
0.539317
0.000000
0.959692
0.904619
0.074498
0.743438
0.345860
0.613491
0.809909
0.247725
0.404092
0.019957
0.000000
0.000000
0.029588
0.282661
0.573538
0.241263
0.000000
0.000000
0.677013
0.116083
0.813207
0.017412
0.310465
0.896203
0.875818
0.428908
0.221125
0.627148
0.080820
0.010306
0.075133
0.054840
0.316911
0.562074
0.916193
0.147942
0.095908
0.929430
0.040795
0.830025
0.374647
0.379456
0.852281
0.997250
0.653271
0.849098
0.780014
0.000000
0.000000
0.000000
0.240926
0.077439
0.032774
0.342676
0.129964
0.858557
0.502142
0.707421
0.311503
0.938104
0.439541
0.092008
0.419099
0.845563
0.733737
0.850109
