0.485095
0.394882
0.568513
0.363314
0.870774
0.866635
0.582061
0.828067
0.732921
0.459111
0.636083
0.244054
0.807020
0.189067
0.479704
0.350807
0.009531
0.763351
0.469620
0.071068
0.476445
0.460299
0.000000
0.441238
0.382104
0.878800
0.402514
0.502704
0.132120
0.871524
0.283099
0.000000
0.951896
0.000000
0.074247
0.250458
0.776013
0.247028
0.323398
0.807345
0.070517
0.317984
0.570111
0.192460
0.000000
0.000000
0.169892
0.265950
0.265095
0.018182
0.000000
0.000000
0.193038
0.783659
0.265210
0.862420
0.419011
0.769391
0.990318
0.711434
0.948146
0.853961
0.887244
0.110737
0.190341
0.121799
0.408951
0.890390
0.371694
0.030630
0.561800
0.714919
0.334836
0.385569
0.991923
0.373624
0.911342
0.192338
0.151346
0.554608
0.586365
0.000000
0.000000
0.000000
0.643571
0.560138
0.148250
0.976926
0.584950
0.845805
0.900683
0.020564
0.034500
0.776027
0.318596
0.646789
0.485577
0.508534
0.617938
0.569819
