0.719137
0.210919
0.387935
0.690290
0.289949
0.197004
0.689523
0.565761
0.681757
0.265122
0.078388
0.681780
0.162729
0.568963
0.620545
0.702183
0.084072
0.711571
0.731334
0.778883
0.954744
0.217714
0.000000
0.232842
0.389347
0.884621
0.702180
0.203667
0.840082
0.720914
0.975933
0.000000
0.244137
0.000000
0.630518
0.673553
0.131765
0.699051
0.782454
0.125872
0.445975
0.333693
0.506322
0.431295
0.000000
0.000000
0.583539
0.473659
0.203846
0.452046
0.000000
0.000000
0.755829
0.944329
0.867021
0.277442
0.647822
0.319907
0.637878
0.837710
0.723365
0.463352
0.098550
0.735256
0.057527
0.225769
0.129548
0.044761
0.101616
0.918701
0.370945
0.803894
0.071397
0.246598
0.133044
0.196202
0.477479
0.277186
0.961109
0.111605
0.793170
0.000000
0.000000
0.000000
0.293024
0.123583
0.563259
0.665795
0.106998
0.565043
0.699641
0.995206
0.086909
0.455692
0.635838
0.702498
0.958606
0.621080
0.346289
0.647761
