0.492815
0.193946
0.834937
0.485759
0.201693
0.861151
0.322057
0.326088
0.062216
0.197007
0.482039
0.202741
0.878670
0.720318
0.234607
0.157472
0.001377
0.427608
0.607600
0.110488
0.952378
0.750984
0.000000
0.431573
0.411683
0.406675
0.067390
0.417506
0.115639
0.901639
0.566341
0.000000
0.352987
0.000000
0.380101
0.656972
0.142639
0.232429
0.593265
0.848438
0.614457
0.658503
0.332020
0.612544
0.000000
0.000000
0.911063
0.313400
0.056907
0.309531
0.000000
0.000000
0.306857
0.472687
0.449755
0.521660
0.909602
0.807690
0.445489
0.081603
0.216972
0.101556
0.638418
0.509979
0.306707
0.348706
0.904356
0.386799
0.592323
0.804643
0.638369
0.203618
0.899006
0.146131
0.432971
0.789855
0.121506
0.775118
0.486369
0.428487
0.267052
0.000000
0.000000
0.000000
0.620341
0.622542
0.010949
0.500996
0.249194
0.591894
0.399985
0.755524
0.020755
0.619797
0.315636
0.354570
0.295767
0.248094
0.391463
0.965548
