0.082649
0.103582
0.619717
0.147387
0.247569
0.021108
0.414945
0.664949
0.999847
0.390398
0.765995
0.524534
0.553408
0.333167
0.175486
0.438150
0.087379
0.122789
0.838942
0.318845
0.049486
0.709600
0.000000
0.653110
0.852025
0.420685
0.161977
0.684689
0.115958
0.061339
0.505354
0.000000
0.411684
0.000000
0.442481
0.638794
0.242943
0.998886
0.371669
0.888873
0.571601
0.101260
0.413756
0.934577
0.000000
0.000000
0.187242
0.502476
0.916443
0.552673
0.000000
0.000000
0.979372
0.981160
0.061337
0.877110
0.510959
0.558529
0.402409
0.762754
0.826009
0.654468
0.469990
0.219685
0.634164
0.996512
0.998082
0.012578
0.511118
0.722244
0.705933
0.009605
0.859453
0.274300
0.947039
0.424141
0.825545
0.954516
0.355167
0.402479
0.388506
0.000000
0.000000
0.000000
0.616244
0.170580
0.708727
0.560217
0.105463
0.890981
0.067688
0.155917
0.323474
0.906690
0.314527
0.502777
0.617765
0.109115
0.720706
0.094262
