0.274945
0.959181
0.607761
0.719137
0.492815
0.957133
0.485095
0.082649
0.700957
0.521527
0.990956
0.210919
0.193946
0.005064
0.394882
0.103582
0.369588
0.600568
0.182217
0.387935
0.834937
0.890237
0.568513
0.619717
0.305145
0.612364
0.593876
0.690290
0.485759
0.905267
0.363314
0.147387
0.677464
0.418974
0.297936
0.289949
0.201693
0.320538
0.870774
0.247569
0.156770
0.305121
0.390453
0.197004
0.861151
0.655916
0.866635
0.021108
0.183361
0.430330
0.393793
0.689523
0.322057
0.212813
0.582061
0.414945
0.321864
0.583121
0.573711
0.565761
0.326088
0.205734
0.828067
0.664949
0.804462
0.666608
0.774269
0.681757
0.062216
0.998763
0.732921
0.999847
0.866595
0.864413
0.121762
0.265122
0.197007
0.499511
0.459111
0.390398
0.789601
0.727924
0.424571
0.078388
0.482039
0.510975
0.636083
0.765995
0.754307
0.975754
0.891199
0.681780
0.202741
0.363445
0.244054
0.524534
0.340501
0.464388
0.013175
0.162729
0.878670
0.034869
0.807020
0.553408
0.760831
0.697003
0.156600
0.568963
0.720318
0.122624
0.189067
0.333167
0.848864
0.845387
0.694295
0.620545
0.234607
0.518915
0.479704
0.175486
0.279631
0.903047
0.624563
0.702183
0.157472
0.412100
0.350807
0.438150
0.238306
0.326548
0.540232
0.084072
0.001377
0.017409
0.009531
0.087379
0.040291
0.128601
0.829484
0.711571
0.427608
0.373804
0.763351
0.122789
0.249167
0.106311
0.673689
0.731334
0.607600
0.854791
0.469620
0.838942
0.380494
0.406276
0.529079
0.778883
0.110488
0.218355
0.071068
0.318845
0.387935
0.267352
0.979908
0.954744
0.952378
0.271033
0.476445
0.049486
0.299392
0.802449
0.387103
0.217714
0.750984
0.588044
0.460299
0.709600
0.000000
0.000000
0.000000
0.000000
0.000000
0.000000
0.000000
0.000000
0.407716
0.684952
0.883080
0.232842
0.431573
0.624259
0.441238
0.653110
0.178051
0.950237
0.786854
0.389347
0.411683
0.264993
0.382104
0.852025
0.781351
0.909747
0.825238
0.884621
0.406675
0.915175
0.878800
0.420685
0.646289
0.771599
0.739808
0.702180
0.067390
0.481819
0.402514
0.161977
0.352893
0.502980
0.719859
0.203667
0.417506
0.530142
0.502704
0.684689
0.759072
0.468860
0.118944
0.840082
0.115639
0.001306
0.132120
0.115958
0.849860
0.812336
0.468212
0.720914
0.901639
0.161743
0.871524
0.061339
0.888276
0.032907
0.760264
0.975933
0.566341
0.851900
0.283099
0.505354
0.000000
0.000000
0.000000
0.000000
0.000000
0.000000
0.000000
0.000000
0.539317
0.200710
0.281740
0.244137
0.352987
0.885480
0.951896
0.411684
0.000000
0.000000
0.000000
0.000000
0.000000
0.000000
0.000000
0.000000
0.959692
0.362044
0.706346
0.630518
0.380101
0.451442
0.074247
0.442481
0.904619
0.783259
0.378063
0.673553
0.656972
0.810613
0.250458
0.638794
0.074498
0.394005
0.378208
0.131765
0.142639
0.082480
0.776013
0.242943
0.743438
0.456345
0.091355
0.699051
0.232429
0.069278
0.247028
0.998886
0.345860
0.790464
0.856563
0.782454
0.593265
0.531968
0.323398
0.371669
0.613491
0.232180
0.424920
0.125872
0.848438
0.265164
0.807345
0.888873
0.809909
0.895471
0.462653
0.445975
0.614457
0.233595
0.070517
0.571601
0.247725
0.163662
0.112774
0.333693
0.658503
0.255974
0.317984
0.101260
0.404092
0.208326
0.745578
0.506322
0.332020
0.021533
0.570111
0.413756
0.019957
0.766989
0.079172
0.431295
0.612544
0.183897
0.192460
0.934577
0.000000
0.000000
0.000000
0.000000
0.000000
0.000000
0.000000
0.000000
0.000000
0.000000
0.000000
0.000000
0.000000
0.000000
0.000000
0.000000
0.029588
0.513776
0.483276
0.583539
0.911063
0.650283
0.169892
0.187242
0.282661
0.459099
0.039805
0.473659
0.313400
0.016638
0.265950
0.502476
0.573538
0.125101
0.261953
0.203846
0.056907
0.652319
0.265095
0.916443
0.241263
0.962419
0.912206
0.452046
0.309531
0.324447
0.018182
0.552673
0.000000
0.000000
0.000000
0.000000
0.000000
0.000000
0.000000
0.000000
0.000000
0.000000
0.000000
0.000000
0.000000
0.000000
0.000000
0.000000
0.677013
0.409138
0.711036
0.755829
0.306857
0.388116
0.193038
0.979372
0.116083
0.686159
0.054037
0.944329
0.472687
0.729959
0.783659
0.981160
0.813207
0.421805
0.944246
0.867021
0.449755
0.276375
0.265210
0.061337
0.017412
0.145939
0.170468
0.277442
0.521660
0.369182
0.862420
0.877110
0.310465
0.938131
0.724013
0.647822
0.909602
0.895217
0.419011
0.510959
0.896203
0.396369
0.429479
0.319907
0.807690
0.633592
0.769391
0.558529
0.875818
0.840230
0.180098
0.637878
0.445489
0.580518
0.990318
0.402409
0.428908
0.539886
0.651420
0.837710
0.081603
0.124429
0.711434
0.762754
0.221125
0.298347
0.509264
0.723365
0.216972
0.979593
0.948146
0.826009
0.627148
0.341774
0.371659
0.463352
0.101556
0.671773
0.853961
0.654468
0.080820
0.857705
0.389516
0.098550
0.638418
0.738099
0.887244
0.469990
0.010306
0.289070
0.835906
0.735256
0.509979
0.596515
0.110737
0.219685
0.075133
0.073935
0.062163
0.057527
0.306707
0.480494
0.190341
0.634164
0.054840
0.262535
0.432959
0.225769
0.348706
0.789951
0.121799
0.996512
0.316911
0.103077
0.071944
0.129548
0.904356
0.951932
0.408951
0.998082
0.562074
0.562081
0.026576
0.044761
0.386799
0.366306
0.890390
0.012578
0.916193
0.442421
0.588919
0.101616
0.592323
0.862620
0.371694
0.511118
0.147942
0.084604
0.498433
0.918701
0.804643
0.035167
0.030630
0.722244
0.095908
0.414781
0.740054
0.370945
0.638369
0.565318
0.561800
0.705933
0.929430
0.104511
0.698062
0.803894
0.203618
0.063689
0.714919
0.009605
0.040795
0.382529
0.188936
0.071397
0.899006
0.143095
0.334836
0.859453
0.830025
0.586847
0.534253
0.246598
0.146131
0.006766
0.385569
0.274300
0.374647
0.273344
0.687804
0.133044
0.432971
0.956537
0.991923
0.947039
0.379456
0.898393
0.620691
0.196202
0.789855
0.582282
0.373624
0.424141
0.852281
0.449603
0.107769
0.477479
0.121506
0.806189
0.911342
0.825545
0.997250
0.681217
0.972878
0.277186
0.775118
0.534179
0.192338
0.954516
0.653271
0.342129
0.724182
0.961109
0.486369
0.119006
0.151346
0.355167
0.849098
0.938555
0.902498
0.111605
0.428487
0.264580
0.554608
0.402479
0.780014
0.089523
0.652703
0.793170
0.267052
0.606422
0.586365
0.388506
0.000000
0.000000
0.000000
0.000000
0.000000
0.000000
0.000000
0.000000
0.000000
0.000000
0.000000
0.000000
0.000000
0.000000
0.000000
0.000000
0.000000
0.000000
0.000000
0.000000
0.000000
0.000000
0.000000
0.000000
0.240926
0.948514
0.491164
0.293024
0.620341
0.549722
0.643571
0.616244
0.077439
0.036383
0.246533
0.123583
0.622542
0.624219
0.560138
0.170580
0.032774
0.313459
0.188209
0.563259
0.010949
0.656983
0.148250
0.708727
0.342676
0.295354
0.848254
0.665795
0.500996
0.708387
0.976926
0.560217
0.129964
0.706570
0.149663
0.106998
0.249194
0.512097
0.584950
0.105463
0.858557
0.969874
0.653450
0.565043
0.591894
0.984520
0.845805
0.890981
0.502142
0.334140
0.459170
0.699641
0.399985
0.820873
0.900683
0.067688
0.707421
0.400595
0.335833
0.995206
0.755524
0.595334
0.020564
0.155917
0.311503
0.003186
0.061146
0.086909
0.020755
0.085921
0.034500
0.323474
0.938104
0.460100
0.173251
0.455692
0.619797
0.604037
0.776027
0.906690
0.439541
0.347887
0.853874
0.635838
0.315636
0.956390
0.318596
0.314527
0.092008
0.542299
0.783233
0.702498
0.354570
0.131877
0.646789
0.502777
0.419099
0.030755
0.703386
0.958606
0.295767
0.310771
0.485577
0.617765
0.845563
0.135300
0.108050
0.621080
0.248094
0.412270
0.508534
0.109115
0.733737
0.391437
0.520545
0.346289
0.391463
0.937622
0.617938
0.720706
0.850109
0.170463
0.659239
0.647761
0.965548
0.442064
0.569819
0.094262
