0.887437
0.619483
0.084198
0.415608
0.949207
0.012148
0.963967
0.893813
0.743446
0.313602
0.231264
0.913596
0.851559
0.207471
0.218365
0.170008
0.924190
0.476283
0.645328
0.019041
0.979627
0.202895
0.821967
0.772942
0.176468
0.057259
0.522781
0.524991
0.146622
0.142184
0.101302
0.547767
0.120842
0.069226
0.602942
0.690293
0.844051
0.519774
0.070365
0.101025
0.054099
0.240522
0.740564
0.142023
0.241932
0.518712
0.727811
0.129898
0.592187
0.877376
0.165487
0.100084
0.015284
0.760994
0.517394
0.502350
0.293597
0.418108
0.608043
0.523331
0.468312
0.626793
0.036261
0.008056
0.363388
0.401639
0.029919
0.320876
0.595362
0.231924
0.433674
0.356099
0.004737
0.415342
0.164090
0.001361
0.086880
0.018966
0.413582
0.442272
0.097021
0.006688
0.478807
0.992961
0.024792
0.989015
0.135896
0.003042
0.925831
0.037643
0.928171
0.349527
0.501878
0.050469
0.324450
0.639477
0.428620
0.946450
0.519066
0.247418
