0.659524
0.000000
0.710157
0.250048
0.120053
0.926040
0.000000
0.000000
0.315213
0.087284
0.012689
0.265744
0.180791
0.303348
0.110036
0.956027
0.000000
0.806188
0.509867
0.931343
0.611382
0.289304
0.089447
0.165105
0.733100
0.354225
0.754978
0.613067
0.282328
0.956174
0.046461
0.000000
0.813462
0.746580
0.877596
0.644447
0.363856
0.992812
0.474448
0.850380
0.574177
0.213512
0.836393
0.138650
0.380460
0.244034
0.696037
0.926549
0.101469
0.192256
0.285572
0.127947
0.998208
0.133589
0.448861
0.402719
0.570698
0.944515
0.320495
0.076737
0.073979
0.594378
0.340266
0.170539
0.219449
0.360897
0.144531
0.000000
0.000000
0.000000
0.399654
0.322077
0.724640
0.331115
0.859939
0.232350
0.953962
0.266954
0.542261
0.347682
0.904401
0.412153
0.978764
0.000000
0.788976
0.708944
0.229685
0.231760
0.000000
0.268472
0.138514
0.687360
0.720816
0.830777
0.000000
0.075330
0.303766
0.369702
0.267253
0.847303
