0.243685
0.000000
0.568462
0.324824
0.325382
0.739475
0.000000
0.000000
0.701307
0.222480
0.065300
0.428972
0.099688
0.439460
0.035220
0.999433
0.000000
0.315216
0.966758
0.542199
0.910601
0.090300
0.212016
0.391158
0.522802
0.497047
0.147113
0.458409
0.342762
0.333269
0.344077
0.000000
0.061105
0.594372
0.612081
0.225993
0.276198
0.857023
0.524966
0.649394
0.570362
0.144229
0.752847
0.432288
0.882486
0.144212
0.431251
0.551605
0.243250
0.744689
0.335192
0.685951
0.644711
0.529507
0.121649
0.735023
0.920379
0.846532
0.867948
0.029963
0.793203
0.560880
0.341067
0.113838
0.522450
0.909863
0.433309
0.000000
0.000000
0.000000
0.329637
0.854553
0.655104
0.974652
0.205011
0.110804
0.508960
0.282670
0.547853
0.901782
0.829615
0.057111
0.738195
0.000000
0.568226
0.076298
0.514818
0.757436
0.000000
0.928640
0.401300
0.683862
0.275455
0.772759
0.000000
0.407423
0.938573
0.950360
0.211386
0.268858
