0.437690
0.000000
0.759927
0.849011
0.120887
0.415319
0.000000
0.000000
0.841771
0.640722
0.018835
0.616744
0.897216
0.054332
0.641834
0.489555
0.000000
0.015507
0.037049
0.904387
0.615112
0.469601
0.904685
0.159577
0.394986
0.872873
0.614529
0.470439
0.300277
0.410840
0.494506
0.000000
0.805274
0.088943
0.404474
0.897498
0.400639
0.200794
0.400130
0.327706
0.323761
0.544201
0.022026
0.755439
0.729252
0.499147
0.688604
0.451071
0.022576
0.345890
0.258077
0.771530
0.135566
0.882875
0.812389
0.603760
0.080954
0.573030
0.194113
0.466314
0.749391
0.163233
0.545656
0.899071
0.104675
0.866494
0.198092
0.000000
0.000000
0.000000
0.575354
0.095091
0.961687
0.878862
0.950657
0.962915
0.824947
0.436940
0.109245
0.560978
0.991661
0.927049
0.762589
0.000000
0.569198
0.318291
0.910245
0.342165
0.000000
0.882679
0.568935
0.007993
0.894205
0.861316
0.000000
0.153611
0.941232
0.292125
0.182232
0.941221
