0.015679
0.000000
0.496319
0.191081
0.730184
0.092478
0.000000
0.000000
0.787748
0.388434
0.352878
0.651898
0.298223
0.348684
0.001622
0.382427
0.000000
0.891663
0.065258
0.203948
0.933340
0.895894
0.599387
0.429566
0.397493
0.069249
0.767546
0.963070
0.877389
0.970464
0.364742
0.000000
0.322272
0.719079
0.074886
0.310210
0.917201
0.191888
0.091403
0.407732
0.796114
0.722126
0.540300
0.518543
0.803457
0.922003
0.716818
0.142393
0.324755
0.604424
0.688962
0.781927
0.407613
0.894914
0.876378
0.914142
0.863883
0.941393
0.500989
0.511919
0.256480
0.405460
0.195590
0.968446
0.920129
0.491414
0.013000
0.000000
0.000000
0.000000
0.136056
0.236933
0.187846
0.418602
0.797263
0.769596
0.790669
0.381136
0.225501
0.949550
0.496622
0.404426
0.978268
0.000000
0.636432
0.656191
0.908107
0.155516
0.000000
0.720110
0.412638
0.515339
0.352686
0.024489
0.000000
0.631882
0.614021
0.319582
0.468627
0.143676
