0.364806
0.000000
0.038798
0.251062
0.525302
0.136335
0.000000
0.000000
0.370406
0.228057
0.773984
0.029667
0.384649
0.663978
0.320617
0.660363
0.000000
0.719117
0.196596
0.133430
0.973003
0.313501
0.876817
0.161572
0.297800
0.435082
0.486524
0.624338
0.500942
0.723815
0.251624
0.000000
0.213525
0.070449
0.585014
0.750912
0.404607
0.464819
0.402136
0.687707
0.080834
0.067081
0.958369
0.047260
0.655896
0.353226
0.311376
0.362092
0.153237
0.846458
0.280486
0.536437
0.860769
0.876404
0.669730
0.972329
0.974695
0.402413
0.916232
0.011101
0.206410
0.726966
0.314390
0.624648
0.589972
0.977585
0.062082
0.000000
0.000000
0.000000
0.753652
0.820206
0.091124
0.985779
0.523158
0.862796
0.820343
0.980508
0.454807
0.761723
0.113090
0.263454
0.345854
0.000000
0.884069
0.586968
0.825008
0.479975
0.000000
0.202880
0.355939
0.802705
0.179629
0.303688
0.000000
0.023755
0.959569
0.637109
0.736178
0.960589
