0.179215
0.000000
0.785279
0.517672
0.898784
0.256011
0.000000
0.000000
0.191385
0.284669
0.805940
0.711287
0.317232
0.107812
0.004763
0.075190
0.000000
0.691429
0.094477
0.756087
0.808722
0.788295
0.241898
0.969671
0.521516
0.324663
0.881659
0.177031
0.289953
0.987525
0.282514
0.000000
0.747233
0.310423
0.259287
0.083150
0.645377
0.594189
0.168166
0.675883
0.479898
0.476534
0.297311
0.946152
0.590101
0.967561
0.954602
0.335417
0.210822
0.128732
0.939150
0.950294
0.045155
0.996485
0.479670
0.125951
0.631207
0.942968
0.487154
0.591194
0.785007
0.482169
0.547869
0.902617
0.160787
0.904149
0.112117
0.000000
0.000000
0.000000
0.386808
0.460522
0.012144
0.909023
0.472481
0.400512
0.910608
0.435229
0.311061
0.206693
0.962717
0.402955
0.836529
0.000000
0.898406
0.759036
0.022488
0.606840
0.000000
0.600404
0.728886
0.565407
0.169723
0.009493
0.000000
0.726268
0.682430
0.461504
0.781871
0.379060
