0.654415
0.000000
0.402688
0.479834
0.386544
0.908994
0.000000
0.000000
0.802530
0.338877
0.116414
0.871889
0.007571
0.024648
0.289030
0.701935
0.000000
0.675931
0.146133
0.392830
0.847894
0.378503
0.284851
0.021561
0.597580
0.895987
0.045393
0.951769
0.644704
0.808864
0.049262
0.000000
0.379971
0.059681
0.546337
0.981573
0.911086
0.378921
0.856820
0.369774
0.018985
0.700249
0.971076
0.409469
0.323569
0.200263
0.827189
0.651084
0.134293
0.563637
0.630741
0.832192
0.065637
0.661934
0.026486
0.974373
0.442822
0.625362
0.146030
0.636602
0.384279
0.700721
0.467858
0.318674
0.014256
0.621727
0.543583
0.000000
0.000000
0.000000
0.253399
0.208730
0.439535
0.904195
0.981641
0.962894
0.576276
0.470633
0.120657
0.263095
0.725368
0.046850
0.696835
0.000000
0.811276
0.189303
0.830565
0.793899
0.000000
0.729103
0.170754
0.052951
0.624646
0.563393
0.000000
0.208041
0.550122
0.216700
0.427423
0.622234
