0.507782
0.000000
0.072059
0.517019
0.785292
0.255258
0.000000
0.000000
0.705900
0.158213
0.379675
0.014550
0.217838
0.186300
0.240176
0.116990
0.000000
0.711392
0.238592
0.140318
0.198036
0.361706
0.635006
0.289380
0.292158
0.503956
0.207942
0.864098
0.697302
0.538299
0.684382
0.000000
0.622417
0.195636
0.157786
0.042188
0.341643
0.060443
0.739402
0.898540
0.044863
0.335324
0.999229
0.120653
0.691278
0.544845
0.689842
0.878545
0.401114
0.949360
0.107543
0.289631
0.362239
0.857074
0.193461
0.395937
0.939335
0.426852
0.313294
0.115201
0.570708
0.845742
0.409701
0.214250
0.515134
0.831913
0.073575
0.000000
0.000000
0.000000
0.709451
0.888021
0.926602
0.694341
0.293767
0.496038
0.439596
0.798626
0.491445
0.660330
0.369287
0.055062
0.039871
0.000000
0.253872
0.981917
0.448823
0.770778
0.000000
0.856236
0.111746
0.801747
0.335881
0.576827
0.000000
0.271814
0.704640
0.812895
0.557957
0.313333
