0.437690
0.654415
0.179215
0.015679
0.364806
0.507782
0.243685
0.659524
0.000000
0.000000
0.000000
0.000000
0.000000
0.000000
0.000000
0.000000
0.759927
0.402688
0.785279
0.496319
0.038798
0.072059
0.568462
0.710157
0.849011
0.479834
0.517672
0.191081
0.251062
0.517019
0.324824
0.250048
0.120887
0.386544
0.898784
0.730184
0.525302
0.785292
0.325382
0.120053
0.415319
0.908994
0.256011
0.092478
0.136335
0.255258
0.739475
0.926040
0.000000
0.000000
0.000000
0.000000
0.000000
0.000000
0.000000
0.000000
0.000000
0.000000
0.000000
0.000000
0.000000
0.000000
0.000000
0.000000
0.841771
0.802530
0.191385
0.787748
0.370406
0.705900
0.701307
0.315213
0.640722
0.338877
0.284669
0.388434
0.228057
0.158213
0.222480
0.087284
0.018835
0.116414
0.805940
0.352878
0.773984
0.379675
0.065300
0.012689
0.616744
0.871889
0.711287
0.651898
0.029667
0.014550
0.428972
0.265744
0.897216
0.007571
0.317232
0.298223
0.384649
0.217838
0.099688
0.180791
0.054332
0.024648
0.107812
0.348684
0.663978
0.186300
0.439460
0.303348
0.641834
0.289030
0.004763
0.001622
0.320617
0.240176
0.035220
0.110036
0.489555
0.701935
0.075190
0.382427
0.660363
0.116990
0.999433
0.956027
0.000000
0.000000
0.000000
0.000000
0.000000
0.000000
0.000000
0.000000
0.015507
0.675931
0.691429
0.891663
0.719117
0.711392
0.315216
0.806188
0.037049
0.146133
0.094477
0.065258
0.196596
0.238592
0.966758
0.509867
0.904387
0.392830
0.756087
0.203948
0.133430
0.140318
0.542199
0.931343
0.615112
0.847894
0.808722
0.933340
0.973003
0.198036
0.910601
0.611382
0.469601
0.378503
0.788295
0.895894
0.313501
0.361706
0.090300
0.289304
0.904685
0.284851
0.241898
0.599387
0.876817
0.635006
0.212016
0.089447
0.159577
0.021561
0.969671
0.429566
0.161572
0.289380
0.391158
0.165105
0.394986
0.597580
0.521516
0.397493
0.297800
0.292158
0.522802
0.733100
0.872873
0.895987
0.324663
0.069249
0.435082
0.503956
0.497047
0.354225
0.614529
0.045393
0.881659
0.767546
0.486524
0.207942
0.147113
0.754978
0.470439
0.951769
0.177031
0.963070
0.624338
0.864098
0.458409
0.613067
0.300277
0.644704
0.289953
0.877389
0.500942
0.697302
0.342762
0.282328
0.410840
0.808864
0.987525
0.970464
0.723815
0.538299
0.333269
0.956174
0.494506
0.049262
0.282514
0.364742
0.251624
0.684382
0.344077
0.046461
0.000000
0.000000
0.000000
0.000000
0.000000
0.000000
0.000000
0.000000
0.805274
0.379971
0.747233
0.322272
0.213525
0.622417
0.061105
0.813462
0.088943
0.059681
0.310423
0.719079
0.070449
0.195636
0.594372
0.746580
0.404474
0.546337
0.259287
0.074886
0.585014
0.157786
0.612081
0.877596
0.897498
0.981573
0.083150
0.310210
0.750912
0.042188
0.225993
0.644447
0.400639
0.911086
0.645377
0.917201
0.404607
0.341643
0.276198
0.363856
0.200794
0.378921
0.594189
0.191888
0.464819
0.060443
0.857023
0.992812
0.400130
0.856820
0.168166
0.091403
0.402136
0.739402
0.524966
0.474448
0.327706
0.369774
0.675883
0.407732
0.687707
0.898540
0.649394
0.850380
0.323761
0.018985
0.479898
0.796114
0.080834
0.044863
0.570362
0.574177
0.544201
0.700249
0.476534
0.722126
0.067081
0.335324
0.144229
0.213512
0.022026
0.971076
0.297311
0.540300
0.958369
0.999229
0.752847
0.836393
0.755439
0.409469
0.946152
0.518543
0.047260
0.120653
0.432288
0.138650
0.729252
0.323569
0.590101
0.803457
0.655896
0.691278
0.882486
0.380460
0.499147
0.200263
0.967561
0.922003
0.353226
0.544845
0.144212
0.244034
0.688604
0.827189
0.954602
0.716818
0.311376
0.689842
0.431251
0.696037
0.451071
0.651084
0.335417
0.142393
0.362092
0.878545
0.551605
0.926549
0.022576
0.134293
0.210822
0.324755
0.153237
0.401114
0.243250
0.101469
0.345890
0.563637
0.128732
0.604424
0.846458
0.949360
0.744689
0.192256
0.258077
0.630741
0.939150
0.688962
0.280486
0.107543
0.335192
0.285572
0.771530
0.832192
0.950294
0.781927
0.536437
0.289631
0.685951
0.127947
0.135566
0.065637
0.045155
0.407613
0.860769
0.362239
0.644711
0.998208
0.882875
0.661934
0.996485
0.894914
0.876404
0.857074
0.529507
0.133589
0.812389
0.026486
0.479670
0.876378
0.669730
0.193461
0.121649
0.448861
0.603760
0.974373
0.125951
0.914142
0.972329
0.395937
0.735023
0.402719
0.080954
0.442822
0.631207
0.863883
0.974695
0.939335
0.920379
0.570698
0.573030
0.625362
0.942968
0.941393
0.402413
0.426852
0.846532
0.944515
0.194113
0.146030
0.487154
0.500989
0.916232
0.313294
0.867948
0.320495
0.466314
0.636602
0.591194
0.511919
0.011101
0.115201
0.029963
0.076737
0.749391
0.384279
0.785007
0.256480
0.206410
0.570708
0.793203
0.073979
0.163233
0.700721
0.482169
0.405460
0.726966
0.845742
0.560880
0.594378
0.545656
0.467858
0.547869
0.195590
0.314390
0.409701
0.341067
0.340266
0.899071
0.318674
0.902617
0.968446
0.624648
0.214250
0.113838
0.170539
0.104675
0.014256
0.160787
0.920129
0.589972
0.515134
0.522450
0.219449
0.866494
0.621727
0.904149
0.491414
0.977585
0.831913
0.909863
0.360897
0.198092
0.543583
0.112117
0.013000
0.062082
0.073575
0.433309
0.144531
0.000000
0.000000
0.000000
0.000000
0.000000
0.000000
0.000000
0.000000
0.000000
0.000000
0.000000
0.000000
0.000000
0.000000
0.000000
0.000000
0.000000
0.000000
0.000000
0.000000
0.000000
0.000000
0.000000
0.000000
0.575354
0.253399
0.386808
0.136056
0.753652
0.709451
0.329637
0.399654
0.095091
0.208730
0.460522
0.236933
0.820206
0.888021
0.854553
0.322077
0.961687
0.439535
0.012144
0.187846
0.091124
0.926602
0.655104
0.724640
0.878862
0.904195
0.909023
0.418602
0.985779
0.694341
0.974652
0.331115
0.950657
0.981641
0.472481
0.797263
0.523158
0.293767
0.205011
0.859939
0.962915
0.962894
0.400512
0.769596
0.862796
0.496038
0.110804
0.232350
0.824947
0.576276
0.910608
0.790669
0.820343
0.439596
0.508960
0.953962
0.436940
0.470633
0.435229
0.381136
0.980508
0.798626
0.282670
0.266954
0.109245
0.120657
0.311061
0.225501
0.454807
0.491445
0.547853
0.542261
0.560978
0.263095
0.206693
0.949550
0.761723
0.660330
0.901782
0.347682
0.991661
0.725368
0.962717
0.496622
0.113090
0.369287
0.829615
0.904401
0.927049
0.046850
0.402955
0.404426
0.263454
0.055062
0.057111
0.412153
0.762589
0.696835
0.836529
0.978268
0.345854
0.039871
0.738195
0.978764
0.000000
0.000000
0.000000
0.000000
0.000000
0.000000
0.000000
0.000000
0.569198
0.811276
0.898406
0.636432
0.884069
0.253872
0.568226
0.788976
0.318291
0.189303
0.759036
0.656191
0.586968
0.981917
0.076298
0.708944
0.910245
0.830565
0.022488
0.908107
0.825008
0.448823
0.514818
0.229685
0.342165
0.793899
0.606840
0.155516
0.479975
0.770778
0.757436
0.231760
0.000000
0.000000
0.000000
0.000000
0.000000
0.000000
0.000000
0.000000
0.882679
0.729103
0.600404
0.720110
0.202880
0.856236
0.928640
0.268472
0.568935
0.170754
0.728886
0.412638
0.355939
0.111746
0.401300
0.138514
0.007993
0.052951
0.565407
0.515339
0.802705
0.801747
0.683862
0.687360
0.894205
0.624646
0.169723
0.352686
0.179629
0.335881
0.275455
0.720816
0.861316
0.563393
0.009493
0.024489
0.303688
0.576827
0.772759
0.830777
0.000000
0.000000
0.000000
0.000000
0.000000
0.000000
0.000000
0.000000
0.153611
0.208041
0.726268
0.631882
0.023755
0.271814
0.407423
0.075330
0.941232
0.550122
0.682430
0.614021
0.959569
0.704640
0.938573
0.303766
0.292125
0.216700
0.461504
0.319582
0.637109
0.812895
0.950360
0.369702
0.182232
0.427423
0.781871
0.468627
0.736178
0.557957
0.211386
0.267253
0.941221
0.622234
0.379060
0.143676
0.960589
0.313333
0.268858
0.847303
