0.330811
0.391056
0.003152
0.522782
0.743492
0.073730
0.217386
0.438090
0.241151
0.234546
0.201100
0.493148
0.430983
0.537620
0.770194
0.923815
0.889315
0.030812
0.232546
0.132769
0.459929
0.688118
0.477206
0.253938
0.997925
0.169621
0.055003
0.254004
0.143739
0.917960
0.970274
0.112398
0.174679
0.469987
0.250797
0.548010
0.594994
0.575866
0.471924
0.193020
0.982857
0.666104
0.595233
0.456594
0.828209
0.366944
0.733593
0.282975
0.327605
0.771478
0.636146
0.827206
0.451448
0.107279
0.075937
0.463133
0.217462
0.052598
0.881178
0.107984
0.482065
0.967175
0.597361
0.354456
0.621816
0.031964
0.033965
0.049832
0.271068
0.545727
0.360849
0.983129
0.537616
0.864222
0.686937
0.915848
0.606336
0.605043
0.213724
0.454897
0.985476
0.484818
0.137343
0.034724
0.777615
0.655265
0.645110
0.910528
0.883415
0.776947
0.925018
0.884023
0.405172
0.901670
0.889561
0.066768
0.688673
0.258760
0.499698
0.302416
