0.033047
0.546649
0.126951
0.335481
0.351374
0.405723
0.762316
0.084672
0.718023
0.852784
0.965828
0.967509
0.680054
0.196532
0.728462
0.587357
0.932623
0.280814
0.658741
0.528625
0.440355
0.674415
0.000000
0.990294
0.903148
0.843231
0.017567
0.834453
0.628998
0.909146
0.522977
0.000000
0.893888
0.000000
0.984603
0.652634
0.139581
0.431981
0.762587
0.942726
0.319662
0.242748
0.302359
0.333308
0.000000
0.000000
0.595650
0.076380
0.192166
0.979123
0.000000
0.000000
0.886719
0.406195
0.855975
0.404682
0.503890
0.920075
0.613206
0.090778
0.943889
0.905635
0.102305
0.949965
0.840562
0.906872
0.584893
0.949932
0.378528
0.993515
0.462702
0.973756
0.461485
0.106139
0.490311
0.641088
0.795920
0.885855
0.966782
0.315065
0.449586
0.000000
0.000000
0.000000
0.788550
0.305504
0.247598
0.118702
0.175854
0.436687
0.705493
0.153296
0.673765
0.229517
0.639182
0.205896
0.257597
0.785891
0.939992
0.619254
