0.135027
0.534646
0.062542
0.400117
0.071403
0.575131
0.551338
0.169595
0.279804
0.516128
0.969074
0.621155
0.911953
0.924229
0.388644
0.450138
0.792426
0.449519
0.148618
0.621615
0.846828
0.845427
0.000000
0.539170
0.634900
0.772585
0.157617
0.816232
0.169605
0.721556
0.802338
0.000000
0.551116
0.000000
0.989162
0.873524
0.133086
0.078668
0.717302
0.875735
0.737467
0.072766
0.131580
0.954104
0.000000
0.000000
0.780046
0.170839
0.126923
0.732300
0.000000
0.000000
0.527187
0.895654
0.597238
0.616149
0.775742
0.591233
0.220784
0.040045
0.506192
0.712336
0.027832
0.987186
0.954833
0.458968
0.740044
0.651136
0.497431
0.927066
0.110215
0.774357
0.702040
0.442395
0.494886
0.702555
0.525470
0.997028
0.958442
0.569133
0.428395
0.000000
0.000000
0.000000
0.472069
0.860558
0.154049
0.412746
0.630578
0.934207
0.304560
0.099204
0.551256
0.601209
0.957704
0.664272
0.182382
0.867133
0.592437
0.594068
