0.606759
0.600870
0.396294
0.657564
0.330949
0.989174
0.196876
0.031062
0.356558
0.176929
0.572760
0.943001
0.614811
0.342542
0.976941
0.516042
0.114868
0.159359
0.355699
0.352555
0.287833
0.577590
0.000000
0.165727
0.532190
0.242961
0.387937
0.212154
0.606460
0.537245
0.983319
0.000000
0.749522
0.000000
0.372653
0.645040
0.188661
0.302418
0.586618
0.801918
0.300130
0.348585
0.121215
0.435189
0.000000
0.000000
0.518424
0.039270
0.770517
0.763675
0.000000
0.000000
0.133532
0.855102
0.540310
0.469025
0.871015
0.620518
0.427226
0.149855
0.325837
0.671761
0.775034
0.100176
0.380824
0.489247
0.864401
0.863620
0.929281
0.445671
0.932550
0.494963
0.855474
0.268544
0.279581
0.646510
0.811902
0.564370
0.670621
0.191809
0.051712
0.000000
0.000000
0.000000
0.520912
0.089434
0.143922
0.848172
0.299828
0.709638
0.642482
0.447809
0.226589
0.597254
0.384459
0.307967
0.240308
0.788535
0.275812
0.522730
