0.078948
0.687022
0.065291
0.279922
0.171532
0.426477
0.921474
0.164737
0.571680
0.602627
0.901987
0.814845
0.413248
0.353070
0.808017
0.376937
0.593170
0.319028
0.483762
0.543109
0.498297
0.913207
0.000000
0.730761
0.969604
0.766369
0.015482
0.945904
0.557991
0.783487
0.745998
0.000000
0.782495
0.000000
0.998229
0.968681
0.103797
0.163353
0.909293
0.891772
0.352521
0.197243
0.344518
0.469081
0.000000
0.000000
0.691441
0.084063
0.220850
0.758906
0.000000
0.000000
0.862524
0.301660
0.892489
0.358679
0.427334
0.820271
0.412062
0.057028
0.462253
0.654808
0.056155
0.906013
0.970476
0.786110
0.604556
0.789625
0.500555
0.994034
0.447255
0.983904
0.661761
0.279203
0.568705
0.943545
0.557176
1.000000
0.562680
0.473624
0.500451
0.000000
0.000000
0.000000
0.794549
0.582250
0.108302
0.190411
0.172958
0.633376
0.577170
0.085498
0.521877
0.256807
0.720981
0.297434
0.229156
0.860531
0.679815
0.871623
