0.133033
0.757905
0.071092
0.337365
0.072896
0.438511
0.778382
0.214282
0.415950
0.504501
0.937860
0.744756
0.528610
0.659899
0.493291
0.392510
0.650342
0.411418
0.273599
0.645531
0.506611
0.638040
0.000000
0.459498
0.699658
0.758342
0.074313
0.991600
0.330446
0.787025
0.877387
0.000000
0.806987
0.000000
0.952229
0.941725
0.152792
0.099841
0.821932
0.910672
0.451052
0.134720
0.248501
0.995749
0.000000
0.000000
0.557812
0.152021
0.141133
0.602348
0.000000
0.000000
0.596554
0.490059
0.617365
0.484805
0.505195
0.766136
0.220311
0.068791
0.396607
0.650230
0.031377
0.962984
0.989691
0.595149
0.745496
0.685794
0.515100
0.988893
0.231435
0.770968
0.901714
0.462460
0.488523
0.772324
0.515658
0.859929
0.598189
0.570406
0.491480
0.000000
0.000000
0.000000
0.982186
0.769171
0.103182
0.320400
0.377633
0.806340
0.350176
0.100315
0.451918
0.483154
0.900154
0.301013
0.246092
0.965209
0.499292
0.996571
