0.053735
0.715584
0.155757
0.264706
0.348262
0.636460
0.598504
0.099438
0.843195
0.719582
0.644233
0.898473
0.914572
0.093118
0.408785
0.714391
0.696442
0.207344
0.832100
0.516568
0.197660
0.947778
0.000000
0.764748
0.988581
0.924520
0.059689
0.754585
0.662101
0.873232
0.774345
0.000000
0.886000
0.000000
0.835213
0.661709
0.246177
0.582737
0.740925
0.786401
0.299132
0.232854
0.259422
0.502451
0.000000
0.000000
0.713353
0.113663
0.262802
0.930836
0.000000
0.000000
0.815430
0.430092
0.920084
0.427486
0.408150
0.794666
0.673967
0.136138
0.546903
0.700654
0.103224
0.574594
0.850056
0.874892
0.767391
0.936765
0.559132
0.957002
0.425521
0.995164
0.506134
0.047119
0.355180
0.526351
0.800649
0.710519
0.716455
0.296004
0.536429
0.000000
0.000000
0.000000
0.776299
0.268358
0.328231
0.237614
0.201892
0.310036
0.758509
0.220534
0.654501
0.322694
0.339243
0.126315
0.293522
0.807223
0.638791
0.889667
