0.923971
0.080598
0.977142
0.941320
0.664845
0.232077
0.694972
0.284777
0.590130
0.972766
0.456977
0.578355
0.339175
0.164896
0.527543
0.617650
0.271800
0.282163
0.325323
0.109153
0.225086
0.578979
0.000000
0.722362
0.422209
0.606255
0.651547
0.614799
0.387812
0.938477
0.782386
0.000000
0.746100
0.000000
0.574518
0.892111
0.963735
0.830606
0.601384
0.137538
0.092557
0.338643
0.698160
0.542185
0.000000
0.000000
0.035059
0.238341
0.233139
0.555350
0.000000
0.000000
0.908714
0.179814
0.901925
0.174110
0.992678
0.831330
0.958332
0.523971
0.437211
0.076695
0.096962
0.791010
0.746055
0.944050
0.572750
0.866756
0.422832
0.922568
0.173674
0.273756
0.154874
0.287775
0.301498
0.648131
0.225835
0.942273
0.962657
0.743130
0.110961
0.000000
0.000000
0.000000
0.863971
0.313700
0.875504
0.457469
0.420303
0.571112
0.613523
0.478589
0.925833
0.499377
0.530861
0.236695
0.593976
0.550258
0.442925
0.179090
