0.381108
0.555392
0.157998
0.292733
0.773319
0.297445
0.596677
0.492014
0.160724
0.950925
0.081755
0.620351
0.123058
0.147641
0.210728
0.256839
0.104917
0.558139
0.616291
0.438775
0.989583
0.411253
0.000000
0.592914
0.877164
0.599776
0.258539
0.653783
0.898574
0.696824
0.657314
0.000000
0.097121
0.000000
0.357527
0.257427
0.051295
0.505561
0.644887
0.432497
0.190228
0.644636
0.402899
0.470156
0.000000
0.000000
0.323678
0.982471
0.101046
0.794572
0.000000
0.000000
0.899292
1.000000
0.818619
0.052472
0.305047
0.299848
0.880211
0.641410
0.135973
0.520753
0.490519
0.747723
0.002678
0.101771
0.345768
0.074250
0.666895
0.331800
0.332152
0.623433
0.661682
0.126956
0.959631
0.765795
0.300192
0.398275
0.712637
0.874816
0.162255
0.000000
0.000000
0.000000
0.804844
0.088223
0.192378
0.283116
0.343241
0.380050
0.107803
0.811070
0.030656
0.647263
0.368669
0.915059
0.964347
0.360171
0.395939
0.683382
