0.924646
0.221273
0.136732
0.260610
0.513624
0.205047
0.836803
0.455910
0.407757
0.449638
0.935794
0.438675
0.352362
0.318469
0.532350
0.574645
0.158530
0.121293
0.895676
0.693843
0.304673
0.164282
0.000000
0.939219
0.628678
0.868730
0.709434
0.793330
0.440813
0.525221
0.691409
0.000000
0.375006
0.000000
0.500087
0.992238
0.699839
0.902306
0.924576
0.146617
0.784939
0.927771
0.853992
0.725612
0.000000
0.000000
0.039605
0.758643
0.231688
0.749087
0.000000
0.000000
0.742565
0.418032
0.803213
0.047275
0.577876
0.869350
0.408849
0.292681
0.306898
0.133376
0.656785
0.452730
0.216565
0.759567
0.844887
0.612843
0.658806
0.886567
0.824600
0.746664
0.590236
0.364678
0.818423
0.462642
0.872881
0.829938
0.697550
0.318573
0.395828
0.000000
0.000000
0.000000
0.996274
0.154587
0.105723
0.143077
0.958649
0.724770
0.809291
0.530785
0.891024
0.754725
0.782935
0.387310
0.310736
0.628249
0.200673
0.369928
