0.774313
0.130991
0.184290
0.457782
0.905934
0.467866
0.689024
0.174006
0.329731
0.711923
0.704759
0.521064
0.424958
0.268707
0.520568
0.495912
0.241847
0.134053
0.907937
0.342047
0.180091
0.322952
0.000000
0.731627
0.493917
0.872619
0.879672
0.935006
0.251315
0.829601
0.865797
0.000000
0.844126
0.000000
0.281285
0.884039
0.841195
0.922386
0.833355
0.082202
0.388162
0.712142
0.704915
0.515690
0.000000
0.000000
0.047778
0.722437
0.234932
0.890698
0.000000
0.000000
0.870426
0.688185
0.589293
0.109048
0.596543
0.544619
0.505666
0.253498
0.282692
0.063360
0.288807
0.679540
0.515342
0.835185
0.955772
0.879139
0.498810
0.928398
0.874557
0.734271
0.160210
0.284156
0.512702
0.535652
0.680207
0.778274
0.955126
0.387662
0.349253
0.000000
0.000000
0.000000
0.901678
0.099883
0.269411
0.203677
0.864669
0.413306
0.482933
0.476368
0.953607
0.661468
0.461127
0.604807
0.404066
0.427758
0.118452
0.453787
