0.251338
0.367848
0.167325
0.130194
0.394129
0.760516
0.646098
0.030703
0.559319
0.191079
0.450497
0.895852
0.755167
0.125737
0.831567
0.586914
0.247736
0.093441
0.710910
0.513958
0.226783
0.660395
0.000000
0.145093
0.501562
0.649354
0.184307
0.338406
0.781879
0.727481
0.929022
0.000000
0.779263
0.000000
0.422852
0.958690
0.189688
0.452286
0.953551
0.581210
0.258434
0.261824
0.124691
0.449219
0.000000
0.000000
0.517413
0.026043
0.565439
0.748800
0.000000
0.000000
0.725659
0.366282
0.617104
0.731789
0.929257
0.659389
0.516541
0.096591
0.489975
0.411901
0.865021
0.195462
0.828728
0.613234
0.940686
0.773134
0.847361
0.353243
0.754532
0.499677
0.927475
0.070053
0.379788
0.534156
0.784078
0.850185
0.518838
0.108964
0.303937
0.000000
0.000000
0.000000
0.410385
0.079415
0.263834
0.863663
0.771809
0.418420
0.915771
0.143398
0.508966
0.602034
0.253912
0.166574
0.284860
0.830506
0.273845
0.991090
