0.097882
0.557128
0.114295
0.126069
0.352598
0.824256
0.860191
0.096325
0.896172
0.364289
0.541273
0.942334
0.869167
0.052597
0.293642
0.600411
0.512900
0.111554
0.844072
0.446423
0.197741
0.828950
0.000000
0.414562
0.689743
0.904624
0.118373
0.552963
0.705038
0.863042
0.931826
0.000000
0.981472
0.000000
0.525401
0.826739
0.233639
0.472707
0.933605
0.436115
0.280205
0.194633
0.159676
0.490044
0.000000
0.000000
0.727724
0.064641
0.400404
0.882642
0.000000
0.000000
0.858268
0.230398
0.652978
0.571270
0.552509
0.899905
0.653749
0.077043
0.529356
0.445557
0.225209
0.891922
0.747803
0.673888
0.850360
0.871954
0.944416
0.713759
0.645292
0.715649
0.697658
0.029136
0.378842
0.402948
0.922852
0.546038
0.501042
0.210045
0.628537
0.000000
0.000000
0.000000
0.712213
0.173722
0.362029
0.568271
0.431189
0.319573
0.823175
0.119103
0.519286
0.421770
0.146795
0.149207
0.294884
0.761672
0.351150
0.927307
