0.470052
0.868094
0.323434
0.375317
0.363750
0.110352
0.416967
0.862842
0.662797
0.957493
0.255022
0.745188
0.192064
0.166191
0.230333
0.574708
0.116498
0.370515
0.332993
0.476422
0.656497
0.353314
0.000000
0.572136
0.702654
0.430153
0.247048
0.777568
0.487774
0.507989
0.313058
0.000000
0.068245
0.000000
0.563665
0.234514
0.094503
0.659481
0.889586
0.156723
0.233660
0.327114
0.942539
0.995247
0.000000
0.000000
0.210000
0.809541
0.061777
0.322337
0.000000
0.000000
0.972799
0.270651
0.596393
0.038930
0.681293
0.270862
0.982646
0.797227
0.251076
0.317893
0.664435
0.706275
0.007860
0.172714
0.631012
0.083785
0.859116
0.391977
0.865581
0.752784
0.533418
0.403839
0.906945
0.780670
0.554041
0.880180
0.810928
0.450278
0.091193
0.000000
0.000000
0.000000
0.926122
0.137255
0.165723
0.218953
0.475968
0.619572
0.286875
0.325438
0.106906
0.384723
0.594000
0.622265
0.587855
0.838985
0.302018
0.368842
