0.858498
0.072414
0.977791
0.805692
0.974279
0.370832
0.274876
0.515391
0.473364
0.893131
0.471903
0.812230
0.184003
0.350925
0.770740
0.756613
0.264962
0.409194
0.421386
0.089122
0.734734
0.438047
0.000000
0.889095
0.257233
0.367347
0.277757
0.572972
0.389138
0.924716
0.476809
0.000000
0.650529
0.000000
0.490907
0.637420
0.856266
0.612803
0.530702
0.624467
0.219346
0.271010
0.334092
0.464969
0.000000
0.000000
0.080574
0.255242
0.093575
0.677598
0.000000
0.000000
0.967355
0.220604
0.767632
0.420541
0.763475
0.777565
0.948999
0.963962
0.895384
0.081528
0.067117
0.809622
0.893793
0.831519
0.427418
0.811789
0.638529
0.436533
0.453626
0.257008
0.235151
0.514877
0.217750
0.812361
0.112742
0.974742
0.875775
0.497628
0.148598
0.000000
0.000000
0.000000
0.824526
0.296867
0.790159
0.679819
0.251659
0.350228
0.581885
0.738856
0.739791
0.202508
0.305203
0.174883
0.930887
0.503366
0.245952
0.082542
