0.983891
0.059223
0.962179
0.916186
0.803472
0.274710
0.455429
0.392231
0.514473
0.892553
0.557207
0.594764
0.241904
0.347978
0.627868
0.663920
0.298905
0.386297
0.339339
0.062974
0.552961
0.628189
0.000000
0.929438
0.356357
0.449381
0.418286
0.602280
0.335140
0.945005
0.584376
0.000000
0.622858
0.000000
0.631751
0.714730
0.843413
0.853639
0.527906
0.411347
0.142999
0.226304
0.403788
0.496940
0.000000
0.000000
0.064679
0.243696
0.095690
0.682556
0.000000
0.000000
0.909809
0.196752
0.703079
0.239867
0.774737
0.721152
0.883987
0.968027
0.661779
0.081977
0.062546
0.895064
0.859836
0.896037
0.485866
0.788038
0.504905
0.645948
0.177635
0.255847
0.140462
0.325269
0.183377
0.900900
0.103523
0.941518
0.905375
0.629785
0.097077
0.000000
0.000000
0.000000
0.977097
0.339485
0.686287
0.639317
0.409765
0.617392
0.553649
0.610611
0.997234
0.380732
0.455350
0.175240
0.858025
0.588104
0.389092
0.069040
