0.812025
0.463391
0.342288
0.338051
0.367218
0.089945
0.588900
0.785167
0.724657
0.457391
0.464927
0.487185
0.202551
0.245987
0.370495
0.818559
0.070275
0.218099
0.474355
0.792145
0.393934
0.056230
0.000000
0.551533
0.700964
0.638836
0.889683
0.763512
0.738474
0.517519
0.270768
0.000000
0.139318
0.000000
0.636711
0.657651
0.328313
0.939220
0.750389
0.209959
0.554909
0.423528
0.982182
0.729298
0.000000
0.000000
0.083865
0.626696
0.101602
0.336720
0.000000
0.000000
0.584302
0.175357
0.568362
0.030746
0.784287
0.484964
0.595596
0.399578
0.418968
0.195216
0.742827
0.332632
0.041698
0.357367
0.914409
0.239881
0.956142
0.735687
0.664505
0.864395
0.672111
0.511255
0.927854
0.576682
0.996025
0.863665
0.731479
0.369020
0.179128
0.000000
0.000000
0.000000
0.938346
0.193389
0.129585
0.187147
0.928896
0.910695
0.775216
0.288071
0.683070
0.796840
0.887669
0.390562
0.298581
0.934771
0.308524
0.300751
