0.913630
0.099371
0.598854
0.866096
0.973354
0.339947
0.627101
0.170686
0.476189
0.896648
0.537996
0.488648
0.335928
0.118807
0.526103
0.563303
0.242433
0.199250
0.518899
0.212098
0.131617
0.487197
0.000000
0.679147
0.378708
0.861323
0.815149
0.791536
0.364998
0.983933
0.844186
0.000000
0.855933
0.000000
0.295124
0.864436
0.969334
0.829437
0.626713
0.055563
0.158905
0.515160
0.859574
0.436739
0.000000
0.000000
0.028372
0.417069
0.276718
0.656412
0.000000
0.000000
0.959423
0.409681
0.589073
0.155173
0.912620
0.853040
0.674262
0.265272
0.417633
0.046417
0.127383
0.947693
0.736141
0.894791
0.704664
0.966609
0.383567
0.974063
0.487930
0.503548
0.159931
0.299279
0.367897
0.566577
0.443785
0.994458
0.996308
0.584884
0.192406
0.000000
0.000000
0.000000
0.937650
0.162225
0.663110
0.350282
0.575307
0.358496
0.852921
0.412300
0.938694
0.515850
0.477339
0.614382
0.475045
0.486364
0.194347
0.445506
