0.900427
0.942670
0.428357
0.947098
0.324147
0.912666
0.098791
0.079942
0.347889
0.218355
0.488508
0.710255
0.379778
0.459883
0.841285
0.296531
0.016318
0.506215
0.396417
0.186030
0.619789
0.914649
0.000000
0.793117
0.362709
0.220819
0.731308
0.279916
0.884181
0.608609
0.842123
0.000000
0.844126
0.000000
0.223940
0.447681
0.171901
0.229509
0.302090
0.340527
0.347940
0.328173
0.094345
0.386123
0.000000
0.000000
0.645110
0.121386
0.256557
0.965386
0.000000
0.000000
0.042018
0.751780
0.528280
0.236237
0.508149
0.867847
0.664820
0.178485
0.278217
1.000000
0.353330
0.072269
0.041848
0.151602
0.955772
0.827293
0.644686
0.666228
0.718211
0.489551
0.760140
0.783003
0.316247
0.410670
0.991112
0.296317
0.735647
0.800987
0.053232
0.000000
0.000000
0.000000
0.901678
0.086164
0.174497
0.570568
0.289136
0.829789
0.554367
1.000000
0.065871
0.605429
0.408759
0.740016
0.516897
0.988768
0.294345
0.317881
