0.858498
0.983891
0.923971
0.913630
0.774313
0.924646
0.812025
0.470052
0.381108
0.900427
0.606759
0.251338
0.097882
0.053735
0.033047
0.078948
0.133033
0.135027
0.072414
0.059223
0.080598
0.099371
0.130991
0.221273
0.463391
0.868094
0.555392
0.942670
0.600870
0.367848
0.557128
0.715584
0.546649
0.687022
0.757905
0.534646
0.977791
0.962179
0.977142
0.598854
0.184290
0.136732
0.342288
0.323434
0.157998
0.428357
0.396294
0.167325
0.114295
0.155757
0.126951
0.065291
0.071092
0.062542
0.805692
0.916186
0.941320
0.866096
0.457782
0.260610
0.338051
0.375317
0.292733
0.947098
0.657564
0.130194
0.126069
0.264706
0.335481
0.279922
0.337365
0.400117
0.974279
0.803472
0.664845
0.973354
0.905934
0.513624
0.367218
0.363750
0.773319
0.324147
0.330949
0.394129
0.352598
0.348262
0.351374
0.171532
0.072896
0.071403
0.370832
0.274710
0.232077
0.339947
0.467866
0.205047
0.089945
0.110352
0.297445
0.912666
0.989174
0.760516
0.824256
0.636460
0.405723
0.426477
0.438511
0.575131
0.274876
0.455429
0.694972
0.627101
0.689024
0.836803
0.588900
0.416967
0.596677
0.098791
0.196876
0.646098
0.860191
0.598504
0.762316
0.921474
0.778382
0.551338
0.515391
0.392231
0.284777
0.170686
0.174006
0.455910
0.785167
0.862842
0.492014
0.079942
0.031062
0.030703
0.096325
0.099438
0.084672
0.164737
0.214282
0.169595
0.473364
0.514473
0.590130
0.476189
0.329731
0.407757
0.724657
0.662797
0.160724
0.347889
0.356558
0.559319
0.896172
0.843195
0.718023
0.571680
0.415950
0.279804
0.893131
0.892553
0.972766
0.896648
0.711923
0.449638
0.457391
0.957493
0.950925
0.218355
0.176929
0.191079
0.364289
0.719582
0.852784
0.602627
0.504501
0.516128
0.471903
0.557207
0.456977
0.537996
0.704759
0.935794
0.464927
0.255022
0.081755
0.488508
0.572760
0.450497
0.541273
0.644233
0.965828
0.901987
0.937860
0.969074
0.812230
0.594764
0.578355
0.488648
0.521064
0.438675
0.487185
0.745188
0.620351
0.710255
0.943001
0.895852
0.942334
0.898473
0.967509
0.814845
0.744756
0.621155
0.184003
0.241904
0.339175
0.335928
0.424958
0.352362
0.202551
0.192064
0.123058
0.379778
0.614811
0.755167
0.869167
0.914572
0.680054
0.413248
0.528610
0.911953
0.350925
0.347978
0.164896
0.118807
0.268707
0.318469
0.245987
0.166191
0.147641
0.459883
0.342542
0.125737
0.052597
0.093118
0.196532
0.353070
0.659899
0.924229
0.770740
0.627868
0.527543
0.526103
0.520568
0.532350
0.370495
0.230333
0.210728
0.841285
0.976941
0.831567
0.293642
0.408785
0.728462
0.808017
0.493291
0.388644
0.756613
0.663920
0.617650
0.563303
0.495912
0.574645
0.818559
0.574708
0.256839
0.296531
0.516042
0.586914
0.600411
0.714391
0.587357
0.376937
0.392510
0.450138
0.264962
0.298905
0.271800
0.242433
0.241847
0.158530
0.070275
0.116498
0.104917
0.016318
0.114868
0.247736
0.512900
0.696442
0.932623
0.593170
0.650342
0.792426
0.409194
0.386297
0.282163
0.199250
0.134053
0.121293
0.218099
0.370515
0.558139
0.506215
0.159359
0.093441
0.111554
0.207344
0.280814
0.319028
0.411418
0.449519
0.421386
0.339339
0.325323
0.518899
0.907937
0.895676
0.474355
0.332993
0.616291
0.396417
0.355699
0.710910
0.844072
0.832100
0.658741
0.483762
0.273599
0.148618
0.089122
0.062974
0.109153
0.212098
0.342047
0.693843
0.792145
0.476422
0.438775
0.186030
0.352555
0.513958
0.446423
0.516568
0.528625
0.543109
0.645531
0.621615
0.734734
0.552961
0.225086
0.131617
0.180091
0.304673
0.393934
0.656497
0.989583
0.619789
0.287833
0.226783
0.197741
0.197660
0.440355
0.498297
0.506611
0.846828
0.438047
0.628189
0.578979
0.487197
0.322952
0.164282
0.056230
0.353314
0.411253
0.914649
0.577590
0.660395
0.828950
0.947778
0.674415
0.913207
0.638040
0.845427
0.000000
0.000000
0.000000
0.000000
0.000000
0.000000
0.000000
0.000000
0.000000
0.000000
0.000000
0.000000
0.000000
0.000000
0.000000
0.000000
0.000000
0.000000
0.889095
0.929438
0.722362
0.679147
0.731627
0.939219
0.551533
0.572136
0.592914
0.793117
0.165727
0.145093
0.414562
0.764748
0.990294
0.730761
0.459498
0.539170
0.257233
0.356357
0.422209
0.378708
0.493917
0.628678
0.700964
0.702654
0.877164
0.362709
0.532190
0.501562
0.689743
0.988581
0.903148
0.969604
0.699658
0.634900
0.367347
0.449381
0.606255
0.861323
0.872619
0.868730
0.638836
0.430153
0.599776
0.220819
0.242961
0.649354
0.904624
0.924520
0.843231
0.766369
0.758342
0.772585
0.277757
0.418286
0.651547
0.815149
0.879672
0.709434
0.889683
0.247048
0.258539
0.731308
0.387937
0.184307
0.118373
0.059689
0.017567
0.015482
0.074313
0.157617
0.572972
0.602280
0.614799
0.791536
0.935006
0.793330
0.763512
0.777568
0.653783
0.279916
0.212154
0.338406
0.552963
0.754585
0.834453
0.945904
0.991600
0.816232
0.389138
0.335140
0.387812
0.364998
0.251315
0.440813
0.738474
0.487774
0.898574
0.884181
0.606460
0.781879
0.705038
0.662101
0.628998
0.557991
0.330446
0.169605
0.924716
0.945005
0.938477
0.983933
0.829601
0.525221
0.517519
0.507989
0.696824
0.608609
0.537245
0.727481
0.863042
0.873232
0.909146
0.783487
0.787025
0.721556
0.476809
0.584376
0.782386
0.844186
0.865797
0.691409
0.270768
0.313058
0.657314
0.842123
0.983319
0.929022
0.931826
0.774345
0.522977
0.745998
0.877387
0.802338
0.000000
0.000000
0.000000
0.000000
0.000000
0.000000
0.000000
0.000000
0.000000
0.000000
0.000000
0.000000
0.000000
0.000000
0.000000
0.000000
0.000000
0.000000
0.650529
0.622858
0.746100
0.855933
0.844126
0.375006
0.139318
0.068245
0.097121
0.844126
0.749522
0.779263
0.981472
0.886000
0.893888
0.782495
0.806987
0.551116
0.000000
0.000000
0.000000
0.000000
0.000000
0.000000
0.000000
0.000000
0.000000
0.000000
0.000000
0.000000
0.000000
0.000000
0.000000
0.000000
0.000000
0.000000
0.490907
0.631751
0.574518
0.295124
0.281285
0.500087
0.636711
0.563665
0.357527
0.223940
0.372653
0.422852
0.525401
0.835213
0.984603
0.998229
0.952229
0.989162
0.637420
0.714730
0.892111
0.864436
0.884039
0.992238
0.657651
0.234514
0.257427
0.447681
0.645040
0.958690
0.826739
0.661709
0.652634
0.968681
0.941725
0.873524
0.856266
0.843413
0.963735
0.969334
0.841195
0.699839
0.328313
0.094503
0.051295
0.171901
0.188661
0.189688
0.233639
0.246177
0.139581
0.103797
0.152792
0.133086
0.612803
0.853639
0.830606
0.829437
0.922386
0.902306
0.939220
0.659481
0.505561
0.229509
0.302418
0.452286
0.472707
0.582737
0.431981
0.163353
0.099841
0.078668
0.530702
0.527906
0.601384
0.626713
0.833355
0.924576
0.750389
0.889586
0.644887
0.302090
0.586618
0.953551
0.933605
0.740925
0.762587
0.909293
0.821932
0.717302
0.624467
0.411347
0.137538
0.055563
0.082202
0.146617
0.209959
0.156723
0.432497
0.340527
0.801918
0.581210
0.436115
0.786401
0.942726
0.891772
0.910672
0.875735
0.219346
0.142999
0.092557
0.158905
0.388162
0.784939
0.554909
0.233660
0.190228
0.347940
0.300130
0.258434
0.280205
0.299132
0.319662
0.352521
0.451052
0.737467
0.271010
0.226304
0.338643
0.515160
0.712142
0.927771
0.423528
0.327114
0.644636
0.328173
0.348585
0.261824
0.194633
0.232854
0.242748
0.197243
0.134720
0.072766
0.334092
0.403788
0.698160
0.859574
0.704915
0.853992
0.982182
0.942539
0.402899
0.094345
0.121215
0.124691
0.159676
0.259422
0.302359
0.344518
0.248501
0.131580
0.464969
0.496940
0.542185
0.436739
0.515690
0.725612
0.729298
0.995247
0.470156
0.386123
0.435189
0.449219
0.490044
0.502451
0.333308
0.469081
0.995749
0.954104
0.000000
0.000000
0.000000
0.000000
0.000000
0.000000
0.000000
0.000000
0.000000
0.000000
0.000000
0.000000
0.000000
0.000000
0.000000
0.000000
0.000000
0.000000
0.000000
0.000000
0.000000
0.000000
0.000000
0.000000
0.000000
0.000000
0.000000
0.000000
0.000000
0.000000
0.000000
0.000000
0.000000
0.000000
0.000000
0.000000
0.080574
0.064679
0.035059
0.028372
0.047778
0.039605
0.083865
0.210000
0.323678
0.645110
0.518424
0.517413
0.727724
0.713353
0.595650
0.691441
0.557812
0.780046
0.255242
0.243696
0.238341
0.417069
0.722437
0.758643
0.626696
0.809541
0.982471
0.121386
0.039270
0.026043
0.064641
0.113663
0.076380
0.084063
0.152021
0.170839
0.093575
0.095690
0.233139
0.276718
0.234932
0.231688
0.101602
0.061777
0.101046
0.256557
0.770517
0.565439
0.400404
0.262802
0.192166
0.220850
0.141133
0.126923
0.677598
0.682556
0.555350
0.656412
0.890698
0.749087
0.336720
0.322337
0.794572
0.965386
0.763675
0.748800
0.882642
0.930836
0.979123
0.758906
0.602348
0.732300
0.000000
0.000000
0.000000
0.000000
0.000000
0.000000
0.000000
0.000000
0.000000
0.000000
0.000000
0.000000
0.000000
0.000000
0.000000
0.000000
0.000000
0.000000
0.000000
0.000000
0.000000
0.000000
0.000000
0.000000
0.000000
0.000000
0.000000
0.000000
0.000000
0.000000
0.000000
0.000000
0.000000
0.000000
0.000000
0.000000
0.967355
0.909809
0.908714
0.959423
0.870426
0.742565
0.584302
0.972799
0.899292
0.042018
0.133532
0.725659
0.858268
0.815430
0.886719
0.862524
0.596554
0.527187
0.220604
0.196752
0.179814
0.409681
0.688185
0.418032
0.175357
0.270651
1.000000
0.751780
0.855102
0.366282
0.230398
0.430092
0.406195
0.301660
0.490059
0.895654
0.767632
0.703079
0.901925
0.589073
0.589293
0.803213
0.568362
0.596393
0.818619
0.528280
0.540310
0.617104
0.652978
0.920084
0.855975
0.892489
0.617365
0.597238
0.420541
0.239867
0.174110
0.155173
0.109048
0.047275
0.030746
0.038930
0.052472
0.236237
0.469025
0.731789
0.571270
0.427486
0.404682
0.358679
0.484805
0.616149
0.763475
0.774737
0.992678
0.912620
0.596543
0.577876
0.784287
0.681293
0.305047
0.508149
0.871015
0.929257
0.552509
0.408150
0.503890
0.427334
0.505195
0.775742
0.777565
0.721152
0.831330
0.853040
0.544619
0.869350
0.484964
0.270862
0.299848
0.867847
0.620518
0.659389
0.899905
0.794666
0.920075
0.820271
0.766136
0.591233
0.948999
0.883987
0.958332
0.674262
0.505666
0.408849
0.595596
0.982646
0.880211
0.664820
0.427226
0.516541
0.653749
0.673967
0.613206
0.412062
0.220311
0.220784
0.963962
0.968027
0.523971
0.265272
0.253498
0.292681
0.399578
0.797227
0.641410
0.178485
0.149855
0.096591
0.077043
0.136138
0.090778
0.057028
0.068791
0.040045
0.895384
0.661779
0.437211
0.417633
0.282692
0.306898
0.418968
0.251076
0.135973
0.278217
0.325837
0.489975
0.529356
0.546903
0.943889
0.462253
0.396607
0.506192
0.081528
0.081977
0.076695
0.046417
0.063360
0.133376
0.195216
0.317893
0.520753
1.000000
0.671761
0.411901
0.445557
0.700654
0.905635
0.654808
0.650230
0.712336
0.067117
0.062546
0.096962
0.127383
0.288807
0.656785
0.742827
0.664435
0.490519
0.353330
0.775034
0.865021
0.225209
0.103224
0.102305
0.056155
0.031377
0.027832
0.809622
0.895064
0.791010
0.947693
0.679540
0.452730
0.332632
0.706275
0.747723
0.072269
0.100176
0.195462
0.891922
0.574594
0.949965
0.906013
0.962984
0.987186
0.893793
0.859836
0.746055
0.736141
0.515342
0.216565
0.041698
0.007860
0.002678
0.041848
0.380824
0.828728
0.747803
0.850056
0.840562
0.970476
0.989691
0.954833
0.831519
0.896037
0.944050
0.894791
0.835185
0.759567
0.357367
0.172714
0.101771
0.151602
0.489247
0.613234
0.673888
0.874892
0.906872
0.786110
0.595149
0.458968
0.427418
0.485866
0.572750
0.704664
0.955772
0.844887
0.914409
0.631012
0.345768
0.955772
0.864401
0.940686
0.850360
0.767391
0.584893
0.604556
0.745496
0.740044
0.811789
0.788038
0.866756
0.966609
0.879139
0.612843
0.239881
0.083785
0.074250
0.827293
0.863620
0.773134
0.871954
0.936765
0.949932
0.789625
0.685794
0.651136
0.638529
0.504905
0.422832
0.383567
0.498810
0.658806
0.956142
0.859116
0.666895
0.644686
0.929281
0.847361
0.944416
0.559132
0.378528
0.500555
0.515100
0.497431
0.436533
0.645948
0.922568
0.974063
0.928398
0.886567
0.735687
0.391977
0.331800
0.666228
0.445671
0.353243
0.713759
0.957002
0.993515
0.994034
0.988893
0.927066
0.453626
0.177635
0.173674
0.487930
0.874557
0.824600
0.664505
0.865581
0.332152
0.718211
0.932550
0.754532
0.645292
0.425521
0.462702
0.447255
0.231435
0.110215
0.257008
0.255847
0.273756
0.503548
0.734271
0.746664
0.864395
0.752784
0.623433
0.489551
0.494963
0.499677
0.715649
0.995164
0.973756
0.983904
0.770968
0.774357
0.235151
0.140462
0.154874
0.159931
0.160210
0.590236
0.672111
0.533418
0.661682
0.760140
0.855474
0.927475
0.697658
0.506134
0.461485
0.661761
0.901714
0.702040
0.514877
0.325269
0.287775
0.299279
0.284156
0.364678
0.511255
0.403839
0.126956
0.783003
0.268544
0.070053
0.029136
0.047119
0.106139
0.279203
0.462460
0.442395
0.217750
0.183377
0.301498
0.367897
0.512702
0.818423
0.927854
0.906945
0.959631
0.316247
0.279581
0.379788
0.378842
0.355180
0.490311
0.568705
0.488523
0.494886
0.812361
0.900900
0.648131
0.566577
0.535652
0.462642
0.576682
0.780670
0.765795
0.410670
0.646510
0.534156
0.402948
0.526351
0.641088
0.943545
0.772324
0.702555
0.112742
0.103523
0.225835
0.443785
0.680207
0.872881
0.996025
0.554041
0.300192
0.991112
0.811902
0.784078
0.922852
0.800649
0.795920
0.557176
0.515658
0.525470
0.974742
0.941518
0.942273
0.994458
0.778274
0.829938
0.863665
0.880180
0.398275
0.296317
0.564370
0.850185
0.546038
0.710519
0.885855
1.000000
0.859929
0.997028
0.875775
0.905375
0.962657
0.996308
0.955126
0.697550
0.731479
0.810928
0.712637
0.735647
0.670621
0.518838
0.501042
0.716455
0.966782
0.562680
0.598189
0.958442
0.497628
0.629785
0.743130
0.584884
0.387662
0.318573
0.369020
0.450278
0.874816
0.800987
0.191809
0.108964
0.210045
0.296004
0.315065
0.473624
0.570406
0.569133
0.148598
0.097077
0.110961
0.192406
0.349253
0.395828
0.179128
0.091193
0.162255
0.053232
0.051712
0.303937
0.628537
0.536429
0.449586
0.500451
0.491480
0.428395
0.000000
0.000000
0.000000
0.000000
0.000000
0.000000
0.000000
0.000000
0.000000
0.000000
0.000000
0.000000
0.000000
0.000000
0.000000
0.000000
0.000000
0.000000
0.000000
0.000000
0.000000
0.000000
0.000000
0.000000
0.000000
0.000000
0.000000
0.000000
0.000000
0.000000
0.000000
0.000000
0.000000
0.000000
0.000000
0.000000
0.000000
0.000000
0.000000
0.000000
0.000000
0.000000
0.000000
0.000000
0.000000
0.000000
0.000000
0.000000
0.000000
0.000000
0.000000
0.000000
0.000000
0.000000
0.824526
0.977097
0.863971
0.937650
0.901678
0.996274
0.938346
0.926122
0.804844
0.901678
0.520912
0.410385
0.712213
0.776299
0.788550
0.794549
0.982186
0.472069
0.296867
0.339485
0.313700
0.162225
0.099883
0.154587
0.193389
0.137255
0.088223
0.086164
0.089434
0.079415
0.173722
0.268358
0.305504
0.582250
0.769171
0.860558
0.790159
0.686287
0.875504
0.663110
0.269411
0.105723
0.129585
0.165723
0.192378
0.174497
0.143922
0.263834
0.362029
0.328231
0.247598
0.108302
0.103182
0.154049
0.679819
0.639317
0.457469
0.350282
0.203677
0.143077
0.187147
0.218953
0.283116
0.570568
0.848172
0.863663
0.568271
0.237614
0.118702
0.190411
0.320400
0.412746
0.251659
0.409765
0.420303
0.575307
0.864669
0.958649
0.928896
0.475968
0.343241
0.289136
0.299828
0.771809
0.431189
0.201892
0.175854
0.172958
0.377633
0.630578
0.350228
0.617392
0.571112
0.358496
0.413306
0.724770
0.910695
0.619572
0.380050
0.829789
0.709638
0.418420
0.319573
0.310036
0.436687
0.633376
0.806340
0.934207
0.581885
0.553649
0.613523
0.852921
0.482933
0.809291
0.775216
0.286875
0.107803
0.554367
0.642482
0.915771
0.823175
0.758509
0.705493
0.577170
0.350176
0.304560
0.738856
0.610611
0.478589
0.412300
0.476368
0.530785
0.288071
0.325438
0.811070
1.000000
0.447809
0.143398
0.119103
0.220534
0.153296
0.085498
0.100315
0.099204
0.739791
0.997234
0.925833
0.938694
0.953607
0.891024
0.683070
0.106906
0.030656
0.065871
0.226589
0.508966
0.519286
0.654501
0.673765
0.521877
0.451918
0.551256
0.202508
0.380732
0.499377
0.515850
0.661468
0.754725
0.796840
0.384723
0.647263
0.605429
0.597254
0.602034
0.421770
0.322694
0.229517
0.256807
0.483154
0.601209
0.305203
0.455350
0.530861
0.477339
0.461127
0.782935
0.887669
0.594000
0.368669
0.408759
0.384459
0.253912
0.146795
0.339243
0.639182
0.720981
0.900154
0.957704
0.174883
0.175240
0.236695
0.614382
0.604807
0.387310
0.390562
0.622265
0.915059
0.740016
0.307967
0.166574
0.149207
0.126315
0.205896
0.297434
0.301013
0.664272
0.930887
0.858025
0.593976
0.475045
0.404066
0.310736
0.298581
0.587855
0.964347
0.516897
0.240308
0.284860
0.294884
0.293522
0.257597
0.229156
0.246092
0.182382
0.503366
0.588104
0.550258
0.486364
0.427758
0.628249
0.934771
0.838985
0.360171
0.988768
0.788535
0.830506
0.761672
0.807223
0.785891
0.860531
0.965209
0.867133
0.245952
0.389092
0.442925
0.194347
0.118452
0.200673
0.308524
0.302018
0.395939
0.294345
0.275812
0.273845
0.351150
0.638791
0.939992
0.679815
0.499292
0.592437
0.082542
0.069040
0.179090
0.445506
0.453787
0.369928
0.300751
0.368842
0.683382
0.317881
0.522730
0.991090
0.927307
0.889667
0.619254
0.871623
0.996571
0.594068
