0.660262
0.275482
0.242603
0.031878
0.688208
0.930718
0.015476
0.542153
0.744630
0.608507
0.924945
0.786021
0.249505
0.474816
0.734756
0.538628
0.064105
0.587323
0.118449
0.325847
0.676480
0.237371
0.836340
0.160637
0.965809
0.361365
0.932643
0.797591
0.582994
0.971215
0.232409
0.587656
0.390072
0.915716
0.533522
0.964651
0.330880
0.679671
0.451492
0.703963
0.956159
0.800584
0.754914
0.946130
0.665533
0.692849
0.210991
0.830292
0.111422
0.085223
0.099947
0.061437
0.287820
0.838610
0.583327
0.557666
0.395167
0.238527
0.677188
0.101353
0.801333
0.918407
0.767830
0.479920
0.673648
0.352517
0.989759
0.490522
0.142940
0.575703
0.955001
0.930718
0.240074
0.296025
0.688565
0.979713
0.037122
0.662720
0.260625
0.115844
0.430812
0.588324
0.772274
0.512410
0.571744
0.038553
0.134925
0.100147
0.579675
0.096694
0.509918
0.937265
0.731110
0.755282
0.435074
0.461155
0.416780
0.512722
0.310584
0.501557
