0.958072
0.306856
0.724568
0.077752
0.030312
0.741260
0.000000
0.423515
0.603136
0.068451
0.159208
0.315464
0.194913
0.015704
0.059451
0.451924
0.350411
0.902460
0.425078
0.193077
0.086210
0.760525
0.582181
0.878957
0.674504
0.621266
0.555112
0.326544
0.876236
0.469968
0.960684
0.694569
0.083735
0.000000
0.784112
0.974875
0.681565
0.604369
0.571350
0.388875
0.102757
0.514050
0.000000
0.422732
0.293954
0.434398
0.963480
0.093695
0.159414
0.689687
0.384526
0.314381
0.000000
0.010309
0.183639
0.386313
0.090004
0.000000
0.532462
0.775322
0.292216
0.906058
0.122215
0.749240
0.000000
0.514433
0.708002
0.344126
0.885675
0.247751
0.376845
0.660050
0.493670
0.064844
0.015103
0.510574
0.553657
0.704283
0.973076
0.417044
0.438757
0.689961
0.843694
0.577780
0.161636
0.341892
0.847906
0.524974
0.125856
0.801188
0.758011
0.950546
0.647107
0.487479
0.800495
0.973013
0.792925
0.000000
0.711183
0.000000
