0.769650
0.163316
0.631543
0.212515
0.408494
0.772717
0.000000
0.573732
0.127285
0.247668
0.346206
0.010704
0.824281
0.228606
0.123508
0.002417
0.215122
0.425135
0.781209
0.826568
0.875066
0.493457
0.687417
0.432496
0.412218
0.688801
0.111596
0.032631
0.490630
0.165892
0.811253
0.490915
0.360574
0.000000
0.809118
0.128478
0.494095
0.848676
0.629583
0.616395
0.793748
0.247159
0.000000
0.263959
0.236938
0.465357
0.732705
0.473690
0.947638
0.966401
0.225805
0.446587
0.000000
0.663860
0.612397
0.386506
0.205114
0.000000
0.372490
0.764288
0.461213
0.581762
0.822756
0.706116
0.000000
0.379322
0.885276
0.579533
0.482533
0.251867
0.144671
0.976402
0.799349
0.839406
0.088121
0.312535
0.724980
0.826268
0.866192
0.332076
0.251400
0.218764
0.829194
0.076158
0.897704
0.049830
0.451080
0.963270
0.673441
0.323594
0.911673
0.657143
0.970864
0.584855
0.409596
0.563023
0.638169
0.000000
0.433839
0.000000
