0.804293
0.106058
0.719634
0.137352
0.672893
0.318523
0.000000
0.863996
0.206424
0.452290
0.156498
0.424532
0.908386
0.905467
0.455028
0.122764
0.610691
0.519754
0.594189
0.640096
0.767441
0.232505
0.259835
0.543935
0.036049
0.328582
0.432664
0.383233
0.708546
0.364766
0.444291
0.375869
0.257318
0.000000
0.645057
0.958975
0.831032
0.983544
0.682305
0.242975
0.596185
0.491671
0.000000
0.510364
0.187253
0.383720
0.075882
0.536488
0.271548
0.969123
0.432092
0.372868
0.000000
0.340928
0.496266
0.672156
0.613931
0.000000
0.822656
0.735337
0.212959
0.127448
0.449632
0.582010
0.000000
0.749246
0.506508
0.723021
0.154312
0.523950
0.413926
0.255148
0.928094
0.646814
0.108001
0.131931
0.801814
0.951888
0.439257
0.450110
0.016955
0.689412
0.989578
0.147137
0.565752
0.497677
0.431211
0.018242
0.792075
0.172397
0.710730
0.327704
0.782859
0.851964
0.269409
0.927600
0.941454
0.000000
0.056503
0.000000
