0.385791
0.201739
0.463226
0.329651
0.318676
0.068880
0.000000
0.281445
0.459449
0.660187
0.874473
0.939011
0.392423
0.102428
0.517589
0.436290
0.169445
0.106407
0.868991
0.821080
0.984420
0.301128
0.727237
0.871573
0.463017
0.583770
0.362597
0.361922
0.794904
0.940220
0.045222
0.801213
0.209721
0.000000
0.368948
0.921379
0.188763
0.277718
0.212730
0.819118
0.018221
0.085798
0.000000
0.751414
0.799851
0.830697
0.871552
0.241174
0.004224
0.890510
0.214841
0.124546
0.000000
0.764142
0.435090
0.800989
0.255443
0.000000
0.753736
0.558360
0.878401
0.408126
0.787097
0.550468
0.000000
0.807308
0.763932
0.438565
0.238412
0.572836
0.041910
0.415291
0.532810
0.060682
0.938755
0.576376
0.485785
0.617162
0.061468
0.840021
0.573268
0.111502
0.983151
0.185409
0.149380
0.617035
0.187087
0.772625
0.185411
0.948605
0.849743
0.466163
0.056842
0.322440
0.711106
0.134337
0.941002
0.000000
0.982408
0.000000
