0.066423
0.540032
0.557454
0.652307
0.991984
0.928041
0.000000
0.069516
0.305233
0.135541
0.279821
0.547143
0.807481
0.188766
0.214886
0.131168
0.217698
0.977910
0.348742
0.190721
0.171094
0.865848
0.013914
0.207063
0.467593
0.820751
0.490957
0.996847
0.561338
0.457322
0.296787
0.137447
0.915996
0.000000
0.407996
0.955784
0.574602
0.962317
0.360426
0.796561
0.454274
0.088517
0.000000
0.078576
0.104626
0.434469
0.630085
0.358597
0.604790
0.878819
0.693745
0.428428
0.000000
0.556235
0.729629
0.833095
0.386707
0.000000
0.512035
0.179697
0.377046
0.131618
0.196971
0.782031
0.000000
0.376815
0.494472
0.840187
0.840386
0.416139
0.297423
0.116396
0.733917
0.744147
0.083193
0.348023
0.885343
0.674320
0.723437
0.838264
0.319212
0.697849
0.788883
0.844720
0.572106
0.113376
0.717327
0.646576
0.447596
0.808692
0.520213
0.963384
0.976153
0.625215
0.360514
0.272953
0.461872
0.000000
0.797453
0.000000
