0.625086
0.878127
0.198438
0.027184
0.504863
0.299893
0.000000
0.055134
0.741843
0.611395
0.413607
0.152709
0.562655
0.775467
0.523226
0.281818
0.528430
0.979424
0.330181
0.095590
0.486926
0.455505
0.959628
0.887208
0.782201
0.445591
0.543560
0.342671
0.554886
0.975370
0.441128
0.147258
0.270481
0.000000
0.932651
0.643187
0.731410
0.059950
0.014156
0.974652
0.153378
0.569153
0.000000
0.779715
0.323191
0.886917
0.147891
0.242290
0.711146
0.600271
0.329019
0.840483
0.000000
0.410765
0.998086
0.629942
0.439390
0.000000
0.839748
0.583025
0.216689
0.628657
0.253951
0.749019
0.000000
0.724707
0.999409
0.068346
0.258027
0.186346
0.172446
0.012207
0.827198
0.348484
0.003898
0.068625
0.384952
0.675789
0.885942
0.358260
0.042074
0.843927
0.420475
0.302189
0.689316
0.164894
0.435720
0.416740
0.786515
0.588353
0.697933
0.762041
0.367289
0.172400
0.062456
0.304547
0.663377
0.000000
0.737715
0.000000
