0.937287
0.870972
0.030205
0.639363
0.481904
0.425772
0.000000
0.235292
0.334700
0.461005
0.793975
0.847331
0.160721
0.541894
0.156731
0.919277
0.324787
0.279216
0.424523
0.832728
0.682248
0.428978
0.956485
0.756891
0.399511
0.795368
0.901627
0.448450
0.719848
0.833906
0.450125
0.408905
0.309765
0.000000
0.296617
0.960401
0.483286
0.207812
0.015176
0.622146
0.125713
0.604972
0.000000
0.372362
0.254480
0.898648
0.648640
0.780469
0.674340
0.449589
0.652200
0.010798
0.000000
0.545116
0.955552
0.852513
0.577781
0.000000
0.822668
0.961524
0.858838
0.907150
0.192789
0.539360
0.000000
0.307627
0.787919
0.749347
0.323881
0.782498
0.510254
0.587557
0.833151
0.365507
0.794934
0.655211
0.910444
0.367566
0.560006
0.359366
0.215530
0.448056
0.360518
0.111908
0.680315
0.954192
0.528483
0.761637
0.911440
0.486146
0.131937
0.934663
0.060749
0.125744
0.154863
0.488070
0.582963
0.000000
0.243297
0.000000
