0.816518
0.500621
0.334894
0.116631
0.436300
0.941652
0.000000
0.376496
0.204128
0.088495
0.049292
0.040929
0.807046
0.652493
0.842854
0.705353
0.041950
0.556047
0.315247
0.539196
0.427122
0.605326
0.803830
0.889431
0.318850
0.312566
0.457738
0.476401
0.616351
0.666723
0.527393
0.171805
0.593179
0.000000
0.939263
0.986661
0.628894
0.193498
0.521385
0.273108
0.063128
0.441041
0.000000
0.693829
0.045560
0.874755
0.348299
0.994936
0.680265
0.713084
0.499288
0.919561
0.000000
0.690061
0.936165
0.657270
0.022384
0.000000
0.905790
0.559536
0.667762
0.412548
0.240209
0.565214
0.000000
0.395094
0.625230
0.052573
0.421028
0.472275
0.447811
0.724886
0.374669
0.633223
0.798743
0.226368
0.167436
0.075620
0.864364
0.439815
0.728178
0.595248
0.957084
0.016116
0.673163
0.325306
0.673710
0.790475
0.887992
0.946662
0.638537
0.515219
0.147483
0.230242
0.099920
0.558408
0.482398
0.000000
0.128273
0.000000
