0.066423
0.958072
0.769650
0.804293
0.625086
0.816518
0.937287
0.385791
0.540032
0.306856
0.163316
0.106058
0.878127
0.500621
0.870972
0.201739
0.557454
0.724568
0.631543
0.719634
0.198438
0.334894
0.030205
0.463226
0.652307
0.077752
0.212515
0.137352
0.027184
0.116631
0.639363
0.329651
0.991984
0.030312
0.408494
0.672893
0.504863
0.436300
0.481904
0.318676
0.928041
0.741260
0.772717
0.318523
0.299893
0.941652
0.425772
0.068880
0.000000
0.000000
0.000000
0.000000
0.000000
0.000000
0.000000
0.000000
0.069516
0.423515
0.573732
0.863996
0.055134
0.376496
0.235292
0.281445
0.305233
0.603136
0.127285
0.206424
0.741843
0.204128
0.334700
0.459449
0.135541
0.068451
0.247668
0.452290
0.611395
0.088495
0.461005
0.660187
0.279821
0.159208
0.346206
0.156498
0.413607
0.049292
0.793975
0.874473
0.547143
0.315464
0.010704
0.424532
0.152709
0.040929
0.847331
0.939011
0.807481
0.194913
0.824281
0.908386
0.562655
0.807046
0.160721
0.392423
0.188766
0.015704
0.228606
0.905467
0.775467
0.652493
0.541894
0.102428
0.214886
0.059451
0.123508
0.455028
0.523226
0.842854
0.156731
0.517589
0.131168
0.451924
0.002417
0.122764
0.281818
0.705353
0.919277
0.436290
0.217698
0.350411
0.215122
0.610691
0.528430
0.041950
0.324787
0.169445
0.977910
0.902460
0.425135
0.519754
0.979424
0.556047
0.279216
0.106407
0.348742
0.425078
0.781209
0.594189
0.330181
0.315247
0.424523
0.868991
0.190721
0.193077
0.826568
0.640096
0.095590
0.539196
0.832728
0.821080
0.171094
0.086210
0.875066
0.767441
0.486926
0.427122
0.682248
0.984420
0.865848
0.760525
0.493457
0.232505
0.455505
0.605326
0.428978
0.301128
0.013914
0.582181
0.687417
0.259835
0.959628
0.803830
0.956485
0.727237
0.207063
0.878957
0.432496
0.543935
0.887208
0.889431
0.756891
0.871573
0.467593
0.674504
0.412218
0.036049
0.782201
0.318850
0.399511
0.463017
0.820751
0.621266
0.688801
0.328582
0.445591
0.312566
0.795368
0.583770
0.490957
0.555112
0.111596
0.432664
0.543560
0.457738
0.901627
0.362597
0.996847
0.326544
0.032631
0.383233
0.342671
0.476401
0.448450
0.361922
0.561338
0.876236
0.490630
0.708546
0.554886
0.616351
0.719848
0.794904
0.457322
0.469968
0.165892
0.364766
0.975370
0.666723
0.833906
0.940220
0.296787
0.960684
0.811253
0.444291
0.441128
0.527393
0.450125
0.045222
0.137447
0.694569
0.490915
0.375869
0.147258
0.171805
0.408905
0.801213
0.915996
0.083735
0.360574
0.257318
0.270481
0.593179
0.309765
0.209721
0.000000
0.000000
0.000000
0.000000
0.000000
0.000000
0.000000
0.000000
0.407996
0.784112
0.809118
0.645057
0.932651
0.939263
0.296617
0.368948
0.955784
0.974875
0.128478
0.958975
0.643187
0.986661
0.960401
0.921379
0.574602
0.681565
0.494095
0.831032
0.731410
0.628894
0.483286
0.188763
0.962317
0.604369
0.848676
0.983544
0.059950
0.193498
0.207812
0.277718
0.360426
0.571350
0.629583
0.682305
0.014156
0.521385
0.015176
0.212730
0.796561
0.388875
0.616395
0.242975
0.974652
0.273108
0.622146
0.819118
0.454274
0.102757
0.793748
0.596185
0.153378
0.063128
0.125713
0.018221
0.088517
0.514050
0.247159
0.491671
0.569153
0.441041
0.604972
0.085798
0.000000
0.000000
0.000000
0.000000
0.000000
0.000000
0.000000
0.000000
0.078576
0.422732
0.263959
0.510364
0.779715
0.693829
0.372362
0.751414
0.104626
0.293954
0.236938
0.187253
0.323191
0.045560
0.254480
0.799851
0.434469
0.434398
0.465357
0.383720
0.886917
0.874755
0.898648
0.830697
0.630085
0.963480
0.732705
0.075882
0.147891
0.348299
0.648640
0.871552
0.358597
0.093695
0.473690
0.536488
0.242290
0.994936
0.780469
0.241174
0.604790
0.159414
0.947638
0.271548
0.711146
0.680265
0.674340
0.004224
0.878819
0.689687
0.966401
0.969123
0.600271
0.713084
0.449589
0.890510
0.693745
0.384526
0.225805
0.432092
0.329019
0.499288
0.652200
0.214841
0.428428
0.314381
0.446587
0.372868
0.840483
0.919561
0.010798
0.124546
0.000000
0.000000
0.000000
0.000000
0.000000
0.000000
0.000000
0.000000
0.556235
0.010309
0.663860
0.340928
0.410765
0.690061
0.545116
0.764142
0.729629
0.183639
0.612397
0.496266
0.998086
0.936165
0.955552
0.435090
0.833095
0.386313
0.386506
0.672156
0.629942
0.657270
0.852513
0.800989
0.386707
0.090004
0.205114
0.613931
0.439390
0.022384
0.577781
0.255443
0.000000
0.000000
0.000000
0.000000
0.000000
0.000000
0.000000
0.000000
0.512035
0.532462
0.372490
0.822656
0.839748
0.905790
0.822668
0.753736
0.179697
0.775322
0.764288
0.735337
0.583025
0.559536
0.961524
0.558360
0.377046
0.292216
0.461213
0.212959
0.216689
0.667762
0.858838
0.878401
0.131618
0.906058
0.581762
0.127448
0.628657
0.412548
0.907150
0.408126
0.196971
0.122215
0.822756
0.449632
0.253951
0.240209
0.192789
0.787097
0.782031
0.749240
0.706116
0.582010
0.749019
0.565214
0.539360
0.550468
0.000000
0.000000
0.000000
0.000000
0.000000
0.000000
0.000000
0.000000
0.376815
0.514433
0.379322
0.749246
0.724707
0.395094
0.307627
0.807308
0.494472
0.708002
0.885276
0.506508
0.999409
0.625230
0.787919
0.763932
0.840187
0.344126
0.579533
0.723021
0.068346
0.052573
0.749347
0.438565
0.840386
0.885675
0.482533
0.154312
0.258027
0.421028
0.323881
0.238412
0.416139
0.247751
0.251867
0.523950
0.186346
0.472275
0.782498
0.572836
0.297423
0.376845
0.144671
0.413926
0.172446
0.447811
0.510254
0.041910
0.116396
0.660050
0.976402
0.255148
0.012207
0.724886
0.587557
0.415291
0.733917
0.493670
0.799349
0.928094
0.827198
0.374669
0.833151
0.532810
0.744147
0.064844
0.839406
0.646814
0.348484
0.633223
0.365507
0.060682
0.083193
0.015103
0.088121
0.108001
0.003898
0.798743
0.794934
0.938755
0.348023
0.510574
0.312535
0.131931
0.068625
0.226368
0.655211
0.576376
0.885343
0.553657
0.724980
0.801814
0.384952
0.167436
0.910444
0.485785
0.674320
0.704283
0.826268
0.951888
0.675789
0.075620
0.367566
0.617162
0.723437
0.973076
0.866192
0.439257
0.885942
0.864364
0.560006
0.061468
0.838264
0.417044
0.332076
0.450110
0.358260
0.439815
0.359366
0.840021
0.319212
0.438757
0.251400
0.016955
0.042074
0.728178
0.215530
0.573268
0.697849
0.689961
0.218764
0.689412
0.843927
0.595248
0.448056
0.111502
0.788883
0.843694
0.829194
0.989578
0.420475
0.957084
0.360518
0.983151
0.844720
0.577780
0.076158
0.147137
0.302189
0.016116
0.111908
0.185409
0.572106
0.161636
0.897704
0.565752
0.689316
0.673163
0.680315
0.149380
0.113376
0.341892
0.049830
0.497677
0.164894
0.325306
0.954192
0.617035
0.717327
0.847906
0.451080
0.431211
0.435720
0.673710
0.528483
0.187087
0.646576
0.524974
0.963270
0.018242
0.416740
0.790475
0.761637
0.772625
0.447596
0.125856
0.673441
0.792075
0.786515
0.887992
0.911440
0.185411
0.808692
0.801188
0.323594
0.172397
0.588353
0.946662
0.486146
0.948605
0.520213
0.758011
0.911673
0.710730
0.697933
0.638537
0.131937
0.849743
0.963384
0.950546
0.657143
0.327704
0.762041
0.515219
0.934663
0.466163
0.976153
0.647107
0.970864
0.782859
0.367289
0.147483
0.060749
0.056842
0.625215
0.487479
0.584855
0.851964
0.172400
0.230242
0.125744
0.322440
0.360514
0.800495
0.409596
0.269409
0.062456
0.099920
0.154863
0.711106
0.272953
0.973013
0.563023
0.927600
0.304547
0.558408
0.488070
0.134337
0.461872
0.792925
0.638169
0.941454
0.663377
0.482398
0.582963
0.941002
0.000000
0.000000
0.000000
0.000000
0.000000
0.000000
0.000000
0.000000
0.797453
0.711183
0.433839
0.056503
0.737715
0.128273
0.243297
0.982408
0.000000
0.000000
0.000000
0.000000
0.000000
0.000000
0.000000
0.000000
