0.137603
0.813322
0.178047
0.919202
0.757395
0.968458
0.169393
0.788980
0.745628
0.054905
0.652228
0.501249
0.936459
0.936027
0.748574
0.921446
0.010593
0.681312
0.593792
0.700380
0.604648
0.494579
0.522193
0.399723
0.891253
0.369272
0.511158
0.061100
0.103743
0.938739
0.659188
0.012306
0.385022
0.419701
0.200893
0.466767
0.683805
0.705383
0.003997
0.223168
0.906184
0.309413
0.167046
0.849828
0.046131
0.504802
0.071089
0.691064
0.444540
0.093723
0.132230
0.199792
0.921923
0.944657
0.527255
0.443266
0.701289
0.865326
0.097484
0.415859
0.954707
0.663014
0.870825
0.814188
0.940838
0.648196
0.486417
0.322378
0.562629
0.104152
0.281524
0.527255
0.381081
0.764836
0.779411
0.937462
0.494384
0.830669
0.440906
0.403800
0.795834
0.403118
0.556541
0.134098
0.392658
0.217985
0.508769
0.685618
0.801990
0.135987
0.048858
0.501052
0.132516
0.425863
0.101029
0.631041
0.834467
0.752649
0.497319
0.332476
