0.568540
0.822581
0.284013
0.739048
0.709024
0.921765
0.074068
0.654246
0.803086
0.047045
0.880632
0.598341
0.995482
0.963768
0.783870
0.656267
0.007851
0.976451
0.652228
0.579602
0.296167
0.581313
0.817427
0.629711
0.715396
0.701517
0.699470
0.200592
0.188955
0.859351
0.798037
0.013003
0.564104
0.836986
0.151903
0.112315
0.406706
0.748574
0.001918
0.277886
0.724726
0.205445
0.154968
0.736549
0.103393
0.692199
0.149202
0.958812
0.440906
0.105211
0.216067
0.232808
0.538287
0.767985
0.714485
0.647078
0.456861
0.641717
0.027356
0.678368
0.761231
0.252346
0.764611
0.583670
0.842615
0.789866
0.661888
0.163532
0.808762
0.107958
0.237578
0.757621
0.076202
0.324844
0.524012
0.861352
0.320501
0.903236
0.196421
0.329672
0.720403
0.438193
0.432982
0.208318
0.811154
0.233034
0.820867
0.517561
0.794069
0.100402
0.144147
0.406535
0.213109
0.619769
0.560526
0.163108
0.937319
0.815053
0.463387
0.250432
