0.137603
0.568540
0.813322
0.822581
0.178047
0.284013
0.919202
0.739048
0.757395
0.709024
0.968458
0.921765
0.169393
0.074068
0.788980
0.654246
0.745628
0.803086
0.054905
0.047045
0.652228
0.880632
0.501249
0.598341
0.936459
0.995482
0.936027
0.963768
0.748574
0.783870
0.921446
0.656267
0.010593
0.007851
0.681312
0.976451
0.593792
0.652228
0.700380
0.579602
0.604648
0.296167
0.494579
0.581313
0.522193
0.817427
0.399723
0.629711
0.891253
0.715396
0.369272
0.701517
0.511158
0.699470
0.061100
0.200592
0.103743
0.188955
0.938739
0.859351
0.659188
0.798037
0.012306
0.013003
0.385022
0.564104
0.419701
0.836986
0.200893
0.151903
0.466767
0.112315
0.683805
0.406706
0.705383
0.748574
0.003997
0.001918
0.223168
0.277886
0.906184
0.724726
0.309413
0.205445
0.167046
0.154968
0.849828
0.736549
0.046131
0.103393
0.504802
0.692199
0.071089
0.149202
0.691064
0.958812
0.444540
0.440906
0.093723
0.105211
0.132230
0.216067
0.199792
0.232808
0.921923
0.538287
0.944657
0.767985
0.527255
0.714485
0.443266
0.647078
0.701289
0.456861
0.865326
0.641717
0.097484
0.027356
0.415859
0.678368
0.954707
0.761231
0.663014
0.252346
0.870825
0.764611
0.814188
0.583670
0.940838
0.842615
0.648196
0.789866
0.486417
0.661888
0.322378
0.163532
0.562629
0.808762
0.104152
0.107958
0.281524
0.237578
0.527255
0.757621
0.381081
0.076202
0.764836
0.324844
0.779411
0.524012
0.937462
0.861352
0.494384
0.320501
0.830669
0.903236
0.440906
0.196421
0.403800
0.329672
0.795834
0.720403
0.403118
0.438193
0.556541
0.432982
0.134098
0.208318
0.392658
0.811154
0.217985
0.233034
0.508769
0.820867
0.685618
0.517561
0.801990
0.794069
0.135987
0.100402
0.048858
0.144147
0.501052
0.406535
0.132516
0.213109
0.425863
0.619769
0.101029
0.560526
0.631041
0.163108
0.834467
0.937319
0.752649
0.815053
0.497319
0.463387
0.332476
0.250432
