0.554517
0.308150
0.068442
0.772974
0.382261
0.247262
0.409250
0.305401
0.274806
0.238022
0.668352
0.855927
0.012635
0.928994
0.516028
0.173012
0.069683
0.324617
0.070531
0.710572
0.402762
0.087821
0.981105
0.080233
0.607177
0.984876
0.048503
0.679627
0.883332
0.045019
0.276591
0.060556
0.096655
0.263699
0.959468
0.511417
0.852383
0.561370
0.392257
0.035860
0.660966
0.976807
0.617288
0.331956
0.575459
0.636088
0.734258
0.330558
0.868568
0.973528
0.538498
0.260142
0.320614
0.817835
0.038071
0.832785
0.707456
0.684523
0.910761
0.414323
0.905294
0.568399
0.726323
0.877125
0.214399
0.276497
0.136477
0.354702
0.825973
0.323604
0.446858
0.864737
0.252480
0.432253
0.049006
0.200355
0.085315
0.358841
0.548109
0.418662
0.828024
0.087550
0.496570
0.933890
0.559594
0.401260
0.816381
0.836767
0.472605
0.705209
0.790682
0.472967
0.295479
0.682714
0.093430
0.894094
0.779565
0.594568
0.919672
0.589435
