0.381030
0.177075
0.592894
0.657223
0.740367
0.344292
0.769338
0.502597
0.468870
0.560004
0.786972
0.500914
0.821085
0.102973
0.112805
0.824663
0.493846
0.175072
0.931137
0.255023
0.644883
0.262133
0.139982
0.133148
0.246910
0.036611
0.719122
0.712988
0.500129
0.306069
0.580406
0.356334
0.047278
0.498320
0.017404
0.502579
0.513384
0.781236
0.402012
0.640865
0.339264
0.644491
0.652600
0.694107
0.073803
0.380116
0.637576
0.000844
0.100382
0.797094
0.293862
0.179276
0.642652
0.989085
0.416451
0.087195
0.834524
0.630775
0.235330
0.109367
0.120927
0.558368
0.685614
0.225282
0.648512
0.307115
0.290083
0.930157
0.626260
0.558966
0.556653
0.455633
0.668434
0.516191
0.401566
0.663380
0.877882
0.947694
0.345451
0.432546
0.455460
0.525633
0.769764
0.868185
0.303437
0.337779
0.600495
0.850837
0.347016
0.677346
0.811048
0.893644
0.670741
0.849895
0.045973
0.623300
0.257094
0.759136
0.547382
0.263969
