0.123572
0.173338
0.216573
0.581937
0.650370
0.317985
0.527614
0.267856
0.895528
0.707169
0.894209
0.688359
0.299518
0.085956
0.110248
0.100033
0.663539
0.465463
0.804157
0.594389
0.567934
0.215917
0.018054
0.455889
0.268982
0.118209
0.484796
0.702541
0.460844
0.194441
0.732345
0.583771
0.221719
0.105935
0.066666
0.821309
0.657002
0.902231
0.440601
0.675695
0.124224
0.532127
0.489879
0.196509
0.120875
0.537089
0.937487
0.007701
0.038119
0.868864
0.751370
0.698999
0.742178
0.780471
0.764077
0.138033
0.491552
0.549549
0.290742
0.089855
0.224543
0.816659
0.924650
0.794979
0.754020
0.705311
0.115783
0.875359
0.634358
0.722028
0.391468
0.612510
0.802003
0.266056
0.282310
0.985982
0.838901
0.951665
0.242991
0.040911
0.431764
0.553723
0.797441
0.795031
0.276827
0.466597
0.132581
0.310018
0.128500
0.472578
0.653751
0.202693
0.637452
0.793336
0.146791
0.350523
0.426190
0.995618
0.503694
0.847773
