0.381030
0.123572
0.177075
0.173338
0.592894
0.216573
0.657223
0.581937
0.740367
0.650370
0.344292
0.317985
0.769338
0.527614
0.502597
0.267856
0.468870
0.895528
0.560004
0.707169
0.786972
0.894209
0.500914
0.688359
0.821085
0.299518
0.102973
0.085956
0.112805
0.110248
0.824663
0.100033
0.493846
0.663539
0.175072
0.465463
0.931137
0.804157
0.255023
0.594389
0.644883
0.567934
0.262133
0.215917
0.139982
0.018054
0.133148
0.455889
0.246910
0.268982
0.036611
0.118209
0.719122
0.484796
0.712988
0.702541
0.500129
0.460844
0.306069
0.194441
0.580406
0.732345
0.356334
0.583771
0.047278
0.221719
0.498320
0.105935
0.017404
0.066666
0.502579
0.821309
0.513384
0.657002
0.781236
0.902231
0.402012
0.440601
0.640865
0.675695
0.339264
0.124224
0.644491
0.532127
0.652600
0.489879
0.694107
0.196509
0.073803
0.120875
0.380116
0.537089
0.637576
0.937487
0.000844
0.007701
0.100382
0.038119
0.797094
0.868864
0.293862
0.751370
0.179276
0.698999
0.642652
0.742178
0.989085
0.780471
0.416451
0.764077
0.087195
0.138033
0.834524
0.491552
0.630775
0.549549
0.235330
0.290742
0.109367
0.089855
0.120927
0.224543
0.558368
0.816659
0.685614
0.924650
0.225282
0.794979
0.648512
0.754020
0.307115
0.705311
0.290083
0.115783
0.930157
0.875359
0.626260
0.634358
0.558966
0.722028
0.556653
0.391468
0.455633
0.612510
0.668434
0.802003
0.516191
0.266056
0.401566
0.282310
0.663380
0.985982
0.877882
0.838901
0.947694
0.951665
0.345451
0.242991
0.432546
0.040911
0.455460
0.431764
0.525633
0.553723
0.769764
0.797441
0.868185
0.795031
0.303437
0.276827
0.337779
0.466597
0.600495
0.132581
0.850837
0.310018
0.347016
0.128500
0.677346
0.472578
0.811048
0.653751
0.893644
0.202693
0.670741
0.637452
0.849895
0.793336
0.045973
0.146791
0.623300
0.350523
0.257094
0.426190
0.759136
0.995618
0.547382
0.503694
0.263969
0.847773
