0.623159
0.860016
0.848540
0.007801
0.044493
0.264305
0.442780
0.489568
0.907082
0.595700
0.108193
0.506647
0.457044
0.867015
0.261977
0.585887
0.008499
0.567973
0.643833
0.734389
0.581261
0.114947
0.579022
0.494188
0.522808
0.823461
0.161650
0.970833
0.059448
0.991585
0.515546
0.961133
0.514995
0.323821
0.377890
0.181642
0.221857
0.320596
0.973137
0.319178
0.734751
0.914558
0.994046
0.308627
0.408072
0.220509
0.125579
0.517978
0.773804
0.435645
0.143317
0.623454
0.191309
0.202965
0.065353
0.819763
0.933386
0.735875
0.169182
0.560346
0.238515
0.021205
0.879936
0.881445
0.466788
0.659790
0.465289
0.171305
0.816445
0.005287
0.751982
0.001699
0.309402
0.532250
0.161422
0.638648
0.068962
0.425311
0.597682
0.941893
0.423002
0.764437
0.827481
0.354812
0.555010
0.670115
0.312190
0.502188
0.018195
0.723440
0.411238
0.705044
0.237544
0.880837
0.017369
0.753384
0.369158
0.769405
0.238524
0.285095
