0.309937
0.717870
0.661274
0.985108
0.691207
0.609317
0.316162
0.825298
0.884180
0.081916
0.230030
0.804521
0.393367
0.059357
0.016361
0.742737
0.712607
0.033394
0.171329
0.397502
0.992788
0.376360
0.977338
0.222823
0.984024
0.822277
0.603815
0.374233
0.494827
0.564669
0.866064
0.599908
0.890253
0.226460
0.288293
0.885604
0.663257
0.702510
0.752319
0.022537
0.712189
0.369469
0.713363
0.255233
0.820423
0.450079
0.599710
0.051034
0.424676
0.431464
0.693016
0.394564
0.824143
0.187067
0.193287
0.960408
0.710123
0.284561
0.816910
0.966898
0.832235
0.660459
0.190209
0.858576
0.772347
0.515478
0.487590
0.130933
0.367146
0.038663
0.442116
0.104097
0.150408
0.490562
0.716954
0.948428
0.051715
0.552705
0.328045
0.428886
0.820698
0.373973
0.971907
0.315982
0.602944
0.270667
0.546313
0.173171
0.642991
0.110721
0.416817
0.946880
0.738481
0.274108
0.714380
0.988513
0.921296
0.158105
0.228931
0.806428
