0.463821
0.614003
0.331747
0.504307
0.625119
0.627897
0.675708
0.157536
0.940809
0.284105
0.010177
0.807387
0.429025
0.734003
0.772324
0.648810
0.902608
0.429749
0.186799
0.382623
0.438497
0.223638
0.477922
0.895346
0.447149
0.970580
0.269726
0.168244
0.103081
0.311419
0.016979
0.634853
0.437072
0.373388
0.539597
0.526003
0.274401
0.589495
0.026713
0.872675
0.357273
0.531352
0.500044
0.121702
0.593688
0.898026
0.963879
0.305762
0.177836
0.779391
0.742728
0.825317
0.301213
0.531417
0.859864
0.820124
0.951830
0.348593
0.546359
0.117222
0.223210
0.577372
0.877381
0.009883
0.753867
0.542344
0.454451
0.336691
0.785660
0.088295
0.113751
0.053864
0.592355
0.596023
0.113131
0.137081
0.998638
0.143692
0.331441
0.760079
0.674408
0.504337
0.020099
0.853123
0.266835
0.986829
0.201036
0.801679
0.799088
0.306481
0.848284
0.000865
0.059540
0.733574
0.024201
0.505116
0.729214
0.558013
0.655655
0.944171
