0.761110
0.916834
0.400237
0.450029
0.357376
0.596193
0.000000
0.038077
0.933415
0.875281
0.523189
0.425597
0.813693
0.121080
0.982982
0.986360
0.096944
0.902459
0.255862
0.734553
0.896288
0.528435
0.870631
0.711177
0.185928
0.128793
0.625130
0.335403
0.245937
0.560035
0.430357
0.661320
0.239699
0.000000
0.520029
0.696098
0.845301
0.209584
0.870997
0.809070
0.271881
0.156810
0.000000
0.871519
0.613042
0.489998
0.646341
0.587868
0.768835
0.648290
0.114085
0.640087
0.000000
0.675326
0.837154
0.334466
0.081130
0.000000
0.863873
0.979129
0.529987
0.853404
0.590272
0.509898
0.000000
0.252159
0.921525
0.469192
0.459021
0.138341
0.935501
0.026213
0.467416
0.918139
0.743347
0.291604
0.369383
0.331575
0.487958
0.233762
0.967058
0.941172
0.933682
0.205054
0.961204
0.979522
0.253314
0.835074
0.620720
0.900281
0.716218
0.449803
0.034314
0.076794
0.515051
0.348528
0.490321
0.000000
0.238997
0.000000
