0.765403
0.930656
0.208388
0.029970
0.545471
0.666810
0.000000
0.664216
0.173964
0.187823
0.468628
0.267104
0.830882
0.820753
0.020649
0.777880
0.100209
0.277030
0.727438
0.569091
0.532739
0.518427
0.821595
0.819754
0.214420
0.484197
0.913539
0.887113
0.820894
0.804532
0.595360
0.344007
0.083804
0.000000
0.838374
0.250236
0.830056
0.928587
0.306274
0.269342
0.943183
0.922935
0.000000
0.566370
0.390694
0.345223
0.368468
0.207676
0.446977
0.936771
0.622101
0.863513
0.000000
0.379530
0.272266
0.681187
0.589191
0.000000
0.167984
0.429489
0.196137
0.705169
0.673009
0.529322
0.000000
0.389575
0.209913
0.221344
0.459021
0.317050
0.898806
0.148353
0.666737
0.296063
0.719512
0.103133
0.646903
0.550539
0.726016
0.591272
0.013840
0.409265
0.781491
0.868709
0.715243
0.568788
0.896593
0.523454
0.297946
0.904416
0.942042
0.220793
0.518936
0.433074
0.683647
0.713564
0.953186
0.000000
0.611774
0.000000
