0.593042
0.435125
0.328392
0.234316
0.439028
0.709218
0.000000
0.854687
0.432083
0.113773
0.107877
0.978769
0.980768
0.425862
0.091096
0.638313
0.278748
0.886273
0.540871
0.027594
0.433474
0.532582
0.475537
0.709203
0.338529
0.846241
0.238839
0.489966
0.781094
0.983321
0.833111
0.057617
0.548563
0.000000
0.967227
0.979887
0.938909
0.493659
0.496258
0.225811
0.691674
0.616457
0.000000
0.264199
0.946722
0.211415
0.213644
0.256258
0.387915
0.581096
0.201251
0.630048
0.000000
0.529316
0.244001
0.801131
0.224379
0.000000
0.282101
0.159191
0.786059
0.894601
0.120453
0.427083
0.000000
0.026104
0.800960
0.747956
0.722035
0.518826
0.981885
0.125408
0.935402
0.445729
0.538297
0.447928
0.313131
0.046929
0.467553
0.613987
0.001369
0.654167
0.880916
0.824642
0.627231
0.983912
0.233590
0.721740
0.479281
0.651862
0.807798
0.935807
0.721641
0.691985
0.906768
0.714362
0.279739
0.000000
0.268536
0.000000
