0.807394
0.651151
0.109291
0.159219
0.790478
0.484046
0.000000
0.906892
0.175408
0.049756
0.661142
0.810804
0.828328
0.901372
0.108028
0.789855
0.151900
0.155229
0.586914
0.773265
0.583475
0.263349
0.617739
0.693088
0.344891
0.484783
0.788194
0.647935
0.921907
0.628408
0.357643
0.939515
0.022845
0.000000
0.764986
0.380689
0.848128
0.815882
0.260552
0.255976
0.543900
0.737544
0.000000
0.979683
0.081179
0.217853
0.974639
0.196829
0.934074
0.958907
0.598003
0.328764
0.000000
0.819959
0.471108
0.342720
0.821382
0.000000
0.144284
0.913401
0.575665
0.675141
0.959795
0.227714
0.000000
0.506236
0.120859
0.231693
0.828052
0.262469
0.825665
0.744017
0.779706
0.272304
0.660620
0.311804
0.624940
0.784039
0.695060
0.362886
0.006854
0.101333
0.556178
0.902343
0.658253
0.708810
0.343219
0.492508
0.424893
0.856474
0.634272
0.113430
0.529745
0.930397
0.829626
0.652751
0.647262
0.000000
0.444386
0.000000
