0.366347
0.248602
0.841301
0.948727
0.855539
0.310102
0.000000
0.034986
0.624893
0.369068
0.980161
0.975075
0.723505
0.726755
0.592377
0.157783
0.175006
0.784168
0.496650
0.217797
0.482535
0.559552
0.695672
0.936747
0.729661
0.669460
0.228835
0.700377
0.820753
0.547100
0.412506
0.874584
0.644812
0.000000
0.261409
0.218128
0.802625
0.635797
0.517315
0.278161
0.007970
0.627085
0.000000
0.646168
0.581954
0.157233
0.992965
0.845197
0.492391
0.532613
0.319336
0.379592
0.000000
0.389751
0.936659
0.375311
0.289819
0.000000
0.844919
0.370894
0.573857
0.829324
0.674889
0.916912
0.000000
0.161357
0.564281
0.075986
0.502061
0.301341
0.191855
0.371144
0.384931
0.720377
0.449647
0.005364
0.902702
0.188052
0.548696
0.271704
0.181172
0.572758
0.754181
0.674690
0.911620
0.540801
0.275295
0.018036
0.615147
0.429492
0.922714
0.670864
0.175241
0.177720
0.939108
0.421970
0.646755
0.000000
0.179925
0.000000
