0.814956
0.662045
0.138008
0.486698
0.302306
0.389556
0.000000
0.063647
0.989504
0.515641
0.952336
0.767447
0.788800
0.432522
0.500151
0.778477
0.493930
0.465934
0.241542
0.920559
0.827652
0.488679
0.744824
0.797538
0.507208
0.548250
0.716840
0.088458
0.377622
0.814154
0.988880
0.648909
0.187605
0.000000
0.723869
0.517022
0.919244
0.501161
0.673092
0.728768
0.376333
0.096853
0.000000
0.779382
0.124798
0.231831
0.974639
0.814471
0.558275
0.718340
0.143016
0.497226
0.000000
0.559745
0.807912
0.337005
0.149695
0.000000
0.421253
0.963858
0.128318
0.813261
0.562097
0.687618
0.000000
0.202021
0.840188
0.545040
0.844208
0.188166
0.423154
0.220757
0.758331
0.710735
0.453221
0.423655
0.265295
0.217476
0.197121
0.047533
0.283288
0.471252
0.597171
0.594928
0.916125
0.290000
0.132408
0.780104
0.730246
0.899253
0.466874
0.927235
0.133312
0.218406
0.623699
0.422510
0.541800
0.000000
0.142083
0.000000
