0.947843
0.715869
0.711516
0.722210
0.382294
0.754308
0.000000
0.091271
0.925003
0.307643
0.438215
0.449827
0.864117
0.074625
0.346306
0.301647
0.090863
0.676772
0.210321
0.472411
0.845605
0.418016
0.515596
0.596456
0.364016
0.482066
0.211473
0.832055
0.233646
0.432243
0.129870
0.754891
0.315150
0.000000
0.394906
0.525471
0.967851
0.207255
0.696577
0.785066
0.116706
0.343704
0.000000
0.819822
0.650665
0.960835
0.875728
0.949793
0.598577
0.847724
0.201836
0.488679
0.000000
0.868629
0.592051
0.215866
0.085208
0.000000
0.982341
0.861651
0.917244
0.672612
0.955054
0.384248
0.000000
0.225114
0.917125
0.494550
0.347746
0.278430
0.501821
0.035798
0.236351
0.705315
0.787172
0.128757
0.874696
0.409647
0.887573
0.856486
0.617753
0.775019
0.628795
0.196154
0.872775
0.491491
0.136519
0.426063
0.961348
0.846079
0.783068
0.280127
0.046524
0.041517
0.666381
0.478543
0.771897
0.000000
0.295675
0.000000
