0.691689
0.740201
0.500434
0.977980
0.359200
0.225421
0.000000
0.040406
0.802621
0.258162
0.586028
0.871353
0.898500
0.273646
0.425217
0.112033
0.146685
0.829495
0.821688
0.373370
0.305807
0.612862
0.794572
0.562692
0.639125
0.751572
0.135951
0.814853
0.429702
0.919231
0.137107
0.955625
0.776025
0.000000
0.249953
0.307939
0.690604
0.254973
0.532965
0.230245
0.018832
0.752915
0.000000
0.891965
0.737740
0.446955
0.671662
0.730718
0.514945
0.249842
0.382547
0.380293
0.000000
0.864461
0.564640
0.350436
0.303717
0.000000
0.872212
0.339789
0.918686
0.919074
0.584982
0.516642
0.000000
0.303373
0.811999
0.064421
0.863138
0.332765
0.073645
0.097850
0.237616
0.352555
0.760442
0.002799
0.820372
0.480244
0.418352
0.562166
0.377661
0.975280
0.782358
0.712794
0.762725
0.361300
0.034276
0.254287
0.963332
0.606230
0.719503
0.876356
0.107023
0.053010
0.818459
0.572713
0.570222
0.000000
0.080732
0.000000
