0.542774
0.356259
0.706933
0.908566
0.644223
0.189867
0.000000
0.049444
0.636911
0.235334
0.696179
0.846815
0.692005
0.736649
0.553064
0.155736
0.164277
0.849916
0.721277
0.363472
0.323604
0.629965
0.637611
0.520494
0.702653
0.614562
0.222809
0.629891
0.541292
0.808925
0.251290
0.903488
0.704509
0.000000
0.254719
0.190171
0.754672
0.390856
0.468392
0.139362
0.017806
0.818377
0.000000
0.758745
0.842505
0.252604
0.992352
0.809896
0.632851
0.364810
0.265770
0.378977
0.000000
0.565480
0.781392
0.453710
0.293606
0.000000
0.831604
0.364316
0.836029
0.950536
0.600011
0.692851
0.000000
0.239337
0.866291
0.067381
0.609048
0.378847
0.155955
0.186522
0.241102
0.674158
0.770026
0.005194
0.856190
0.284412
0.529294
0.468161
0.178366
0.921853
0.685040
0.792487
0.824098
0.281145
0.070675
0.106660
0.807568
0.502379
0.682383
0.675106
0.158396
0.127838
0.866043
0.425867
0.529679
0.000000
0.082544
0.000000
