0.691119
0.593544
0.711910
0.033938
0.328094
0.432660
0.000000
0.664574
0.793601
0.065708
0.409984
0.392254
0.085978
0.880539
0.833221
0.905673
0.427378
0.224190
0.727490
0.594632
0.561351
0.646529
0.445420
0.240963
0.504286
0.842603
0.233103
0.325131
0.911651
0.687357
0.542885
0.125727
0.578452
0.000000
0.227743
0.311430
0.219914
0.792133
0.235227
0.088146
0.270130
0.050665
0.000000
0.425595
0.709686
0.189902
0.624417
0.074847
0.225123
0.260713
0.415653
0.173668
0.000000
0.624201
0.504407
0.786228
0.276900
0.000000
0.493845
0.005847
0.436178
0.404558
0.650994
0.671064
0.000000
0.029138
0.458605
0.185317
0.965985
0.764008
0.230308
0.192420
0.633272
0.142113
0.401702
0.644561
0.707559
0.189771
0.171366
0.401706
0.034298
0.475831
0.102827
0.211335
0.810251
0.245952
0.253959
0.890047
0.157926
0.330144
0.315147
0.359923
0.289877
0.075159
0.433722
0.875581
0.783808
0.000000
0.378557
0.000000
