0.403197
0.252568
0.541831
0.827367
0.642602
0.390330
0.000000
0.025436
0.910749
0.471384
0.738085
0.761436
0.892585
0.590137
0.676429
0.132024
0.172918
0.664505
0.387852
0.292391
0.565544
0.669874
0.690797
0.997967
0.700992
0.686912
0.322920
0.881045
0.989902
0.353265
0.665862
0.957813
0.713402
0.000000
0.171220
0.214985
0.709664
0.920185
0.694932
0.502881
0.019840
0.568492
0.000000
0.498247
0.442641
0.212226
0.792811
0.748117
0.564159
0.638307
0.477107
0.365953
0.000000
0.343336
0.877065
0.534468
0.228312
0.000000
0.636344
0.331514
0.593027
0.834796
0.653391
0.526759
0.000000
0.108984
0.463596
0.043355
0.302626
0.169864
0.190854
0.767924
0.459882
0.693195
0.430214
0.004328
0.692677
0.144217
0.603673
0.166519
0.167127
0.552474
0.832981
0.665029
0.866117
0.728837
0.530585
0.006446
0.661747
0.396669
0.959662
0.644713
0.173480
0.093125
0.664749
0.484193
0.905954
0.000000
0.208584
0.000000
