0.462006
0.313010
0.568776
0.794028
0.539170
0.589339
0.000000
0.016622
0.699441
0.374180
0.539405
0.923815
0.992595
0.733369
0.578516
0.162461
0.209280
0.480747
0.448196
0.479675
0.682733
0.989693
0.493890
0.933250
0.747684
0.989438
0.508381
0.798278
0.977870
0.629143
0.638453
0.729353
0.776969
0.000000
0.098047
0.144771
0.687954
0.925012
0.937469
0.400332
0.038378
0.391397
0.000000
0.454858
0.427613
0.272285
0.841116
0.686148
0.940949
0.692304
0.433312
0.611183
0.000000
0.362395
0.646172
0.822259
0.228340
0.000000
0.574682
0.350231
0.547223
0.792986
0.553190
0.440867
0.000000
0.096080
0.477054
0.030516
0.159346
0.073157
0.119008
0.726498
0.336534
0.877048
0.386925
0.006378
0.829181
0.222231
0.728924
0.198849
0.104409
0.887938
0.806692
0.758451
0.814214
0.881709
0.510516
0.009999
0.959983
0.488258
0.836006
0.728585
0.132861
0.065042
0.341132
0.511093
0.716039
0.000000
0.135575
0.000000
