0.560821
0.270755
0.611192
0.134490
0.353341
0.405206
0.000000
0.666169
0.975612
0.045286
0.206601
0.146859
0.246329
0.995745
0.734879
0.833471
0.523937
0.139556
0.568350
0.462153
0.791463
0.526992
0.545137
0.458485
0.743741
0.881252
0.328039
0.134537
0.926055
0.835950
0.366392
0.074926
0.536183
0.000000
0.169035
0.411231
0.444287
0.904292
0.177923
0.188433
0.518653
0.053475
0.000000
0.298856
0.559848
0.093759
0.516697
0.043630
0.176855
0.204692
0.307736
0.225669
0.000000
0.906439
0.229495
0.655443
0.320342
0.000000
0.484151
0.012453
0.425899
0.641004
0.519382
0.906690
0.000000
0.015546
0.434802
0.182870
0.822506
0.488279
0.214663
0.207250
0.741551
0.252099
0.215880
0.634407
0.671425
0.198241
0.197172
0.726500
0.015702
0.347685
0.160072
0.442846
0.731881
0.192219
0.123127
0.707332
0.359823
0.710447
0.298131
0.357773
0.391818
0.122631
0.409652
0.997985
0.472320
0.000000
0.421681
0.000000
