0.979417
0.780137
0.640963
0.880584
0.261711
0.535215
0.000000
0.051009
0.822947
0.214259
0.556937
0.707491
0.816991
0.137998
0.301446
0.102256
0.161188
0.826055
0.406234
0.293144
0.751273
0.456358
0.651945
0.593836
0.873265
0.986833
0.101024
0.821438
0.282588
0.805961
0.065993
0.920043
0.658890
0.000000
0.294771
0.375640
0.874820
0.214281
0.509814
0.455840
0.028037
0.496915
0.000000
0.908047
0.519614
0.839213
0.656627
0.722758
0.473560
0.413391
0.427194
0.454914
0.000000
0.910105
0.478404
0.207879
0.194895
0.000000
0.921767
0.524056
0.898361
0.899158
0.856360
0.453211
0.000000
0.231931
0.920607
0.191168
0.681462
0.336881
0.120778
0.032413
0.273105
0.259738
0.766220
0.013488
0.839177
0.451243
0.602400
0.890587
0.570199
0.765204
0.689533
0.458068
0.961902
0.501484
0.050887
0.305630
0.928793
0.766186
0.974687
0.664734
0.103188
0.034102
0.958487
0.770238
0.904403
0.000000
0.203170
0.000000
