0.681852
0.517577
0.288008
0.089874
0.450335
0.597188
0.000000
0.714260
0.225522
0.158146
0.299237
0.367829
0.959054
0.592130
0.021641
0.931406
0.146757
0.839725
0.709472
0.076869
0.394748
0.625335
0.515596
0.828821
0.265085
0.494319
0.568205
0.838188
0.640042
1.000000
0.905730
0.093005
0.308741
0.000000
0.990303
0.506202
0.781714
0.562921
0.469505
0.299541
0.609597
0.886249
0.000000
0.190299
0.982796
0.297344
0.370429
0.144642
0.494632
0.877910
0.524582
0.877246
0.000000
0.430209
0.120367
0.859666
0.266728
0.000000
0.280582
0.228705
0.570879
0.756478
0.279190
0.706143
0.000000
0.151688
0.697663
0.575037
0.553811
0.342200
0.628690
0.120760
0.818616
0.528525
0.471551
0.170532
0.428320
0.117474
0.579446
0.452939
0.007070
0.794993
0.965725
0.793186
0.637651
0.442802
0.464661
0.665895
0.364106
0.881051
0.841297
0.703063
0.617354
0.396041
0.532901
0.782867
0.601011
0.000000
0.464632
0.000000
