0.654939
0.431759
0.456851
0.172821
0.909956
0.638049
0.000000
0.931751
0.628442
0.145943
0.158911
0.150661
0.434959
0.808099
0.342297
0.508821
0.776182
0.297997
0.633445
0.135318
0.980604
0.652957
0.391426
0.594372
0.675876
0.942276
0.364284
0.171874
0.968563
0.897164
0.800936
0.099036
0.853146
0.000000
0.652229
0.501409
0.593853
0.612127
0.101679
0.177536
0.972783
0.119491
0.000000
0.164602
0.587293
0.171174
0.179625
0.046017
0.158500
0.142780
0.283504
0.359829
0.000000
0.793609
0.394856
0.583478
0.347200
0.000000
0.424666
0.037082
0.221426
0.789843
0.130443
0.565369
0.000000
0.015333
0.552528
0.341355
0.459857
0.726600
0.325062
0.046183
0.964125
0.243043
0.401800
0.952815
0.736967
0.065703
0.549451
0.922295
0.014113
0.599210
0.899140
0.696157
0.893904
0.343953
0.084456
0.885657
0.407266
0.408709
0.882616
0.748023
0.974809
0.408814
0.557531
0.962364
0.355704
0.000000
0.281872
0.000000
