0.679741
0.560035
0.367415
0.202234
0.556072
0.579241
0.000000
0.906892
0.617136
0.273391
0.148592
0.410064
0.673801
0.756696
0.227479
0.583827
0.444755
0.542438
0.434943
0.060096
0.684845
0.908127
0.347088
0.547261
0.409960
0.881406
0.303081
0.225577
0.960907
0.860961
0.914905
0.109364
0.841754
0.000000
0.935021
0.731577
0.682319
0.592870
0.278854
0.206410
0.789116
0.217276
0.000000
0.308377
0.838676
0.230247
0.142201
0.156836
0.182161
0.305466
0.204311
0.384619
0.000000
0.729238
0.489104
0.662292
0.234142
0.000000
0.258446
0.078214
0.408084
0.747012
0.099606
0.416318
0.000000
0.005371
0.876728
0.532350
0.512437
0.705529
0.508745
0.082387
0.933127
0.322671
0.537961
0.848355
0.563928
0.038649
0.486755
0.725984
0.005198
0.505273
0.929814
0.788602
0.944026
0.469558
0.108846
0.849309
0.543518
0.528688
0.862993
0.943374
0.797941
0.631884
0.673203
0.685994
0.301244
0.000000
0.231868
0.000000
