0.525050
0.197913
0.600114
0.230591
0.501666
0.495926
0.000000
0.798819
0.775951
0.071905
0.123130
0.110618
0.299935
0.958881
0.523563
0.628000
0.758336
0.169263
0.651223
0.290408
0.909193
0.520486
0.555350
0.632014
0.991106
0.810967
0.314459
0.154926
0.827808
0.926664
0.439460
0.071961
0.690124
0.000000
0.230746
0.386040
0.536161
0.730527
0.081239
0.243061
0.760154
0.091867
0.000000
0.206134
0.481230
0.085617
0.255374
0.045710
0.153370
0.113766
0.315964
0.261401
0.000000
0.776365
0.248695
0.547515
0.422502
0.000000
0.545861
0.028762
0.325034
0.924232
0.240214
0.779019
0.000000
0.026742
0.584805
0.193986
0.644194
0.607834
0.205428
0.080610
0.901220
0.259593
0.324954
0.740821
0.708839
0.112772
0.367414
0.932962
0.008928
0.490393
0.542122
0.617690
0.752412
0.295726
0.066229
0.644539
0.336169
0.572530
0.641447
0.532116
0.656033
0.197625
0.395407
0.847262
0.378156
0.000000
0.369590
0.000000
