0.691119
0.560821
0.525050
0.654939
0.679741
0.593042
0.681852
0.765403
0.807394
0.814956
0.761110
0.947843
0.979417
0.691689
0.542774
0.366347
0.403197
0.462006
0.593544
0.270755
0.197913
0.431759
0.560035
0.435125
0.517577
0.930656
0.651151
0.662045
0.916834
0.715869
0.780137
0.740201
0.356259
0.248602
0.252568
0.313010
0.711910
0.611192
0.600114
0.456851
0.367415
0.328392
0.288008
0.208388
0.109291
0.138008
0.400237
0.711516
0.640963
0.500434
0.706933
0.841301
0.541831
0.568776
0.033938
0.134490
0.230591
0.172821
0.202234
0.234316
0.089874
0.029970
0.159219
0.486698
0.450029
0.722210
0.880584
0.977980
0.908566
0.948727
0.827367
0.794028
0.328094
0.353341
0.501666
0.909956
0.556072
0.439028
0.450335
0.545471
0.790478
0.302306
0.357376
0.382294
0.261711
0.359200
0.644223
0.855539
0.642602
0.539170
0.432660
0.405206
0.495926
0.638049
0.579241
0.709218
0.597188
0.666810
0.484046
0.389556
0.596193
0.754308
0.535215
0.225421
0.189867
0.310102
0.390330
0.589339
0.000000
0.000000
0.000000
0.000000
0.000000
0.000000
0.000000
0.000000
0.000000
0.000000
0.000000
0.000000
0.000000
0.000000
0.000000
0.000000
0.000000
0.000000
0.664574
0.666169
0.798819
0.931751
0.906892
0.854687
0.714260
0.664216
0.906892
0.063647
0.038077
0.091271
0.051009
0.040406
0.049444
0.034986
0.025436
0.016622
0.793601
0.975612
0.775951
0.628442
0.617136
0.432083
0.225522
0.173964
0.175408
0.989504
0.933415
0.925003
0.822947
0.802621
0.636911
0.624893
0.910749
0.699441
0.065708
0.045286
0.071905
0.145943
0.273391
0.113773
0.158146
0.187823
0.049756
0.515641
0.875281
0.307643
0.214259
0.258162
0.235334
0.369068
0.471384
0.374180
0.409984
0.206601
0.123130
0.158911
0.148592
0.107877
0.299237
0.468628
0.661142
0.952336
0.523189
0.438215
0.556937
0.586028
0.696179
0.980161
0.738085
0.539405
0.392254
0.146859
0.110618
0.150661
0.410064
0.978769
0.367829
0.267104
0.810804
0.767447
0.425597
0.449827
0.707491
0.871353
0.846815
0.975075
0.761436
0.923815
0.085978
0.246329
0.299935
0.434959
0.673801
0.980768
0.959054
0.830882
0.828328
0.788800
0.813693
0.864117
0.816991
0.898500
0.692005
0.723505
0.892585
0.992595
0.880539
0.995745
0.958881
0.808099
0.756696
0.425862
0.592130
0.820753
0.901372
0.432522
0.121080
0.074625
0.137998
0.273646
0.736649
0.726755
0.590137
0.733369
0.833221
0.734879
0.523563
0.342297
0.227479
0.091096
0.021641
0.020649
0.108028
0.500151
0.982982
0.346306
0.301446
0.425217
0.553064
0.592377
0.676429
0.578516
0.905673
0.833471
0.628000
0.508821
0.583827
0.638313
0.931406
0.777880
0.789855
0.778477
0.986360
0.301647
0.102256
0.112033
0.155736
0.157783
0.132024
0.162461
0.427378
0.523937
0.758336
0.776182
0.444755
0.278748
0.146757
0.100209
0.151900
0.493930
0.096944
0.090863
0.161188
0.146685
0.164277
0.175006
0.172918
0.209280
0.224190
0.139556
0.169263
0.297997
0.542438
0.886273
0.839725
0.277030
0.155229
0.465934
0.902459
0.676772
0.826055
0.829495
0.849916
0.784168
0.664505
0.480747
0.727490
0.568350
0.651223
0.633445
0.434943
0.540871
0.709472
0.727438
0.586914
0.241542
0.255862
0.210321
0.406234
0.821688
0.721277
0.496650
0.387852
0.448196
0.594632
0.462153
0.290408
0.135318
0.060096
0.027594
0.076869
0.569091
0.773265
0.920559
0.734553
0.472411
0.293144
0.373370
0.363472
0.217797
0.292391
0.479675
0.561351
0.791463
0.909193
0.980604
0.684845
0.433474
0.394748
0.532739
0.583475
0.827652
0.896288
0.845605
0.751273
0.305807
0.323604
0.482535
0.565544
0.682733
0.646529
0.526992
0.520486
0.652957
0.908127
0.532582
0.625335
0.518427
0.263349
0.488679
0.528435
0.418016
0.456358
0.612862
0.629965
0.559552
0.669874
0.989693
0.445420
0.545137
0.555350
0.391426
0.347088
0.475537
0.515596
0.821595
0.617739
0.744824
0.870631
0.515596
0.651945
0.794572
0.637611
0.695672
0.690797
0.493890
0.240963
0.458485
0.632014
0.594372
0.547261
0.709203
0.828821
0.819754
0.693088
0.797538
0.711177
0.596456
0.593836
0.562692
0.520494
0.936747
0.997967
0.933250
0.504286
0.743741
0.991106
0.675876
0.409960
0.338529
0.265085
0.214420
0.344891
0.507208
0.185928
0.364016
0.873265
0.639125
0.702653
0.729661
0.700992
0.747684
0.842603
0.881252
0.810967
0.942276
0.881406
0.846241
0.494319
0.484197
0.484783
0.548250
0.128793
0.482066
0.986833
0.751572
0.614562
0.669460
0.686912
0.989438
0.233103
0.328039
0.314459
0.364284
0.303081
0.238839
0.568205
0.913539
0.788194
0.716840
0.625130
0.211473
0.101024
0.135951
0.222809
0.228835
0.322920
0.508381
0.325131
0.134537
0.154926
0.171874
0.225577
0.489966
0.838188
0.887113
0.647935
0.088458
0.335403
0.832055
0.821438
0.814853
0.629891
0.700377
0.881045
0.798278
0.911651
0.926055
0.827808
0.968563
0.960907
0.781094
0.640042
0.820894
0.921907
0.377622
0.245937
0.233646
0.282588
0.429702
0.541292
0.820753
0.989902
0.977870
0.687357
0.835950
0.926664
0.897164
0.860961
0.983321
1.000000
0.804532
0.628408
0.814154
0.560035
0.432243
0.805961
0.919231
0.808925
0.547100
0.353265
0.629143
0.542885
0.366392
0.439460
0.800936
0.914905
0.833111
0.905730
0.595360
0.357643
0.988880
0.430357
0.129870
0.065993
0.137107
0.251290
0.412506
0.665862
0.638453
0.125727
0.074926
0.071961
0.099036
0.109364
0.057617
0.093005
0.344007
0.939515
0.648909
0.661320
0.754891
0.920043
0.955625
0.903488
0.874584
0.957813
0.729353
0.578452
0.536183
0.690124
0.853146
0.841754
0.548563
0.308741
0.083804
0.022845
0.187605
0.239699
0.315150
0.658890
0.776025
0.704509
0.644812
0.713402
0.776969
0.000000
0.000000
0.000000
0.000000
0.000000
0.000000
0.000000
0.000000
0.000000
0.000000
0.000000
0.000000
0.000000
0.000000
0.000000
0.000000
0.000000
0.000000
0.227743
0.169035
0.230746
0.652229
0.935021
0.967227
0.990303
0.838374
0.764986
0.723869
0.520029
0.394906
0.294771
0.249953
0.254719
0.261409
0.171220
0.098047
0.311430
0.411231
0.386040
0.501409
0.731577
0.979887
0.506202
0.250236
0.380689
0.517022
0.696098
0.525471
0.375640
0.307939
0.190171
0.218128
0.214985
0.144771
0.219914
0.444287
0.536161
0.593853
0.682319
0.938909
0.781714
0.830056
0.848128
0.919244
0.845301
0.967851
0.874820
0.690604
0.754672
0.802625
0.709664
0.687954
0.792133
0.904292
0.730527
0.612127
0.592870
0.493659
0.562921
0.928587
0.815882
0.501161
0.209584
0.207255
0.214281
0.254973
0.390856
0.635797
0.920185
0.925012
0.235227
0.177923
0.081239
0.101679
0.278854
0.496258
0.469505
0.306274
0.260552
0.673092
0.870997
0.696577
0.509814
0.532965
0.468392
0.517315
0.694932
0.937469
0.088146
0.188433
0.243061
0.177536
0.206410
0.225811
0.299541
0.269342
0.255976
0.728768
0.809070
0.785066
0.455840
0.230245
0.139362
0.278161
0.502881
0.400332
0.270130
0.518653
0.760154
0.972783
0.789116
0.691674
0.609597
0.943183
0.543900
0.376333
0.271881
0.116706
0.028037
0.018832
0.017806
0.007970
0.019840
0.038378
0.050665
0.053475
0.091867
0.119491
0.217276
0.616457
0.886249
0.922935
0.737544
0.096853
0.156810
0.343704
0.496915
0.752915
0.818377
0.627085
0.568492
0.391397
0.000000
0.000000
0.000000
0.000000
0.000000
0.000000
0.000000
0.000000
0.000000
0.000000
0.000000
0.000000
0.000000
0.000000
0.000000
0.000000
0.000000
0.000000
0.425595
0.298856
0.206134
0.164602
0.308377
0.264199
0.190299
0.566370
0.979683
0.779382
0.871519
0.819822
0.908047
0.891965
0.758745
0.646168
0.498247
0.454858
0.709686
0.559848
0.481230
0.587293
0.838676
0.946722
0.982796
0.390694
0.081179
0.124798
0.613042
0.650665
0.519614
0.737740
0.842505
0.581954
0.442641
0.427613
0.189902
0.093759
0.085617
0.171174
0.230247
0.211415
0.297344
0.345223
0.217853
0.231831
0.489998
0.960835
0.839213
0.446955
0.252604
0.157233
0.212226
0.272285
0.624417
0.516697
0.255374
0.179625
0.142201
0.213644
0.370429
0.368468
0.974639
0.974639
0.646341
0.875728
0.656627
0.671662
0.992352
0.992965
0.792811
0.841116
0.074847
0.043630
0.045710
0.046017
0.156836
0.256258
0.144642
0.207676
0.196829
0.814471
0.587868
0.949793
0.722758
0.730718
0.809896
0.845197
0.748117
0.686148
0.225123
0.176855
0.153370
0.158500
0.182161
0.387915
0.494632
0.446977
0.934074
0.558275
0.768835
0.598577
0.473560
0.514945
0.632851
0.492391
0.564159
0.940949
0.260713
0.204692
0.113766
0.142780
0.305466
0.581096
0.877910
0.936771
0.958907
0.718340
0.648290
0.847724
0.413391
0.249842
0.364810
0.532613
0.638307
0.692304
0.415653
0.307736
0.315964
0.283504
0.204311
0.201251
0.524582
0.622101
0.598003
0.143016
0.114085
0.201836
0.427194
0.382547
0.265770
0.319336
0.477107
0.433312
0.173668
0.225669
0.261401
0.359829
0.384619
0.630048
0.877246
0.863513
0.328764
0.497226
0.640087
0.488679
0.454914
0.380293
0.378977
0.379592
0.365953
0.611183
0.000000
0.000000
0.000000
0.000000
0.000000
0.000000
0.000000
0.000000
0.000000
0.000000
0.000000
0.000000
0.000000
0.000000
0.000000
0.000000
0.000000
0.000000
0.624201
0.906439
0.776365
0.793609
0.729238
0.529316
0.430209
0.379530
0.819959
0.559745
0.675326
0.868629
0.910105
0.864461
0.565480
0.389751
0.343336
0.362395
0.504407
0.229495
0.248695
0.394856
0.489104
0.244001
0.120367
0.272266
0.471108
0.807912
0.837154
0.592051
0.478404
0.564640
0.781392
0.936659
0.877065
0.646172
0.786228
0.655443
0.547515
0.583478
0.662292
0.801131
0.859666
0.681187
0.342720
0.337005
0.334466
0.215866
0.207879
0.350436
0.453710
0.375311
0.534468
0.822259
0.276900
0.320342
0.422502
0.347200
0.234142
0.224379
0.266728
0.589191
0.821382
0.149695
0.081130
0.085208
0.194895
0.303717
0.293606
0.289819
0.228312
0.228340
0.000000
0.000000
0.000000
0.000000
0.000000
0.000000
0.000000
0.000000
0.000000
0.000000
0.000000
0.000000
0.000000
0.000000
0.000000
0.000000
0.000000
0.000000
0.493845
0.484151
0.545861
0.424666
0.258446
0.282101
0.280582
0.167984
0.144284
0.421253
0.863873
0.982341
0.921767
0.872212
0.831604
0.844919
0.636344
0.574682
0.005847
0.012453
0.028762
0.037082
0.078214
0.159191
0.228705
0.429489
0.913401
0.963858
0.979129
0.861651
0.524056
0.339789
0.364316
0.370894
0.331514
0.350231
0.436178
0.425899
0.325034
0.221426
0.408084
0.786059
0.570879
0.196137
0.575665
0.128318
0.529987
0.917244
0.898361
0.918686
0.836029
0.573857
0.593027
0.547223
0.404558
0.641004
0.924232
0.789843
0.747012
0.894601
0.756478
0.705169
0.675141
0.813261
0.853404
0.672612
0.899158
0.919074
0.950536
0.829324
0.834796
0.792986
0.650994
0.519382
0.240214
0.130443
0.099606
0.120453
0.279190
0.673009
0.959795
0.562097
0.590272
0.955054
0.856360
0.584982
0.600011
0.674889
0.653391
0.553190
0.671064
0.906690
0.779019
0.565369
0.416318
0.427083
0.706143
0.529322
0.227714
0.687618
0.509898
0.384248
0.453211
0.516642
0.692851
0.916912
0.526759
0.440867
0.000000
0.000000
0.000000
0.000000
0.000000
0.000000
0.000000
0.000000
0.000000
0.000000
0.000000
0.000000
0.000000
0.000000
0.000000
0.000000
0.000000
0.000000
0.029138
0.015546
0.026742
0.015333
0.005371
0.026104
0.151688
0.389575
0.506236
0.202021
0.252159
0.225114
0.231931
0.303373
0.239337
0.161357
0.108984
0.096080
0.458605
0.434802
0.584805
0.552528
0.876728
0.800960
0.697663
0.209913
0.120859
0.840188
0.921525
0.917125
0.920607
0.811999
0.866291
0.564281
0.463596
0.477054
0.185317
0.182870
0.193986
0.341355
0.532350
0.747956
0.575037
0.221344
0.231693
0.545040
0.469192
0.494550
0.191168
0.064421
0.067381
0.075986
0.043355
0.030516
0.965985
0.822506
0.644194
0.459857
0.512437
0.722035
0.553811
0.459021
0.828052
0.844208
0.459021
0.347746
0.681462
0.863138
0.609048
0.502061
0.302626
0.159346
0.764008
0.488279
0.607834
0.726600
0.705529
0.518826
0.342200
0.317050
0.262469
0.188166
0.138341
0.278430
0.336881
0.332765
0.378847
0.301341
0.169864
0.073157
0.230308
0.214663
0.205428
0.325062
0.508745
0.981885
0.628690
0.898806
0.825665
0.423154
0.935501
0.501821
0.120778
0.073645
0.155955
0.191855
0.190854
0.119008
0.192420
0.207250
0.080610
0.046183
0.082387
0.125408
0.120760
0.148353
0.744017
0.220757
0.026213
0.035798
0.032413
0.097850
0.186522
0.371144
0.767924
0.726498
0.633272
0.741551
0.901220
0.964125
0.933127
0.935402
0.818616
0.666737
0.779706
0.758331
0.467416
0.236351
0.273105
0.237616
0.241102
0.384931
0.459882
0.336534
0.142113
0.252099
0.259593
0.243043
0.322671
0.445729
0.528525
0.296063
0.272304
0.710735
0.918139
0.705315
0.259738
0.352555
0.674158
0.720377
0.693195
0.877048
0.401702
0.215880
0.324954
0.401800
0.537961
0.538297
0.471551
0.719512
0.660620
0.453221
0.743347
0.787172
0.766220
0.760442
0.770026
0.449647
0.430214
0.386925
0.644561
0.634407
0.740821
0.952815
0.848355
0.447928
0.170532
0.103133
0.311804
0.423655
0.291604
0.128757
0.013488
0.002799
0.005194
0.005364
0.004328
0.006378
0.707559
0.671425
0.708839
0.736967
0.563928
0.313131
0.428320
0.646903
0.624940
0.265295
0.369383
0.874696
0.839177
0.820372
0.856190
0.902702
0.692677
0.829181
0.189771
0.198241
0.112772
0.065703
0.038649
0.046929
0.117474
0.550539
0.784039
0.217476
0.331575
0.409647
0.451243
0.480244
0.284412
0.188052
0.144217
0.222231
0.171366
0.197172
0.367414
0.549451
0.486755
0.467553
0.579446
0.726016
0.695060
0.197121
0.487958
0.887573
0.602400
0.418352
0.529294
0.548696
0.603673
0.728924
0.401706
0.726500
0.932962
0.922295
0.725984
0.613987
0.452939
0.591272
0.362886
0.047533
0.233762
0.856486
0.890587
0.562166
0.468161
0.271704
0.166519
0.198849
0.034298
0.015702
0.008928
0.014113
0.005198
0.001369
0.007070
0.013840
0.006854
0.283288
0.967058
0.617753
0.570199
0.377661
0.178366
0.181172
0.167127
0.104409
0.475831
0.347685
0.490393
0.599210
0.505273
0.654167
0.794993
0.409265
0.101333
0.471252
0.941172
0.775019
0.765204
0.975280
0.921853
0.572758
0.552474
0.887938
0.102827
0.160072
0.542122
0.899140
0.929814
0.880916
0.965725
0.781491
0.556178
0.597171
0.933682
0.628795
0.689533
0.782358
0.685040
0.754181
0.832981
0.806692
0.211335
0.442846
0.617690
0.696157
0.788602
0.824642
0.793186
0.868709
0.902343
0.594928
0.205054
0.196154
0.458068
0.712794
0.792487
0.674690
0.665029
0.758451
0.810251
0.731881
0.752412
0.893904
0.944026
0.627231
0.637651
0.715243
0.658253
0.916125
0.961204
0.872775
0.961902
0.762725
0.824098
0.911620
0.866117
0.814214
0.245952
0.192219
0.295726
0.343953
0.469558
0.983912
0.442802
0.568788
0.708810
0.290000
0.979522
0.491491
0.501484
0.361300
0.281145
0.540801
0.728837
0.881709
0.253959
0.123127
0.066229
0.084456
0.108846
0.233590
0.464661
0.896593
0.343219
0.132408
0.253314
0.136519
0.050887
0.034276
0.070675
0.275295
0.530585
0.510516
0.890047
0.707332
0.644539
0.885657
0.849309
0.721740
0.665895
0.523454
0.492508
0.780104
0.835074
0.426063
0.305630
0.254287
0.106660
0.018036
0.006446
0.009999
0.157926
0.359823
0.336169
0.407266
0.543518
0.479281
0.364106
0.297946
0.424893
0.730246
0.620720
0.961348
0.928793
0.963332
0.807568
0.615147
0.661747
0.959983
0.330144
0.710447
0.572530
0.408709
0.528688
0.651862
0.881051
0.904416
0.856474
0.899253
0.900281
0.846079
0.766186
0.606230
0.502379
0.429492
0.396669
0.488258
0.315147
0.298131
0.641447
0.882616
0.862993
0.807798
0.841297
0.942042
0.634272
0.466874
0.716218
0.783068
0.974687
0.719503
0.682383
0.922714
0.959662
0.836006
0.359923
0.357773
0.532116
0.748023
0.943374
0.935807
0.703063
0.220793
0.113430
0.927235
0.449803
0.280127
0.664734
0.876356
0.675106
0.670864
0.644713
0.728585
0.289877
0.391818
0.656033
0.974809
0.797941
0.721641
0.617354
0.518936
0.529745
0.133312
0.034314
0.046524
0.103188
0.107023
0.158396
0.175241
0.173480
0.132861
0.075159
0.122631
0.197625
0.408814
0.631884
0.691985
0.396041
0.433074
0.930397
0.218406
0.076794
0.041517
0.034102
0.053010
0.127838
0.177720
0.093125
0.065042
0.433722
0.409652
0.395407
0.557531
0.673203
0.906768
0.532901
0.683647
0.829626
0.623699
0.515051
0.666381
0.958487
0.818459
0.866043
0.939108
0.664749
0.341132
0.875581
0.997985
0.847262
0.962364
0.685994
0.714362
0.782867
0.713564
0.652751
0.422510
0.348528
0.478543
0.770238
0.572713
0.425867
0.421970
0.484193
0.511093
0.783808
0.472320
0.378156
0.355704
0.301244
0.279739
0.601011
0.953186
0.647262
0.541800
0.490321
0.771897
0.904403
0.570222
0.529679
0.646755
0.905954
0.716039
0.000000
0.000000
0.000000
0.000000
0.000000
0.000000
0.000000
0.000000
0.000000
0.000000
0.000000
0.000000
0.000000
0.000000
0.000000
0.000000
0.000000
0.000000
0.378557
0.421681
0.369590
0.281872
0.231868
0.268536
0.464632
0.611774
0.444386
0.142083
0.238997
0.295675
0.203170
0.080732
0.082544
0.179925
0.208584
0.135575
0.000000
0.000000
0.000000
0.000000
0.000000
0.000000
0.000000
0.000000
0.000000
0.000000
0.000000
0.000000
0.000000
0.000000
0.000000
0.000000
0.000000
0.000000
