0.466391
0.221538
0.346152
0.039690
0.917744
0.412908
0.029478
0.875474
0.925225
0.306339
0.949626
0.840328
0.360081
0.538493
0.781196
0.425509
0.125246
0.734277
0.188192
0.340844
0.912132
0.179416
0.556541
0.166873
0.962373
0.210703
0.730185
0.910281
0.759878
0.290241
0.382556
0.805491
0.308292
0.957079
0.363073
0.594874
0.362758
0.566637
0.638374
0.972407
0.766861
0.526646
0.523203
0.244290
0.984710
0.703109
0.297526
0.918718
0.127863
0.156438
0.102407
0.101946
0.476050
0.935882
0.542406
0.689248
0.525632
0.225685
0.475478
0.085270
0.873738
0.961169
0.691291
0.486998
0.338287
0.465451
0.620871
0.828550
0.277886
0.680406
0.945590
0.691972
0.190487
0.364814
0.968458
0.916111
0.024653
0.339188
0.333069
0.037100
0.232808
0.611861
0.888495
0.886083
0.676784
0.040232
0.170973
0.116625
0.144608
0.167305
0.655144
0.723133
0.614931
0.796496
0.796275
0.175963
0.703791
0.874510
0.350134
0.761231
