0.856535
0.315632
0.286783
0.033405
0.564525
0.353996
0.023320
0.361654
0.661888
0.707203
0.888125
0.590984
0.200392
0.665041
0.872381
0.733141
0.108199
0.354616
0.183389
0.315774
0.543645
0.172653
0.395171
0.205445
0.940421
0.520378
0.808327
0.686299
0.533572
0.310677
0.366561
0.352293
0.333959
0.990605
0.779858
0.635037
0.275696
0.669552
0.732004
0.767086
0.816996
0.756040
0.807019
0.278663
0.675427
0.611203
0.390822
0.737458
0.179508
0.115471
0.094584
0.121669
0.295218
0.772699
0.199294
0.775387
0.281654
0.318776
0.220997
0.176776
0.645513
0.959719
0.844065
0.122539
0.672036
0.533163
0.609234
0.703791
0.088847
0.264941
0.971771
0.611642
0.464137
0.574270
0.649091
0.932517
0.028813
0.140731
0.356795
0.231123
0.784092
0.617128
0.790309
0.358201
0.259993
0.059808
0.153914
0.163023
0.427103
0.101601
0.431909
0.649539
0.917093
0.688114
0.291312
0.545093
0.617568
0.554241
0.275311
0.639711
