0.856535
0.466391
0.315632
0.221538
0.286783
0.346152
0.033405
0.039690
0.564525
0.917744
0.353996
0.412908
0.023320
0.029478
0.361654
0.875474
0.661888
0.925225
0.707203
0.306339
0.888125
0.949626
0.590984
0.840328
0.200392
0.360081
0.665041
0.538493
0.872381
0.781196
0.733141
0.425509
0.108199
0.125246
0.354616
0.734277
0.183389
0.188192
0.315774
0.340844
0.543645
0.912132
0.172653
0.179416
0.395171
0.556541
0.205445
0.166873
0.940421
0.962373
0.520378
0.210703
0.808327
0.730185
0.686299
0.910281
0.533572
0.759878
0.310677
0.290241
0.366561
0.382556
0.352293
0.805491
0.333959
0.308292
0.990605
0.957079
0.779858
0.363073
0.635037
0.594874
0.275696
0.362758
0.669552
0.566637
0.732004
0.638374
0.767086
0.972407
0.816996
0.766861
0.756040
0.526646
0.807019
0.523203
0.278663
0.244290
0.675427
0.984710
0.611203
0.703109
0.390822
0.297526
0.737458
0.918718
0.179508
0.127863
0.115471
0.156438
0.094584
0.102407
0.121669
0.101946
0.295218
0.476050
0.772699
0.935882
0.199294
0.542406
0.775387
0.689248
0.281654
0.525632
0.318776
0.225685
0.220997
0.475478
0.176776
0.085270
0.645513
0.873738
0.959719
0.961169
0.844065
0.691291
0.122539
0.486998
0.672036
0.338287
0.533163
0.465451
0.609234
0.620871
0.703791
0.828550
0.088847
0.277886
0.264941
0.680406
0.971771
0.945590
0.611642
0.691972
0.464137
0.190487
0.574270
0.364814
0.649091
0.968458
0.932517
0.916111
0.028813
0.024653
0.140731
0.339188
0.356795
0.333069
0.231123
0.037100
0.784092
0.232808
0.617128
0.611861
0.790309
0.888495
0.358201
0.886083
0.259993
0.676784
0.059808
0.040232
0.153914
0.170973
0.163023
0.116625
0.427103
0.144608
0.101601
0.167305
0.431909
0.655144
0.649539
0.723133
0.917093
0.614931
0.688114
0.796496
0.291312
0.796275
0.545093
0.175963
0.617568
0.703791
0.554241
0.874510
0.275311
0.350134
0.639711
0.761231
