0.777132
0.885198
0.423392
0.011379
0.924206
0.884659
0.432533
0.205768
0.331858
0.815168
0.553769
0.986654
0.287674
0.658769
0.196174
0.874273
0.553675
0.105785
0.041209
0.040433
0.456723
0.556788
0.949995
0.029703
0.214368
0.774282
0.020456
0.571097
0.021758
0.297370
0.354203
0.897734
0.467551
0.117424
0.548205
0.641772
0.280962
0.873931
0.207352
0.274645
0.655357
0.006715
0.633833
0.696070
0.203818
0.773357
0.676911
0.024170
0.387211
0.032957
0.445012
0.664389
0.053764
0.930325
0.366522
0.663131
0.317888
0.021791
0.015727
0.748172
0.019832
0.648029
0.931120
0.750225
0.150363
0.434382
0.439075
0.177008
0.438195
0.025165
0.111313
0.237756
0.188308
0.761750
0.678933
0.552147
0.397370
0.096782
0.414108
0.544004
0.076417
0.202261
0.932659
0.525842
0.906944
0.270426
0.890061
0.978032
0.136851
0.472609
0.147246
0.783786
0.454099
0.846928
0.023966
0.234742
0.135262
0.674431
0.690165
0.438280
