0.452075
0.991691
0.219053
0.705762
0.958860
0.883131
0.134042
0.583992
0.550853
0.033376
0.800210
0.681091
0.833693
0.957317
0.679671
0.518980
0.005651
0.698219
0.686070
0.429396
0.675063
0.386077
0.457921
0.434505
0.842019
0.493880
0.547300
0.124269
0.147488
0.771903
0.881602
0.006843
0.330399
0.494186
0.180098
0.311047
0.508675
0.601071
0.002855
0.159772
0.643854
0.189236
0.092115
0.625902
0.053020
0.832937
0.140576
0.626245
0.352266
0.084261
0.112845
0.126538
0.661315
0.822746
0.423481
0.809581
0.778582
0.806204
0.059317
0.513970
0.632781
0.571415
0.784532
0.469147
0.838232
0.879309
0.840504
0.197360
0.533522
0.069060
0.170385
0.440508
0.201602
0.587656
0.413452
0.541832
0.378689
0.749766
0.311278
0.313598
0.624873
0.226961
0.877781
0.104315
0.579343
0.973532
0.621106
0.452657
0.592001
0.073076
0.081089
0.901128
0.135304
0.814465
0.318273
0.457042
0.727106
0.945744
0.469444
0.230520
