0.819963
0.213148
0.111941
0.290317
0.132533
0.065519
0.520346
0.067946
0.046631
0.426638
0.043337
0.463743
0.939261
0.873139
0.558151
0.559872
0.417805
0.339841
0.234328
0.433174
0.498760
0.820234
0.151498
0.462733
0.385730
0.649789
0.951253
0.956689
0.487797
0.884651
0.315369
0.463887
0.781672
0.097199
0.381180
0.162629
0.011170
0.215987
0.159193
0.011568
0.133519
0.773357
0.950498
0.475349
0.240980
0.105638
0.762285
0.813718
0.457639
0.933166
0.508252
0.035849
0.197920
0.903884
0.282254
0.029999
0.828435
0.722673
0.462324
0.033854
0.632283
0.771544
0.147481
0.187959
0.227159
0.058310
0.256375
0.985350
0.065242
0.182377
0.692947
0.748707
0.297753
0.003600
0.064768
0.934858
0.564431
0.067953
0.790159
0.030728
0.483283
0.496731
0.073225
0.613086
0.037593
0.742052
0.059842
0.959178
0.461123
0.850990
0.046315
0.873908
0.091875
0.586192
0.993524
0.902636
0.208922
0.350091
0.595349
0.096238
