0.560150
0.459157
0.122601
0.448176
0.515518
0.336504
0.118276
0.126225
0.554735
0.557972
0.021482
0.588068
0.072388
0.725141
0.231688
0.632085
0.394840
0.393231
0.903213
0.029874
0.088156
0.442151
0.760294
0.805174
0.660874
0.494277
0.907082
0.400769
0.163996
0.477187
0.996512
0.085048
0.306730
0.273466
0.352566
0.827966
0.515424
0.621215
0.964115
0.704116
0.103200
0.225579
0.972955
0.604892
0.820133
0.034595
0.325788
0.374752
0.571145
0.325004
0.943031
0.713464
0.200514
0.715104
0.307276
0.224199
0.930349
0.034110
0.916901
0.880128
0.467359
0.562622
0.826819
0.349989
0.207464
0.835554
0.558629
0.809319
0.756932
0.179288
0.206663
0.735480
0.849891
0.310317
0.350282
0.406004
0.561412
0.115376
0.861050
0.933827
0.466642
0.618717
0.080592
0.234768
0.945331
0.199225
0.983854
0.017653
0.378113
0.201153
0.499450
0.633361
0.527811
0.606181
0.737929
0.566681
0.097545
0.257721
0.030197
0.390695
