0.176942
0.456245
0.007574
0.346806
0.772417
0.340295
0.030876
0.001627
0.558056
0.502847
0.315213
0.676794
0.668942
0.794011
0.770157
0.260540
0.466176
0.447092
0.398536
0.222602
0.036944
0.049718
0.821055
0.835369
0.920377
0.451086
0.284241
0.815281
0.812277
0.713316
0.732741
0.690502
0.273449
0.931800
0.607876
0.541014
0.416465
0.671783
0.995616
0.676620
0.615118
0.371711
0.587546
0.268589
0.116454
0.858121
0.875107
0.018613
0.976015
0.171719
0.987802
0.080353
0.220510
0.680605
0.902911
0.947642
0.151052
0.671410
0.051911
0.242054
0.923458
0.762987
0.400638
0.309695
0.224133
0.109639
0.472479
0.795262
0.163909
0.376898
0.348536
0.540260
0.130317
0.661381
0.198900
0.952812
0.966621
0.097885
0.992105
0.998602
0.044032
0.204482
0.450559
0.679114
0.802718
0.235451
0.978477
0.581636
0.751082
0.213735
0.812280
0.986518
0.653970
0.185044
0.785202
0.690810
0.197679
0.366626
0.677952
0.558036
