0.531127
0.686040
0.022687
0.593087
0.418887
0.506836
0.495714
0.169440
0.808326
0.010816
0.484566
0.244054
0.000283
0.819298
0.035383
0.671960
0.501800
0.718891
0.729208
0.867717
0.736406
0.438713
0.250586
0.169245
0.618291
0.653543
0.984325
0.884547
0.621804
0.524272
0.589382
0.002761
0.084573
0.302025
0.724010
0.618682
0.557818
0.505635
0.941891
0.891953
0.897752
0.983312
0.031742
0.360421
0.180038
0.137243
0.257247
0.549309
0.069989
0.365901
0.531162
0.895483
0.936922
0.342461
0.555866
0.451296
0.616620
0.422772
0.346048
0.050775
0.511277
0.918081
0.229496
0.387832
0.826075
0.759988
0.059340
0.936130
0.399075
0.958093
0.485248
0.540906
0.981245
0.814313
0.257673
0.603012
0.045985
0.994854
0.310773
0.170516
0.446016
0.337051
0.253290
0.073685
0.593817
0.227711
0.414501
0.095114
0.112325
0.593363
0.421129
0.399681
0.564219
0.067130
0.368163
0.612922
0.777971
0.513964
0.746299
0.123975
