0.445659
0.055793
0.026869
0.744198
0.556933
0.426925
0.966490
0.480533
0.688700
0.861485
0.052393
0.928878
0.109806
0.131778
0.297818
0.957387
0.084736
0.493115
0.920147
0.935265
0.858464
0.624748
0.331046
0.397262
0.082744
0.022259
0.794008
0.753673
0.446429
0.872588
0.608236
0.639575
0.193881
0.858484
0.894854
0.464175
0.103678
0.398394
0.754561
0.765503
0.257077
0.071678
0.811809
0.136338
0.276621
0.084353
0.200559
0.457051
0.224975
0.195179
0.158332
0.853687
0.457175
0.238497
0.092443
0.415349
0.549388
0.455715
0.275735
0.611228
0.874715
0.869061
0.031807
0.650769
0.650778
0.505587
0.092422
0.885461
0.460840
0.267677
0.367474
0.914977
0.304849
0.116282
0.302211
0.986334
0.522830
0.053796
0.603418
0.842556
0.356413
0.121113
0.909258
0.245101
0.403618
0.773315
0.102461
0.666095
0.317362
0.595843
0.315301
0.683922
0.126723
0.198868
0.889483
0.884123
0.616256
0.155652
0.932056
0.657299
