0.383145
0.103756
0.743962
0.544782
0.562624
0.150567
0.792917
0.214835
0.495840
0.209236
0.249304
0.894282
0.871517
0.412234
0.211667
0.879668
0.660860
0.129539
0.619308
0.225059
0.195958
0.511497
0.179852
0.558072
0.681082
0.396883
0.608477
0.394289
0.645065
0.135125
0.595329
0.655162
0.703363
0.574837
0.770810
0.753166
0.909757
0.596211
0.800643
0.966062
0.250976
0.966638
0.212062
0.821328
0.525337
0.380953
0.234006
0.560973
0.607084
0.466090
0.561730
0.220099
0.626956
0.615495
0.503463
0.789841
0.054169
0.208946
0.820599
0.923319
0.116082
0.441880
0.535865
0.892905
0.329229
0.399176
0.655785
0.588062
0.241941
0.991893
0.011332
0.640525
0.706093
0.000637
0.593939
0.851473
0.896337
0.081348
0.149496
0.728066
0.489256
0.319624
0.110815
0.342556
0.215963
0.554742
0.157077
0.603074
0.982351
0.349314
0.111554
0.919479
0.014642
0.748557
0.702208
0.506346
0.589963
0.897751
0.153108
0.174006
