0.698989
0.748439
0.244204
0.288301
0.081159
0.661796
0.201840
0.693800
0.438027
0.103446
0.118803
0.771920
0.944163
0.519631
0.380975
0.701808
0.232763
0.176746
0.428234
0.793852
0.997564
0.370647
0.768027
0.477276
0.473286
0.835651
0.759179
0.703020
0.980637
0.098668
0.081243
0.049193
0.984601
0.116926
0.070941
0.140137
0.532860
0.088902
0.919631
0.858232
0.401939
0.149245
0.443850
0.756600
0.300762
0.430451
0.652021
0.060629
0.777837
0.394040
0.798595
0.502397
0.223971
0.400755
0.100820
0.128321
0.784586
0.363905
0.021236
0.252933
0.750721
0.574582
0.816442
0.727071
0.396182
0.611913
0.300680
0.344465
0.162328
0.030640
0.485734
0.389207
0.125609
0.494241
0.288903
0.979786
0.731585
0.927423
0.548527
0.011719
0.171907
0.158446
0.602711
0.711625
0.520543
0.722128
0.928531
0.062507
0.065585
0.982149
0.504224
0.828447
0.014287
0.813362
0.179768
0.359297
0.681960
0.427154
0.121726
0.123032
