0.121559
0.866005
0.233135
0.782096
0.861142
0.900761
0.261613
0.722955
0.686335
0.641306
0.591545
0.826392
0.745155
0.610043
0.145086
0.754886
0.511984
0.813963
0.057931
0.651018
0.790519
0.530003
0.714986
0.036779
0.321234
0.210886
0.882825
0.875527
0.621253
0.206498
0.969349
0.102261
0.623029
0.780407
0.648336
0.725595
0.354248
0.207420
0.569374
0.789055
0.164384
0.121335
0.956531
0.471529
0.975204
0.152132
0.181923
0.976827
0.336639
0.225532
0.075004
0.568810
0.193568
0.495443
0.401507
0.638951
0.824490
0.603035
0.802759
0.486891
0.710624
0.465777
0.768447
0.063452
0.740236
0.056689
0.426962
0.641017
0.047727
0.131784
0.657192
0.482319
0.895970
0.721326
0.637327
0.877017
0.320246
0.168471
0.177611
0.802497
0.383917
0.147535
0.890553
0.507374
0.433377
0.868992
0.657928
0.554818
0.596329
0.540061
0.480019
0.340967
0.286005
0.830733
0.932800
0.074149
0.662029
0.332413
0.234384
0.975991
