0.390470
0.618163
0.669176
0.593472
0.337498
0.021531
0.325925
0.717562
0.978027
0.669454
0.024784
0.105964
0.701826
0.870549
0.030178
0.659373
0.542658
0.507241
0.391173
0.618684
0.133143
0.603185
0.520378
0.814927
0.533292
0.669871
0.184619
0.550111
0.678608
0.325357
0.394598
0.916915
0.290658
0.226636
0.078046
0.343205
0.519394
0.400508
0.531599
0.193368
0.142940
0.499142
0.319320
0.467912
0.973822
0.365074
0.895537
0.374302
0.142568
0.309044
0.388269
0.166617
0.300258
0.944161
0.369480
0.940992
0.224276
0.972569
0.476224
0.708288
0.883734
0.868951
0.324579
0.750585
0.346203
0.432652
0.278006
0.435578
0.300755
0.577212
0.114658
0.373596
0.175775
0.344205
0.368760
0.153940
0.114656
0.455826
0.022103
0.275457
0.996422
0.696269
0.154808
0.902654
0.573361
0.399361
0.905412
0.519923
0.096314
0.863010
0.356522
0.400738
0.384905
0.692512
0.621091
0.035510
0.254845
0.173748
0.444929
0.268987
