0.070530
0.156500
0.331779
0.565708
0.766487
0.782901
0.318722
0.917554
0.784636
0.761293
0.096007
0.510147
0.441888
0.579110
0.549821
0.868499
0.822926
0.962360
0.094629
0.701805
0.916751
0.045654
0.919805
0.782872
0.377479
0.308447
0.011591
0.126109
0.795980
0.978526
0.053333
0.199690
0.093942
0.636175
0.764059
0.287213
0.875732
0.806439
0.994255
0.920263
0.525796
0.488124
0.598367
0.772433
0.291547
0.165967
0.602754
0.733378
0.873005
0.788943
0.392794
0.036646
0.590588
0.488748
0.600886
0.945407
0.428193
0.537089
0.920600
0.199043
0.095617
0.869706
0.827192
0.112421
0.638460
0.539497
0.247983
0.211421
0.698239
0.080596
0.822205
0.313957
0.956792
0.282400
0.323309
0.074610
0.573720
0.887690
0.097636
0.651145
0.608327
0.135681
0.572373
0.278190
0.899632
0.332641
0.263866
0.985892
0.458731
0.223813
0.995485
0.616313
0.112740
0.721181
0.232923
0.268748
0.186847
0.443696
0.744042
0.797452
