0.617617
0.727839
0.979770
0.630756
0.208744
0.830258
0.048841
0.677060
0.912951
0.132609
0.538248
0.798366
0.126731
0.777943
0.184685
0.517705
0.649208
0.623940
0.718887
0.316252
0.053982
0.572005
0.473362
0.056959
0.335418
0.690336
0.957342
0.170921
0.439466
0.297320
0.267786
0.038244
0.934434
0.481371
0.625564
0.395922
0.402518
0.593671
0.173764
0.574275
0.920926
0.186586
0.495518
0.560903
0.621324
0.649990
0.775222
0.164574
0.024825
0.887344
0.396376
0.776990
0.817562
0.700913
0.481822
0.148417
0.921691
0.141441
0.818100
0.932196
0.548999
0.026610
0.245629
0.127719
0.818794
0.276229
0.289798
0.165281
0.829941
0.070759
0.637858
0.420759
0.197260
0.621949
0.098205
0.389337
0.699529
0.900234
0.041019
0.586066
0.629222
0.866542
0.573205
0.991947
0.786616
0.714226
0.460012
0.172976
0.131364
0.534723
0.548363
0.631084
0.394416
0.840987
0.975498
0.698741
0.917671
0.776825
0.072539
0.507662
