0.956975
0.748129
0.543252
0.416693
0.130194
0.607516
0.768112
0.399978
0.375557
0.436894
0.051797
0.831899
0.623597
0.464255
0.415219
0.989008
0.745095
0.897814
0.039803
0.026518
0.929531
0.725968
0.982055
0.587734
0.898176
0.728078
0.271307
0.563804
0.908087
0.837362
0.071107
0.312186
0.001835
0.430592
0.461363
0.438251
0.234227
0.141788
0.349310
0.411322
0.063221
0.381211
0.757826
0.094489
0.265059
0.177918
0.358137
0.271445
0.565942
0.647243
0.059742
0.030713
0.358919
0.651903
0.582847
0.464953
0.896678
0.583464
0.962869
0.780808
0.232673
0.821663
0.062293
0.857916
0.613472
0.035734
0.704841
0.919353
0.647718
0.965970
0.793792
0.631616
0.117549
0.559012
0.582147
0.247283
0.111627
0.534507
0.741025
0.008567
0.980433
0.992767
0.736465
0.348127
0.684852
0.444555
0.203362
0.745969
0.007842
0.331666
0.791128
0.282602
0.672344
0.909892
0.829018
0.707543
0.190173
0.097331
0.050804
0.419670
