0.957996
0.808888
0.333606
0.448400
0.698624
0.607228
0.392790
0.967368
0.333558
0.457274
0.636995
0.213897
0.362906
0.276383
0.660788
0.245014
0.184558
0.468512
0.095300
0.057370
0.890054
0.160430
0.908926
0.875850
0.587818
0.197861
0.209121
0.210675
0.294243
0.511776
0.801818
0.597457
0.296893
0.177054
0.040790
0.997993
0.082797
0.518681
0.357000
0.151639
0.597169
0.886039
0.221334
0.534365
0.753980
0.434817
0.597871
0.558090
0.327212
0.225568
0.396473
0.819920
0.119222
0.681184
0.598305
0.013198
0.822444
0.893789
0.807613
0.678243
0.271210
0.809606
0.944055
0.294834
0.705834
0.683356
0.693351
0.287629
0.172718
0.564786
0.404350
0.767044
0.051279
0.525262
0.341891
0.693455
0.172975
0.248800
0.368901
0.065049
0.790516
0.271960
0.053015
0.840527
0.442955
0.027698
0.179807
0.069794
0.349071
0.788523
0.654382
0.794294
0.846084
0.895230
0.739445
0.514230
0.908730
0.956052
0.768858
0.541723
