0.373942
0.426880
0.549133
0.073995
0.671803
0.936941
0.770923
0.775622
0.579748
0.851157
0.138817
0.410221
0.552507
0.670381
0.475296
0.927890
0.548523
0.685898
0.220511
0.862221
0.209107
0.858628
0.161102
0.810751
0.838401
0.037140
0.924245
0.257662
0.180413
0.712156
0.904341
0.247659
0.690403
0.838581
0.704312
0.626684
0.155501
0.468817
0.719896
0.791021
0.368443
0.103914
0.115058
0.947311
0.330624
0.973590
0.561826
0.545183
0.236419
0.326902
0.712682
0.085441
0.514368
0.980458
0.788728
0.264383
0.053445
0.306583
0.086522
0.750846
0.632401
0.858955
0.127385
0.249766
0.067321
0.610641
0.808650
0.277315
0.493183
0.103349
0.785954
0.988630
0.724814
0.225956
0.143972
0.461726
0.334948
0.115530
0.940107
0.511376
0.027193
0.644423
0.198557
0.746744
0.853663
0.349316
0.265296
0.021096
0.429324
0.907531
0.077029
0.776982
0.500321
0.197310
0.888813
0.516450
0.486078
0.436361
0.724652
0.910962
