0.602329
0.524554
0.696777
0.421906
0.596589
0.869822
0.632979
0.398718
0.788241
0.290953
0.165821
0.512041
0.684487
0.116454
0.868772
0.070015
0.254771
0.778015
0.693731
0.477038
0.666417
0.162535
0.793387
0.230066
0.799825
0.168389
0.928116
0.667044
0.623498
0.101382
0.432327
0.353102
0.353302
0.811112
0.426565
0.779991
0.452091
0.761169
0.623960
0.042524
0.953999
0.662217
0.942624
0.837647
0.501086
0.262836
0.454752
0.354575
0.660114
0.012212
0.881790
0.122614
0.188149
0.425607
0.622061
0.301387
0.071612
0.482742
0.161173
0.089892
0.445982
0.163328
0.524348
0.131213
0.328023
0.308450
0.492788
0.584230
0.352798
0.647220
0.760216
0.031892
0.182562
0.080630
0.398161
0.517833
0.043807
0.338773
0.373645
0.120251
0.670151
0.895454
0.766149
0.268339
0.705595
0.635690
0.466786
0.021730
0.458568
0.291138
0.483693
0.797100
0.528630
0.950368
0.700142
0.274820
0.299512
0.219067
0.462784
0.770521
