0.560746
0.437073
0.454031
0.203008
0.915251
0.169580
0.192316
0.433060
0.581470
0.803403
0.026590
0.545549
0.248883
0.831455
0.232437
0.607435
0.987409
0.334941
0.505792
0.032565
0.601035
0.144675
0.048534
0.220378
0.283680
0.037387
0.872449
0.553955
0.441167
0.838628
0.193098
0.791485
0.467544
0.393024
0.435292
0.463989
0.939337
0.476005
0.354266
0.482873
0.597828
0.577080
0.696849
0.783815
0.953392
0.856821
0.763654
0.792059
0.694071
0.549771
0.429985
0.463214
0.546623
0.374408
0.178465
0.060083
0.879121
0.255985
0.646364
0.198697
0.592101
0.721216
0.857556
0.436008
0.165874
0.581257
0.883538
0.628664
0.822083
0.857511
0.828051
0.054449
0.282867
0.661712
0.559872
0.015378
0.090137
0.073383
0.678977
0.877349
0.879287
0.530929
0.381033
0.400660
0.154125
0.792671
0.931789
0.703693
0.304900
0.299767
0.267393
0.576542
0.651398
0.137288
0.160298
0.923255
0.818996
0.479555
0.028435
0.363571
