0.734151
0.777568
0.653053
0.856549
0.840897
0.826994
0.744417
0.087725
0.553904
0.551931
0.118163
0.105914
0.305128
0.894615
0.851673
0.511093
0.612266
0.655495
0.902923
0.854803
0.537180
0.374059
0.621505
0.175126
0.961906
0.149249
0.769760
0.856269
0.020953
0.976622
0.101948
0.526978
0.738984
0.750543
0.315102
0.713630
0.947474
0.859345
0.063921
0.389194
0.856221
0.124712
0.706548
0.719531
0.242587
0.671795
0.872448
0.012004
0.113809
0.669669
0.858099
0.666268
0.651273
0.692943
0.779035
0.860109
0.193799
0.875593
0.445155
0.800221
0.637187
0.097792
0.113658
0.634360
0.514941
0.740598
0.787949
0.572796
0.423509
0.901680
0.261852
0.572113
0.608807
0.051070
0.642872
0.262317
0.615319
0.428248
0.666838
0.729154
0.109259
0.529488
0.206538
0.951050
0.568994
0.241317
0.552338
0.234268
0.963533
0.212473
0.762129
0.687359
0.914686
0.613307
0.315161
0.495426
0.245414
0.885199
0.840140
0.794129
