0.787723
0.420963
0.991798
0.384497
0.853437
0.627362
0.101266
0.579989
0.601848
0.841022
0.307189
0.469909
0.973099
0.984942
0.842438
0.673056
0.078217
0.976379
0.470270
0.799821
0.094641
0.979519
0.409750
0.129893
0.015214
0.736941
0.375460
0.862649
0.177335
0.867129
0.193666
0.765629
0.816098
0.295044
0.836704
0.249269
0.261478
0.195850
0.994646
0.029317
0.120215
0.190398
0.552693
0.549077
0.013407
0.027016
0.138708
0.597455
0.811120
0.545851
0.753743
0.780964
0.344201
0.424235
0.521570
0.111761
0.183698
0.913486
0.375235
0.719967
0.384401
0.176343
0.039085
0.211085
0.053313
0.383729
0.484522
0.812738
0.515216
0.062482
0.601513
0.591337
0.083975
0.347994
0.220144
0.111798
0.543933
0.179141
0.355637
0.768219
0.405932
0.128532
0.370083
0.827170
0.442104
0.337010
0.038391
0.986609
0.476646
0.735528
0.717902
0.231666
0.939227
0.426199
0.012226
0.664030
0.279414
0.404851
0.149933
0.304163
