0.201659
0.855594
0.427564
0.508271
0.139544
0.863732
0.469899
0.344244
0.775790
0.941990
0.013020
0.953726
0.953452
0.764476
0.654344
0.370860
0.844145
0.985249
0.010150
0.600877
0.750937
0.440906
0.872234
0.115938
0.583845
0.085755
0.500012
0.020255
0.194896
0.934957
0.333892
0.728191
0.972393
0.391939
0.536779
0.862422
0.572855
0.213334
0.524219
0.705909
0.407385
0.369849
0.283483
0.323112
0.169658
0.541904
0.668519
0.821162
0.683361
0.426856
0.601498
0.311489
0.540157
0.144945
0.306784
0.984886
0.210023
0.722445
0.440218
0.857422
0.384106
0.178422
0.155541
0.242267
0.672720
0.218327
0.028598
0.326596
0.325124
0.303827
0.905078
0.604544
0.419931
0.123052
0.280183
0.125809
0.494148
0.213263
0.064138
0.250274
0.193719
0.005497
0.896340
0.715628
0.174192
0.021451
0.461670
0.584417
0.678011
0.514017
0.838420
0.161021
0.348258
0.870003
0.687099
0.848890
0.630900
0.782926
0.929517
0.889803
