0.630712
0.737494
0.852698
0.677041
0.509689
0.387957
0.856772
0.001453
0.602746
0.975741
0.775645
0.554072
0.816141
0.911290
0.446221
0.366909
0.665715
0.475117
0.809470
0.590186
0.279685
0.557918
0.343100
0.752080
0.460293
0.537387
0.059348
0.828450
0.434828
0.644784
0.624103
0.131775
0.877139
0.578886
0.892170
0.196646
0.273192
0.776949
0.912046
0.626987
0.327338
0.529060
0.652478
0.626787
0.914406
0.602010
0.893199
0.045247
0.905081
0.576229
0.471626
0.785131
0.776550
0.484513
0.539882
0.353243
0.247410
0.527770
0.505415
0.812567
0.365975
0.177342
0.735472
0.201129
0.741385
0.671276
0.647986
0.867309
0.312713
0.580484
0.287434
0.701082
0.881204
0.099223
0.279503
0.042010
0.248987
0.367114
0.767004
0.665926
0.205829
0.787752
0.175906
0.394755
0.169135
0.254332
0.823753
0.690804
0.035497
0.120709
0.129610
0.215841
0.640919
0.743606
0.698908
0.918225
0.320016
0.598004
0.366849
0.291162
