0.252499
0.386214
0.949157
0.043322
0.074886
0.348408
0.129559
0.192865
0.824401
0.094431
0.522552
0.517123
0.909864
0.130249
0.486562
0.309005
0.229106
0.905220
0.285573
0.934260
0.952244
0.411239
0.743591
0.593322
0.122355
0.523723
0.027127
0.754980
0.447315
0.454269
0.854145
0.282122
0.426028
0.571652
0.872063
0.673566
0.796392
0.705194
0.611588
0.049960
0.341462
0.812560
0.078749
0.883267
0.607649
0.421628
0.899142
0.175980
0.391801
0.648202
0.322897
0.985306
0.718537
0.833113
0.740592
0.530997
0.551703
0.247990
0.099187
0.734036
0.519752
0.974881
0.551596
0.142108
0.816776
0.118910
0.189253
0.736500
0.633159
0.980110
0.489107
0.394136
0.725356
0.561594
0.516395
0.481151
0.455437
0.188616
0.674484
0.121625
0.410311
0.411886
0.493423
0.198199
0.599983
0.313789
0.562849
0.526879
0.695141
0.114769
0.720933
0.702300
0.547461
0.811589
0.301338
0.441817
0.310632
0.397961
0.944640
0.344420
