0.504243
0.285442
0.324831
0.360151
0.722177
0.957384
0.230584
0.746247
0.862035
0.046541
0.912801
0.964736
0.432414
0.275898
0.109383
0.399442
0.061385
0.760316
0.303842
0.015678
0.453259
0.323358
0.512920
0.890219
0.379314
0.557617
0.719154
0.624533
0.262688
0.441934
0.346283
0.386547
0.729013
0.541869
0.258081
0.326353
0.492162
0.017249
0.240100
0.136123
0.709708
0.805156
0.488168
0.685736
0.821615
0.922347
0.710701
0.474828
0.976748
0.932102
0.846285
0.843764
0.325377
0.099275
0.974547
0.722468
0.000222
0.430948
0.624894
0.372531
0.802170
0.435945
0.235867
0.968956
0.368460
0.639627
0.395594
0.306147
0.265446
0.607885
0.576871
0.637240
0.947925
0.432992
0.846521
0.877438
0.727105
0.403539
0.656218
0.712364
0.580179
0.804249
0.545015
0.528690
0.086532
0.075861
0.383683
0.046771
0.963992
0.978219
0.198694
0.507914
0.500478
0.841748
0.379066
0.432998
0.420999
0.787195
0.758553
0.639796
