0.620255
0.616517
0.577234
0.398927
0.021803
0.374074
0.931801
0.346175
0.277359
0.477363
0.728074
0.032072
0.108056
0.042866
0.751636
0.837878
0.421331
0.554200
0.789877
0.867731
0.885442
0.927795
0.505399
0.203673
0.944171
0.406860
0.182488
0.089475
0.192799
0.896857
0.404929
0.896200
0.576363
0.190491
0.889623
0.761801
0.404732
0.985968
0.219518
0.879833
0.738474
0.780664
0.813420
0.306515
0.332647
0.934776
0.979994
0.326121
0.281506
0.035802
0.414186
0.586513
0.642132
0.423486
0.665816
0.919418
0.458450
0.135064
0.945154
0.485400
0.152336
0.166643
0.192743
0.377481
0.003944
0.919432
0.349012
0.261162
0.215683
0.760724
0.175493
0.784002
0.647571
0.118734
0.081032
0.584587
0.491375
0.101072
0.575975
0.234994
0.155382
0.502844
0.121229
0.757697
0.025508
0.003757
0.251640
0.400729
0.770341
0.370652
0.965549
0.544884
0.523456
0.357238
0.277130
0.172125
0.649101
0.919827
0.331882
0.850413
