0.844462
0.305061
0.217401
0.000784
0.100848
0.906335
0.019454
0.174121
0.155029
0.072885
0.977674
0.127283
0.775591
0.401118
0.396754
0.461987
0.497141
0.087751
0.712614
0.828203
0.684146
0.431069
0.778113
0.114927
0.153286
0.136677
0.094731
0.112586
0.459161
0.718633
0.513904
0.614187
0.541014
0.151211
0.624980
0.896148
0.673241
0.879653
0.721593
0.118979
0.610708
0.450710
0.263255
0.964827
0.880471
0.400493
0.507989
0.960578
0.781487
0.485266
0.472590
0.292748
0.218899
0.026151
0.295850
0.469819
0.214787
0.514870
0.049161
0.626585
0.895072
0.236263
0.408125
0.900784
0.714836
0.366479
0.597924
0.920388
0.273634
0.815799
0.146257
0.496632
0.521907
0.072584
0.316302
0.202407
0.545915
0.059268
0.927355
0.699568
0.315883
0.111299
0.609419
0.018089
0.729289
0.570302
0.225755
0.348614
0.906931
0.539979
0.276340
0.232821
0.511884
0.248244
0.203388
0.569843
0.765052
0.046960
0.009028
0.451877
