0.524259
0.921975
0.214509
0.664401
0.629244
0.091523
0.619916
0.494081
0.865463
0.278601
0.459142
0.663269
0.110023
0.468512
0.572262
0.373901
0.116715
0.864811
0.019831
0.103075
0.975333
0.483406
0.160969
0.392784
0.804926
0.778858
0.395869
0.654844
0.051958
0.281521
0.858157
0.746400
0.370885
0.597959
0.411268
0.315242
0.498976
0.708813
0.541508
0.244467
0.591250
0.936754
0.752507
0.376357
0.155413
0.693028
0.219431
0.570554
0.954737
0.476098
0.217380
0.348066
0.232407
0.014948
0.610352
0.723645
0.497053
0.999484
0.808987
0.481389
0.672338
0.967175
0.088211
0.208597
0.356530
0.659895
0.222141
0.138001
0.374103
0.902646
0.262450
0.706670
0.187379
0.240433
0.052206
0.029468
0.178180
0.239164
0.114171
0.231940
0.092518
0.313240
0.023574
0.094178
0.548065
0.025924
0.550525
0.231725
0.826543
0.975528
0.685489
0.860506
0.689933
0.565027
0.744686
0.432715
0.523514
0.456197
0.349240
0.315438
