0.992282
0.015741
0.053282
0.544232
0.894063
0.822859
0.911642
0.115036
0.104886
0.657545
0.106876
0.921026
0.496746
0.768616
0.397925
0.052965
0.986049
0.666783
0.591654
0.290886
0.601738
0.877777
0.860741
0.204153
0.964378
0.983104
0.429485
0.031464
0.886133
0.514057
0.261308
0.657575
0.670032
0.083030
0.127017
0.941996
0.869606
0.200431
0.184559
0.163613
0.266096
0.089222
0.888946
0.019101
0.274611
0.703140
0.811386
0.667127
0.523024
0.262896
0.253579
0.072712
0.135116
0.616040
0.420164
0.838435
0.476656
0.946114
0.916656
0.475233
0.259050
0.441038
0.077462
0.872033
0.547087
0.089329
0.906977
0.784021
0.711328
0.240485
0.372632
0.272627
0.022326
0.734903
0.458426
0.690851
0.185756
0.273560
0.885575
0.640201
0.847941
0.820104
0.261871
0.013575
0.104102
0.595816
0.756450
0.444013
0.250146
0.792656
0.543516
0.012669
0.135715
0.628435
0.879151
0.612131
0.253847
0.159392
0.142480
0.746698
