0.469940
0.668360
0.953859
0.196253
0.900183
0.826478
0.861671
0.227060
0.401523
0.761613
0.571733
0.166314
0.449397
0.207144
0.696327
0.441736
0.104884
0.294428
0.317842
0.093940
0.213611
0.797754
0.393630
0.057447
0.596198
0.212579
0.195215
0.263866
0.443303
0.952061
0.426681
0.403924
0.702663
0.078119
0.845007
0.324370
0.798914
0.019487
0.449742
0.162958
0.776829
0.732974
0.785168
0.293241
0.542512
0.987402
0.276765
0.904147
0.080081
0.360100
0.029714
0.169756
0.559714
0.076480
0.447521
0.335386
0.879236
0.151945
0.261905
0.149836
0.018870
0.053350
0.953651
0.867210
0.383316
0.563220
0.311211
0.242656
0.317129
0.715603
0.913995
0.240067
0.733275
0.784418
0.033352
0.902128
0.638283
0.716853
0.460675
0.017492
0.967484
0.769454
0.499921
0.693726
0.112136
0.555333
0.782935
0.888322
0.209377
0.146636
0.475190
0.964248
0.121511
0.590658
0.702110
0.983617
0.863761
0.718069
0.573950
0.813448
