0.514694
0.216173
0.071071
0.854503
0.672101
0.112008
0.463261
0.414257
0.825092
0.799057
0.084729
0.850488
0.740274
0.252660
0.257760
0.938698
0.632552
0.193936
0.693721
0.465270
0.408165
0.799861
0.157176
0.485154
0.629996
0.222637
0.479539
0.027989
0.383514
0.772804
0.196681
0.129291
0.557516
0.426405
0.629169
0.747080
0.455878
0.337363
0.896923
0.510796
0.431659
0.351944
0.221332
0.945919
0.092548
0.094171
0.036196
0.296079
0.541570
0.711346
0.788165
0.361258
0.485680
0.357627
0.521321
0.352282
0.758914
0.441937
0.962638
0.258938
0.680400
0.306608
0.649442
0.832033
0.213272
0.691167
0.066895
0.534877
0.118485
0.953788
0.756999
0.038911
0.440394
0.775505
0.304143
0.564947
0.213286
0.388804
0.598451
0.734563
0.102941
0.647162
0.120661
0.806136
0.509846
0.609102
0.414740
0.599415
0.731367
0.864194
0.783938
0.509487
0.831789
0.838798
0.500905
0.527901
0.478016
0.686916
0.889213
0.148915
