0.772934
0.199421
0.975512
0.486481
0.239038
0.975229
0.772805
0.398839
0.133767
0.055937
0.143321
0.988597
0.083371
0.776461
0.278126
0.895372
0.104369
0.340956
0.208972
0.355251
0.759149
0.045431
0.975665
0.750265
0.725712
0.663378
0.391330
0.745319
0.889048
0.127044
0.154734
0.830687
0.522641
0.770934
0.994475
0.734269
0.276668
0.942085
0.129722
0.741227
0.937797
0.427953
0.367273
0.015139
0.419789
0.091921
0.147560
0.679159
0.412305
0.033612
0.218291
0.386901
0.362102
0.257114
0.072259
0.407220
0.809578
0.122421
0.940210
0.070606
0.853609
0.288651
0.799504
0.757556
0.811545
0.782644
0.970742
0.118260
0.706478
0.499167
0.585988
0.332733
0.759557
0.790755
0.722225
0.293908
0.394078
0.913499
0.665619
0.725598
0.979805
0.445101
0.788015
0.662896
0.161087
0.681877
0.943505
0.929276
0.864076
0.163309
0.981581
0.957146
0.826228
0.352689
0.326896
0.853110
0.618345
0.080370
0.578221
0.252432
