0.454136
0.423809
0.987238
0.694172
0.150290
0.920123
0.820306
0.182330
0.762188
0.039050
0.771816
0.421798
0.161309
0.662858
0.547458
0.167672
0.234563
0.810518
0.893598
0.365543
0.649199
0.422514
0.079917
0.151827
0.674350
0.125511
0.586448
0.375816
0.490057
0.509635
0.760662
0.053842
0.954821
0.363564
0.413144
0.885669
0.665866
0.828099
0.506989
0.713272
0.873688
0.505336
0.078209
0.716605
0.096498
0.122992
0.593186
0.739453
0.712297
0.272400
0.527126
0.479323
0.946971
0.404939
0.500579
0.383942
0.702041
0.850704
0.708136
0.214263
0.945368
0.764062
0.610625
0.799256
0.098820
0.601041
0.208001
0.093353
0.846126
0.880249
0.821921
0.275296
0.908201
0.223344
0.012656
0.196835
0.242337
0.617701
0.971071
0.160897
0.288135
0.044490
0.667999
0.484240
0.417936
0.511050
0.572926
0.604816
0.056285
0.381747
0.177707
0.069203
0.422976
0.863572
0.776695
0.187414
0.777838
0.616885
0.177704
0.102893
