0.692970
0.285761
0.034283
0.302124
0.520597
0.686995
0.340702
0.836907
0.871351
0.982720
0.197938
0.623335
0.051005
0.471580
0.469810
0.653625
0.475338
0.588195
0.567931
0.541665
0.734423
0.690504
0.199458
0.201084
0.145242
0.429596
0.256020
0.864133
0.818303
0.627858
0.030824
0.292475
0.850507
0.483669
0.783984
0.021368
0.733680
0.196351
0.267994
0.966020
0.618202
0.255412
0.324915
0.378204
0.265387
0.715578
0.110028
0.647949
0.497562
0.726513
0.773540
0.161457
0.006628
0.426462
0.591563
0.950935
0.047538
0.227251
0.612736
0.133214
0.236965
0.378697
0.425620
0.007770
0.910073
0.243897
0.397113
0.086333
0.487036
0.396624
0.172190
0.616951
0.264862
0.098043
0.144395
0.421171
0.325859
0.216063
0.155072
0.737228
0.668032
0.199766
0.250333
0.623186
0.637391
0.355790
0.861104
0.518694
0.549309
0.371388
0.860918
0.026716
0.387135
0.189116
0.636573
0.272129
0.275529
0.589162
0.056714
0.694718
