0.563568
0.842464
0.594523
0.472826
0.349060
0.321294
0.364578
0.971522
0.566074
0.361800
0.853129
0.115336
0.843160
0.627398
0.040951
0.411280
0.952751
0.002781
0.246071
0.811072
0.617115
0.765584
0.874710
0.520079
0.415457
0.870403
0.015226
0.356788
0.993740
0.396540
0.849137
0.019012
0.886601
0.840602
0.725906
0.596698
0.846442
0.824469
0.837795
0.648197
0.292136
0.025632
0.065052
0.641508
0.375880
0.910226
0.654013
0.309332
0.630564
0.072386
0.629177
0.215911
0.626951
0.306654
0.142469
0.665138
0.421861
0.985163
0.176173
0.318322
0.985630
0.146007
0.316420
0.386491
0.546580
0.083034
0.755413
0.413174
0.518882
0.602453
0.565244
0.571340
0.379735
0.732820
0.211795
0.963197
0.350660
0.755059
0.276657
0.500855
0.837049
0.348580
0.591914
0.490731
0.176786
0.023349
0.087898
0.072441
0.241927
0.991000
0.103959
0.553474
0.311087
0.827691
0.847297
0.253086
0.806436
0.464177
0.992087
0.144994
