0.996895
0.446752
0.037257
0.343384
0.617560
0.960376
0.969981
0.536505
0.522429
0.595036
0.137867
0.561767
0.824513
0.110175
0.075554
0.495226
0.188740
0.435910
0.230664
0.010612
0.315960
0.951310
0.825008
0.393997
0.352311
0.848496
0.732244
0.974786
0.090028
0.733631
0.555460
0.479587
0.928420
0.994605
0.781713
0.457922
0.335429
0.566736
0.046774
0.989773
0.240357
0.363677
0.150111
0.133096
0.541977
0.399870
0.495972
0.637388
0.558947
0.684442
0.015144
0.470306
0.084998
0.607411
0.020887
0.370920
0.543254
0.955049
0.981894
0.916737
0.877575
0.715271
0.874732
0.692505
0.838400
0.518290
0.615543
0.688954
0.028062
0.773962
0.388593
0.148140
0.713753
0.190367
0.033344
0.978803
0.998560
0.594758
0.022188
0.866314
0.880307
0.851269
0.289827
0.005024
0.326253
0.431158
0.531516
0.605634
0.840412
0.722093
0.324955
0.612421
0.780219
0.778113
0.567249
0.889580
0.790735
0.420384
0.910039
0.640648
