0.315236
0.221358
0.248577
0.029301
0.582740
0.097424
0.677012
0.392479
0.695593
0.333018
0.372333
0.151973
0.584494
0.202327
0.951859
0.978527
0.374707
0.544945
0.565453
0.924465
0.264457
0.931253
0.969063
0.612122
0.759006
0.423341
0.598393
0.126335
0.767723
0.875397
0.257315
0.991321
0.443146
0.160349
0.299475
0.685276
0.327865
0.450289
0.535577
0.244739
0.859907
0.398714
0.985960
0.238006
0.217400
0.757285
0.779768
0.192008
0.739626
0.889953
0.193552
0.211223
0.126426
0.593498
0.509180
0.611944
0.774747
0.825745
0.388717
0.137743
0.578320
0.508747
0.448826
0.869018
0.207586
0.519081
0.892875
0.544592
0.138584
0.077676
0.240678
0.741256
0.733215
0.428665
0.879335
0.948521
0.604562
0.834846
0.709199
0.867966
0.361387
0.224640
0.779588
0.079740
0.514923
0.727565
0.581530
0.520213
0.275602
0.115205
0.723895
0.123159
0.876547
0.582880
0.915242
0.244175
0.498351
0.249398
0.214974
0.622107
