0.916488
0.460100
0.629202
0.659162
0.281316
0.953830
0.899969
0.801707
0.611337
0.992811
0.573405
0.036091
0.383178
0.904703
0.363402
0.537694
0.452414
0.719700
0.737390
0.741547
0.156277
0.748357
0.391333
0.016304
0.772470
0.241217
0.853674
0.054367
0.144917
0.951030
0.875077
0.742721
0.212850
0.461664
0.593384
0.985113
0.336302
0.745575
0.207312
0.992556
0.008782
0.831579
0.629616
0.348303
0.710045
0.300421
0.588448
0.423314
0.561959
0.620096
0.370860
0.738772
0.465201
0.003507
0.793716
0.870156
0.515939
0.275015
0.373540
0.257865
0.506271
0.715147
0.445688
0.320963
0.326100
0.200044
0.334513
0.682979
0.333143
0.412096
0.726667
0.034007
0.161409
0.690313
0.209093
0.630390
0.104387
0.087938
0.126259
0.437200
0.831742
0.267639
0.701790
0.717481
0.868317
0.648891
0.120432
0.473503
0.267166
0.639121
0.349974
0.568118
0.062115
0.093147
0.464741
0.932164
0.084398
0.423379
0.913326
0.591974
