0.932024
0.883646
0.487232
0.835188
0.444437
0.262512
0.500813
0.389527
0.861104
0.525743
0.375375
0.384459
0.505700
0.020309
0.378256
0.654457
0.956966
0.387630
0.053711
0.049632
0.797332
0.099882
0.732714
0.976045
0.340690
0.888302
0.238215
0.943971
0.053763
0.762344
0.286473
0.605919
0.341908
0.385820
0.966708
0.832889
0.807121
0.546991
0.257096
0.217256
0.253950
0.228099
0.064555
0.433304
0.960311
0.147794
0.444026
0.937412
0.759961
0.966137
0.712583
0.722987
0.357549
0.596121
0.613532
0.140362
0.465950
0.417187
0.802051
0.199006
0.594084
0.612076
0.561686
0.082894
0.343024
0.482587
0.214157
0.103011
0.117666
0.694063
0.851962
0.817045
0.848294
0.758897
0.076542
0.473841
0.161436
0.835927
0.001096
0.798215
0.780353
0.889691
0.225772
0.664486
0.565871
0.064418
0.552984
0.388372
0.343314
0.976308
0.592912
0.175556
0.965736
0.583518
0.236554
0.265255
0.562390
0.987300
0.777185
0.380576
