0.854881
0.195147
0.399110
0.529297
0.151194
0.982641
0.273418
0.818931
0.917941
0.915218
0.242238
0.978442
0.433796
0.357373
0.720420
0.150420
0.557487
0.996821
0.893293
0.926455
0.464056
0.201585
0.232055
0.235051
0.811823
0.100048
0.977389
0.166011
0.433778
0.302071
0.340862
0.251835
0.481945
0.769039
0.220563
0.282311
0.647653
0.502755
0.860606
0.554818
0.619277
0.756860
0.125788
0.091964
0.283220
0.803192
0.022527
0.952498
0.010984
0.631926
0.994242
0.808912
0.779438
0.946061
0.416965
0.672281
0.175029
0.088324
0.173304
0.590999
0.468172
0.990715
0.463959
0.740990
0.613527
0.438310
0.925246
0.735367
0.511937
0.539562
0.770682
0.625834
0.866262
0.703979
0.053249
0.531296
0.938251
0.360034
0.814039
0.998019
0.615314
0.259637
0.620708
0.494836
0.822375
0.305377
0.759798
0.212228
0.315343
0.999067
0.394844
0.163378
0.602066
0.050367
0.603623
0.589118
0.880085
0.228422
0.889411
0.789145
