0.015991
0.610211
0.506948
0.246169
0.829166
0.046623
0.673671
0.924087
0.910773
0.681548
0.241077
0.030061
0.429872
0.715770
0.181668
0.597403
0.036101
0.871737
0.626110
0.383377
0.229260
0.586842
0.666143
0.627892
0.700686
0.504501
0.056651
0.488879
0.865894
0.288337
0.543169
0.889133
0.370001
0.408630
0.403794
0.261085
0.769397
0.993311
0.210449
0.206818
0.124714
0.511471
0.151945
0.470996
0.495289
0.003809
0.400974
0.870189
0.411106
0.931318
0.801192
0.899302
0.807707
0.729761
0.621506
0.634047
0.051890
0.635589
0.549436
0.777722
0.006517
0.598021
0.314466
0.431531
0.266844
0.093173
0.424728
0.102511
0.604775
0.929170
0.560214
0.845571
0.540268
0.222540
0.791271
0.301756
0.343495
0.763454
0.346880
0.241337
0.599114
0.404019
0.366104
0.591147
0.396121
0.280167
0.491304
0.170733
0.418150
0.711001
0.595707
0.453454
0.226726
0.814369
0.456911
0.877284
0.830604
0.912962
0.872275
0.874228
