0.024230
0.264853
0.631892
0.344931
0.392874
0.980715
0.464776
0.519419
0.909194
0.934284
0.000359
0.340218
0.685286
0.680311
0.366334
0.490353
0.315596
0.089260
0.902533
0.397812
0.201270
0.845295
0.065199
0.903013
0.800411
0.055193
0.551167
0.763246
0.076480
0.914783
0.008539
0.089219
0.846978
0.260815
0.651031
0.109589
0.876243
0.745837
0.079163
0.620482
0.262221
0.611072
0.920871
0.543282
0.771879
0.869996
0.304733
0.137829
0.882688
0.910700
0.959054
0.573821
0.409662
0.568342
0.024635
0.888061
0.577436
0.586335
0.103254
0.100220
0.027559
0.927544
0.265614
0.177400
0.517764
0.028484
0.211816
0.193690
0.671992
0.538432
0.269160
0.792866
0.038580
0.338331
0.695357
0.896531
0.973492
0.021165
0.508635
0.178963
0.430351
0.515413
0.189965
0.787903
0.539491
0.465169
0.281501
0.846774
0.741644
0.043011
0.034527
0.285862
0.287077
0.250470
0.969506
0.796744
0.178948
0.644145
0.062067
0.146938
