0.828240
0.182988
0.200201
0.091299
0.783893
0.540322
0.289943
0.059560
0.664503
0.126121
0.145991
0.331437
0.003190
0.287790
0.268675
0.479357
0.759355
0.207011
0.937505
0.169913
0.787070
0.411457
0.506592
0.026343
0.484539
0.000270
0.329819
0.809318
0.942167
0.754986
0.900977
0.791162
0.160071
0.438273
0.350345
0.523307
0.607635
0.639649
0.427808
0.520410
0.207013
0.465717
0.633604
0.935874
0.470906
0.784081
0.531056
0.247326
0.468937
0.979964
0.221188
0.035272
0.523585
0.209449
0.313758
0.857673
0.498421
0.688347
0.253323
0.046417
0.814785
0.376646
0.591918
0.503970
0.481364
0.717957
0.041562
0.370610
0.650869
0.017174
0.575894
0.861946
0.783169
0.417798
0.424520
0.759189
0.026204
0.270633
0.390585
0.622832
0.692267
0.247219
0.445100
0.107603
0.442459
0.210111
0.065676
0.369804
0.007173
0.677278
0.381693
0.032757
0.564570
0.236211
0.595712
0.300760
0.135981
0.411312
0.881148
0.029450
