0.476436
0.512920
0.594031
0.176792
0.340241
0.800045
0.857896
0.966608
0.914096
0.673816
0.022675
0.781998
0.718011
0.099143
0.930991
0.004113
0.910490
0.658168
0.634064
0.969301
0.669200
0.331900
0.804390
0.130105
0.815267
0.916151
0.515276
0.605985
0.978603
0.161390
0.524865
0.665073
0.425036
0.758218
0.381491
0.672658
0.445131
0.888983
0.671224
0.877040
0.106013
0.536320
0.478100
0.775555
0.727504
0.657920
0.000030
0.186044
0.051634
0.212682
0.716422
0.762570
0.981607
0.170121
0.733978
0.992422
0.724673
0.312411
0.516068
0.996305
0.618806
0.736610
0.033177
0.414126
0.856098
0.311488
0.463911
0.631629
0.387229
0.457459
0.768520
0.774602
0.804761
0.432256
0.293434
0.204994
0.959226
0.700473
0.928573
0.729081
0.546096
0.612408
0.187676
0.818709
0.219274
0.182600
0.612945
0.409337
0.138692
0.955492
0.795709
0.733182
0.791421
0.639438
0.046649
0.763456
0.466457
0.291413
0.195364
0.857826
