0.797109
0.090205
0.867821
0.452322
0.338736
0.327137
0.512234
0.114630
0.254961
0.855740
0.101697
0.619794
0.507367
0.499675
0.903254
0.111415
0.041647
0.926309
0.902305
0.428816
0.383364
0.779683
0.843710
0.370321
0.488104
0.622727
0.472947
0.804325
0.724638
0.387664
0.904746
0.370400
0.590459
0.814731
0.550845
0.507469
0.867349
0.711694
0.211186
0.490830
0.642506
0.337942
0.906843
0.580549
0.452386
0.052192
0.081722
0.848358
0.813160
0.878383
0.649710
0.958606
0.128284
0.854472
0.124552
0.325096
0.489432
0.070812
0.493815
0.490835
0.281833
0.984239
0.320510
0.718359
0.356128
0.598438
0.533627
0.731673
0.843695
0.228594
0.252671
0.783744
0.434794
0.004038
0.749906
0.487641
0.013612
0.692772
0.606973
0.168885
0.307120
0.719171
0.222139
0.758304
0.462833
0.100208
0.980871
0.894329
0.845634
0.753205
0.619849
0.605119
0.539603
0.839968
0.135485
0.422159
0.409878
0.823076
0.242685
0.021359
