0.360144
0.438469
0.372106
0.214176
0.921429
0.543109
0.751857
0.534349
0.725729
0.426946
0.809454
0.673866
0.113875
0.295084
0.122006
0.820859
0.209037
0.713020
0.485748
0.375924
0.677480
0.988248
0.020509
0.757266
0.357706
0.210934
0.777207
0.771604
0.243396
0.052820
0.800386
0.990360
0.834901
0.115027
0.891329
0.546595
0.333650
0.860326
0.629877
0.661384
0.732916
0.402076
0.124726
0.184127
0.400986
0.210749
0.196382
0.503957
0.693372
0.808083
0.868537
0.203918
0.863411
0.224437
0.351317
0.887055
0.543148
0.779640
0.032889
0.903621
0.361599
0.230507
0.210257
0.772991
0.095216
0.750993
0.630504
0.586213
0.000362
0.453369
0.515944
0.593356
0.519856
0.112169
0.885015
0.994544
0.464563
0.410123
0.804826
0.763576
0.196703
0.113134
0.834656
0.909054
0.055434
0.788130
0.331960
0.560488
0.786665
0.141914
0.534634
0.553452
0.594448
0.683492
0.712816
0.398140
0.298000
0.407187
0.331808
0.830909
