0.619005
0.538946
0.227207
0.955567
0.509623
0.379841
0.286179
0.775058
0.165678
0.992788
0.676720
0.923826
0.231003
0.268298
0.209936
0.276540
0.087927
0.746492
0.213944
0.585912
0.444722
0.817553
0.281885
0.567368
0.136444
0.496396
0.681323
0.210579
0.504509
0.935853
0.222447
0.494441
0.774721
0.054746
0.469087
0.880229
0.470478
0.948256
0.784831
0.995068
0.251599
0.282401
0.045433
0.147232
0.683065
0.037773
0.662829
0.041554
0.582675
0.897907
0.305407
0.739925
0.382155
0.589644
0.791318
0.978262
0.646685
0.150268
0.457684
0.561126
0.662584
0.245229
0.358436
0.301378
0.543950
0.080240
0.804024
0.463583
0.544882
0.087475
0.074924
0.949540
0.694947
0.123657
0.833680
0.978183
0.826257
0.465234
0.784824
0.410492
0.795843
0.111606
0.553683
0.854574
0.671931
0.424164
0.976256
0.352715
0.358346
0.563178
0.948851
0.278772
0.401542
0.702484
0.257346
0.899620
0.691621
0.086941
0.111659
0.698209
