0.500311
0.765740
0.103899
0.904928
0.239944
0.521957
0.722516
0.894420
0.136501
0.731555
0.715509
0.235703
0.267771
0.259613
0.240107
0.367746
0.529824
0.106138
0.540743
0.608952
0.145647
0.512950
0.306079
0.301676
0.879143
0.701045
0.242761
0.770970
0.149054
0.330067
0.808843
0.879753
0.591897
0.681876
0.199949
0.384152
0.198040
0.306409
0.787355
0.995930
0.954853
0.981044
0.323592
0.882291
0.243409
0.107844
0.898752
0.772281
0.262247
0.333970
0.139194
0.832570
0.112996
0.835745
0.775601
0.665455
0.977364
0.832168
0.372175
0.633216
0.709437
0.868787
0.401049
0.959947
0.667421
0.629636
0.205154
0.656704
0.709537
0.803028
0.989165
0.158913
0.179659
0.644607
0.740901
0.381841
0.716068
0.407097
0.583217
0.634113
0.285470
0.173634
0.337997
0.912546
0.109046
0.698100
0.356052
0.128743
0.804782
0.912678
0.874696
0.023743
0.174571
0.815755
0.519076
0.042094
0.715851
0.682290
0.115994
0.036808
