0.820333
0.564570
0.390808
0.464931
0.832442
0.408733
0.174566
0.259217
0.795535
0.258611
0.278079
0.203338
0.604833
0.303676
0.501743
0.497891
0.913102
0.025832
0.960047
0.683254
0.293201
0.953996
0.756302
0.069811
0.641842
0.505863
0.005618
0.075871
0.962170
0.744061
0.336811
0.814556
0.775193
0.627330
0.729792
0.706297
0.077584
0.862546
0.618478
0.060681
0.587601
0.840448
0.362980
0.138566
0.795014
0.750113
0.075870
0.069440
0.513273
0.895133
0.670016
0.523288
0.808247
0.572865
0.888525
0.422527
0.939381
0.226343
0.625955
0.631511
0.278882
0.341192
0.824057
0.765219
0.796541
0.517418
0.494342
0.864757
0.150156
0.845096
0.487517
0.365860
0.087731
0.455923
0.069494
0.969901
0.352178
0.263220
0.212888
0.838121
0.217349
0.755602
0.364285
0.007163
0.429278
0.742527
0.884844
0.902664
0.801181
0.330677
0.767140
0.826595
0.716357
0.635028
0.425883
0.612548
0.971619
0.797664
0.072387
0.199689
