0.923317
0.095436
0.144992
0.654446
0.340183
0.119876
0.007724
0.743907
0.781671
0.826370
0.442449
0.537810
0.855193
0.945756
0.566593
0.821293
0.036103
0.023015
0.224640
0.672922
0.168183
0.651362
0.022751
0.477158
0.003281
0.605101
0.081753
0.796149
0.916837
0.243831
0.598055
0.687044
0.284178
0.921396
0.380111
0.578064
0.033548
0.862716
0.195039
0.743397
0.478189
0.077898
0.803324
0.175534
0.902947
0.192156
0.409502
0.783206
0.448321
0.774518
0.153849
0.406439
0.631938
0.592506
0.981125
0.046573
0.339610
0.101636
0.446874
0.334561
0.431857
0.459596
0.099998
0.251702
0.027828
0.257035
0.140218
0.099636
0.034794
0.123884
0.623659
0.452600
0.264488
0.386038
0.325948
0.285664
0.124379
0.778451
0.698020
0.697182
0.385950
0.672488
0.258351
0.289304
0.513535
0.309446
0.149642
0.575629
0.750140
0.501356
0.933243
0.228813
0.657460
0.525718
0.447275
0.796233
0.125476
0.521690
0.164409
0.160342
