0.170797
0.673299
0.621312
0.767099
0.721471
0.023121
0.497374
0.231043
0.206166
0.195238
0.262472
0.960271
0.394523
0.718562
0.435866
0.070761
0.575521
0.357545
0.392766
0.109670
0.644860
0.754264
0.901195
0.594565
0.099463
0.762090
0.682164
0.579998
0.367082
0.996677
0.688408
0.984532
0.309013
0.715659
0.025773
0.167050
0.442864
0.808644
0.094045
0.720599
0.265507
0.239029
0.655472
0.426113
0.873492
0.080606
0.649002
0.014299
0.103811
0.958694
0.853641
0.977368
0.449336
0.727233
0.555335
0.414028
0.994953
0.225757
0.765933
0.747223
0.508544
0.743623
0.457240
0.711762
0.855460
0.178248
0.558089
0.371207
0.303210
0.101990
0.034316
0.041756
0.432610
0.531241
0.857714
0.131946
0.254306
0.207272
0.119837
0.344251
0.017145
0.990417
0.785938
0.401695
0.377712
0.032915
0.483788
0.980356
0.093736
0.052615
0.463927
0.306719
0.582207
0.682819
0.540537
0.196639
0.999112
0.193233
0.175153
0.077614
