0.893725
0.130333
0.685125
0.511854
0.498357
0.630975
0.187610
0.858022
0.172857
0.821103
0.989850
0.813168
0.974485
0.051517
0.336127
0.084783
0.967261
0.697963
0.368997
0.112187
0.412540
0.425081
0.667791
0.690852
0.618837
0.225451
0.406812
0.145468
0.740476
0.157498
0.684391
0.526287
0.673038
0.326183
0.986384
0.493462
0.947281
0.016691
0.082066
0.833238
0.697227
0.173991
0.955672
0.000297
0.556969
0.110907
0.348323
0.084743
0.521563
0.027112
0.098208
0.440437
0.788411
0.192915
0.332304
0.756738
0.366048
0.734839
0.848368
0.617213
0.429368
0.133699
0.200516
0.846139
0.790713
0.057873
0.877249
0.950352
0.682136
0.437075
0.268090
0.601471
0.197377
0.899332
0.674960
0.932842
0.108702
0.995066
0.963684
0.034684
0.948289
0.882792
0.002556
0.285733
0.950209
0.238655
0.981738
0.297777
0.432702
0.141902
0.209440
0.020184
0.809073
0.873190
0.560113
0.594942
0.764173
0.069226
0.883419
0.897148
