0.068607
0.374362
0.684890
0.141064
0.264057
0.961401
0.625217
0.534378
0.610895
0.605041
0.081351
0.281854
0.679311
0.555955
0.471388
0.509917
0.200142
0.014826
0.881568
0.872694
0.506095
0.802346
0.831774
0.493194
0.809954
0.692740
0.103014
0.330375
0.628740
0.102785
0.473659
0.824791
0.566126
0.054619
0.058021
0.828080
0.180155
0.199422
0.852373
0.875359
0.394178
0.156368
0.977581
0.415172
0.640914
0.569525
0.539269
0.252833
0.782032
0.337775
0.730270
0.479687
0.019310
0.220443
0.301587
0.664532
0.129555
0.860947
0.178466
0.892028
0.889938
0.594504
0.265504
0.895883
0.392598
0.098833
0.266784
0.980932
0.341951
0.628962
0.215397
0.598513
0.335978
0.835023
0.603195
0.136067
0.392207
0.989164
0.091057
0.828026
0.176836
0.397271
0.326790
0.077791
0.885988
0.332974
0.017762
0.150109
0.986009
0.657165
0.402942
0.150665
0.518380
0.476668
0.079656
0.656371
0.706058
0.688328
0.396036
0.817369
