0.045328
0.099215
0.218477
0.628929
0.119371
0.525631
0.560945
0.918279
0.230764
0.012528
0.801164
0.687617
0.267626
0.795042
0.432264
0.310399
0.462041
0.335785
0.617655
0.319476
0.234080
0.750630
0.535383
0.109083
0.762848
0.851764
0.321682
0.701332
0.859386
0.968914
0.380812
0.568000
0.614992
0.223458
0.943808
0.312730
0.640357
0.298285
0.421529
0.233898
0.434501
0.383844
0.929712
0.180308
0.140752
0.047415
0.906316
0.601912
0.865119
0.235030
0.903305
0.576506
0.186125
0.946859
0.048598
0.980788
0.038940
0.059257
0.464370
0.824883
0.250719
0.581977
0.488570
0.038232
0.325277
0.135696
0.419086
0.871689
0.749110
0.691275
0.618704
0.536963
0.221905
0.180082
0.180007
0.808022
0.638882
0.380515
0.014932
0.835616
0.589874
0.309208
0.362000
0.958873
0.328566
0.265819
0.481070
0.342467
0.703306
0.539671
0.682514
0.018043
0.127079
0.034929
0.619982
0.118589
0.173605
0.758602
0.338851
0.156709
