0.620369
0.901777
0.808316
0.068962
0.996130
0.607020
0.194726
0.733677
0.551852
0.879863
0.508734
0.744415
0.413559
0.039947
0.893765
0.184602
0.737438
0.068568
0.905116
0.037641
0.800408
0.066270
0.045806
0.653978
0.827002
0.595457
0.889981
0.378631
0.219825
0.309281
0.393835
0.975488
0.025525
0.933057
0.247090
0.245568
0.399041
0.548542
0.682498
0.753750
0.823395
0.025874
0.400857
0.148828
0.925476
0.511610
0.564343
0.236111
0.837940
0.599464
0.210173
0.759264
0.697827
0.002937
0.020458
0.951530
0.359681
0.581634
0.079253
0.846469
0.581000
0.511250
0.520724
0.497227
0.647655
0.479324
0.885795
0.768060
0.649372
0.451626
0.280865
0.314183
0.201759
0.497156
0.472173
0.192553
0.552929
0.697530
0.960136
0.304306
0.726217
0.439264
0.773532
0.238417
0.744966
0.083152
0.167434
0.261995
0.752699
0.206829
0.261838
0.948525
0.553594
0.804130
0.332496
0.007853
0.593663
0.199892
0.163564
0.370668
