0.474759
0.684540
0.031435
0.919205
0.727044
0.246998
0.031342
0.674000
0.331678
0.238024
0.457328
0.673030
0.153939
0.877055
0.211950
0.645940
0.115470
0.933156
0.725739
0.919627
0.060212
0.406798
0.407519
0.159610
0.526825
0.359250
0.277931
0.954784
0.251672
0.602940
0.206851
0.166495
0.072024
0.977030
0.044323
0.454640
0.421872
0.295013
0.954751
0.343661
0.794264
0.157373
0.560496
0.536171
0.541570
0.673508
0.785723
0.866835
0.007160
0.031693
0.336129
0.361431
0.275330
0.014007
0.958056
0.872105
0.104055
0.947600
0.984814
0.660488
0.546573
0.146814
0.752029
0.717026
0.456708
0.781572
0.796426
0.107811
0.370409
0.997155
0.341042
0.573358
0.734014
0.185586
0.002980
0.978109
0.436995
0.080905
0.661989
0.090121
0.002370
0.911852
0.428921
0.307854
0.069489
0.182898
0.289489
0.145188
0.356647
0.738112
0.610299
0.538610
0.408961
0.747929
0.029962
0.617417
0.561670
0.182652
0.693375
0.766791
