0.826176
0.670798
0.951801
0.691104
0.094412
0.598177
0.114683
0.827168
0.565934
0.308256
0.857601
0.741551
0.411129
0.670176
0.039954
0.722461
0.308668
0.166182
0.166290
0.572748
0.585089
0.229188
0.042918
0.122252
0.219415
0.210496
0.687795
0.406517
0.750575
0.135263
0.537598
0.066620
0.472810
0.421862
0.924295
0.636005
0.298456
0.812757
0.284482
0.953520
0.626897
0.572588
0.284543
0.653488
0.625044
0.817324
0.574107
0.150181
0.488133
0.276434
0.916469
0.916071
0.747846
0.549813
0.773636
0.901417
0.365951
0.560678
0.793861
0.759326
0.710266
0.004536
0.193189
0.259296
0.552578
0.527668
0.132353
0.479675
0.363074
0.638141
0.239882
0.203370
0.193066
0.983604
0.248972
0.307298
0.215795
0.905486
0.530103
0.730166
0.223128
0.944046
0.562183
0.124610
0.412513
0.371101
0.297225
0.374501
0.103502
0.487554
0.409513
0.683473
0.985406
0.339540
0.551461
0.660930
0.724982
0.594365
0.429200
0.258896
