0.330801
0.084091
0.801824
0.875166
0.514309
0.369692
0.318086
0.307780
0.563229
0.758080
0.335976
0.771908
0.759127
0.146703
0.573633
0.029227
0.525293
0.244272
0.807259
0.771416
0.274017
0.509802
0.345400
0.529244
0.750147
0.881370
0.584295
0.452919
0.873202
0.604673
0.622533
0.844562
0.982074
0.965388
0.364335
0.523136
0.867738
0.594797
0.719991
0.630059
0.196702
0.949888
0.990908
0.391647
0.023757
0.299643
0.218269
0.797948
0.197317
0.227867
0.978684
0.759520
0.718399
0.868299
0.328476
0.711452
0.228062
0.702192
0.473378
0.560324
0.343615
0.769628
0.756739
0.190507
0.739790
0.904988
0.226590
0.092233
0.516786
0.424827
0.043778
0.942065
0.207719
0.216669
0.780555
0.312286
0.885461
0.781264
0.755453
0.294512
0.196702
0.816629
0.111876
0.619531
0.139863
0.196107
0.509850
0.532714
0.683093
0.770946
0.308106
0.435171
0.960461
0.322713
0.140991
0.777380
0.171617
0.896296
0.539968
0.954214
