0.323110
0.450699
0.429321
0.041139
0.937417
0.946948
0.105729
0.097063
0.817184
0.230586
0.741517
0.943040
0.000246
0.699707
0.576661
0.559073
0.623479
0.287896
0.469526
0.157049
0.646326
0.137114
0.009131
0.256311
0.072076
0.055335
0.669609
0.701837
0.203380
0.505868
0.140273
0.179221
0.053881
0.381546
0.699557
0.119653
0.053521
0.090458
0.693009
0.888435
0.825758
0.567835
0.260903
0.818850
0.403418
0.934684
0.276838
0.989917
0.458932
0.048382
0.449696
0.712853
0.008673
0.268376
0.021477
0.824747
0.760832
0.684049
0.061113
0.713445
0.307108
0.849710
0.156902
0.461941
0.006082
0.981483
0.185892
0.435011
0.466730
0.777544
0.506370
0.342395
0.080034
0.208504
0.301603
0.888047
0.809195
0.665693
0.042193
0.633262
0.578677
0.574640
0.108940
0.782759
0.388249
0.370041
0.014223
0.304077
0.571995
0.938461
0.802959
0.558313
0.397544
0.626525
0.575018
0.550669
0.558814
0.446979
0.924092
0.165485
