0.742676
0.169520
0.246062
0.996712
0.866376
0.135990
0.714873
0.975915
0.067582
0.514519
0.930969
0.294502
0.497858
0.235570
0.710507
0.568420
0.886026
0.911136
0.262470
0.969318
0.836860
0.655944
0.449096
0.761297
0.868464
0.290471
0.377964
0.236275
0.403498
0.102503
0.568443
0.130591
0.723852
0.439679
0.285661
0.418454
0.703563
0.029150
0.635871
0.351997
0.012847
0.950474
0.829296
0.025470
0.016943
0.848820
0.156620
0.946886
0.310820
0.162713
0.697054
0.725121
0.808691
0.736710
0.301878
0.606276
0.832831
0.621499
0.807101
0.319108
0.140775
0.178121
0.364703
0.327049
0.993220
0.139014
0.642014
0.689811
0.045729
0.424765
0.297888
0.696381
0.239413
0.221140
0.506541
0.733526
0.385140
0.307267
0.188864
0.425911
0.767224
0.353075
0.350219
0.223625
0.191677
0.327689
0.525822
0.287527
0.758849
0.647329
0.354326
0.556960
0.882041
0.461639
0.431705
0.919524
0.519871
0.869849
0.955854
0.616351
