0.459061
0.322236
0.244263
0.970640
0.041216
0.150339
0.121026
0.622617
0.057187
0.918663
0.253802
0.098759
0.208577
0.056489
0.116867
0.515126
0.939483
0.065705
0.032767
0.919982
0.122828
0.046761
0.534063
0.965587
0.452757
0.057772
0.187619
0.881017
0.703024
0.108204
0.313172
0.048348
0.916164
0.407255
0.234141
0.806700
0.154702
0.144825
0.474161
0.221446
0.880778
0.362461
0.356937
0.617087
0.928205
0.347041
0.293256
0.394524
0.314247
0.089716
0.888934
0.144325
0.071403
0.663253
0.651300
0.267844
0.704862
0.400310
0.637427
0.868286
0.085433
0.834809
0.413502
0.744905
0.818613
0.763138
0.459805
0.446957
0.228838
0.450456
0.996571
0.635861
0.434239
0.031039
0.268088
0.514235
0.249946
0.369934
0.062162
0.436330
0.434106
0.849964
0.756379
0.762085
0.457248
0.943212
0.092550
0.457100
0.215662
0.099564
0.875092
0.634590
0.807386
0.614267
0.368775
0.366327
0.713193
0.471037
0.953294
0.564632
