0.067087
0.460312
0.953913
0.171076
0.561829
0.911846
0.834222
0.791755
0.799948
0.234209
0.815731
0.480039
0.171242
0.633384
0.110108
0.789606
0.230362
0.563205
0.727537
0.923347
0.990593
0.082848
0.764115
0.842582
0.735986
0.603058
0.442491
0.357368
0.478216
0.076033
0.130570
0.847028
0.188017
0.370097
0.107929
0.891930
0.770667
0.517558
0.909776
0.318549
0.109495
0.317525
0.594992
0.477602
0.417705
0.862358
0.662283
0.744549
0.605804
0.881458
0.325660
0.917679
0.480583
0.367359
0.005998
0.137202
0.806400
0.668007
0.409562
0.707740
0.170016
0.859135
0.466258
0.329403
0.032907
0.746285
0.380248
0.800467
0.130005
0.019756
0.762269
0.832037
0.846719
0.718516
0.246559
0.320674
0.583602
0.918056
0.120194
0.595487
0.844950
0.483913
0.881293
0.757607
0.193242
0.501109
0.388538
0.222662
0.117911
0.313841
0.263217
0.339244
0.101650
0.638782
0.383273
0.520013
0.985061
0.671830
0.257039
0.411068
