0.384017
0.407852
0.074959
0.488720
0.496237
0.124745
0.647175
0.039716
0.463232
0.499259
0.220161
0.817041
0.744913
0.745024
0.118098
0.915469
0.279126
0.894485
0.266655
0.291407
0.996211
0.475585
0.354591
0.186014
0.027344
0.256176
0.876942
0.666539
0.107507
0.356048
0.342815
0.971061
0.981842
0.517458
0.464059
0.348343
0.439298
0.481780
0.311442
0.906247
0.553660
0.692163
0.080514
0.565068
0.481482
0.443750
0.245647
0.713492
0.529547
0.618386
0.619615
0.790199
0.918387
0.159879
0.939529
0.323361
0.119552
0.043257
0.889958
0.850344
0.612191
0.300051
0.513872
0.942824
0.032721
0.298359
0.278509
0.956501
0.402010
0.725788
0.213119
0.170285
0.295330
0.206168
0.818634
0.474548
0.419843
0.806992
0.477080
0.686277
0.449494
0.573625
0.711783
0.237391
0.987537
0.140767
0.655224
0.063746
0.828083
0.929929
0.804966
0.827937
0.441056
0.729249
0.214746
0.194018
0.036932
0.230486
0.942865
0.753361
