0.457798
0.963647
0.033662
0.662943
0.185749
0.079842
0.210830
0.523002
0.852719
0.539307
0.017808
0.422916
0.896280
0.987712
0.750089
0.451364
0.047203
0.386502
0.014881
0.509424
0.237609
0.267121
0.524044
0.258931
0.227809
0.333080
0.746950
0.382131
0.142086
0.303498
0.421186
0.875431
0.224912
0.413184
0.244655
0.846652
0.782003
0.232018
0.039554
0.435859
0.771603
0.668050
0.004767
0.575577
0.662012
0.553153
0.882299
0.684392
0.540356
0.136668
0.006462
0.584433
0.389344
0.032332
0.873567
0.454979
0.415986
0.146118
0.980435
0.981227
0.217873
0.194783
0.576367
0.188310
0.728682
0.415605
0.599414
0.326222
0.544278
0.757204
0.599899
0.594633
0.024303
0.484187
0.845220
0.361645
0.971561
0.723867
0.508162
0.297422
0.461748
0.036548
0.703572
0.045154
0.657531
0.247094
0.978948
0.094580
0.791216
0.747041
0.819886
0.959127
0.831742
0.557592
0.517514
0.986290
0.116777
0.602467
0.767245
0.944112
