0.733582
0.735214
0.099550
0.701826
0.187609
0.990419
0.167000
0.113978
0.962957
0.259482
0.365170
0.299265
0.401874
0.253822
0.126670
0.691750
0.145882
0.834429
0.636003
0.668000
0.292507
0.733324
0.781474
0.580612
0.245487
0.442648
0.018061
0.108087
0.983248
0.650797
0.851482
0.113311
0.137397
0.679350
0.047691
0.516122
0.094584
0.020855
0.247966
0.312150
0.803864
0.796740
0.724644
0.510017
0.624201
0.986162
0.253161
0.228213
0.513867
0.321183
0.154572
0.936506
0.805263
0.733377
0.448767
0.953792
0.618435
0.295254
0.465550
0.713775
0.582242
0.385922
0.066960
0.205305
0.796257
0.349637
0.142457
0.926961
0.398378
0.974899
0.185404
0.248171
0.305727
0.102141
0.515601
0.774764
0.686826
0.242425
0.846569
0.431768
0.206101
0.293679
0.556932
0.820667
0.175629
0.545115
0.646780
0.173811
0.714949
0.254872
0.495832
0.899569
0.597234
0.451176
0.005907
0.876303
0.679778
0.838255
0.968671
0.049822
