0.145917
0.824214
0.136391
0.587523
0.190199
0.573972
0.139351
0.650119
0.457232
0.416084
0.376527
0.706097
0.287621
0.417944
0.629248
0.774440
0.132588
0.256182
0.741891
0.693014
0.028884
0.219264
0.323386
0.530651
0.778187
0.881405
0.003581
0.758046
0.898767
0.548715
0.081393
0.265695
0.752010
0.584685
0.862758
0.271264
0.367318
0.765091
0.227988
0.925129
0.843366
0.353595
0.250725
0.009998
0.693313
0.210714
0.853664
0.205692
0.054290
0.285114
0.774757
0.079997
0.640563
0.275294
0.067531
0.534473
0.965720
0.966903
0.915475
0.879394
0.208674
0.336159
0.568771
0.317753
0.511723
0.892778
0.213921
0.105364
0.625123
0.794368
0.348029
0.290242
0.798713
0.853561
0.889147
0.637964
0.512411
0.729870
0.590391
0.022259
0.028780
0.658753
0.102525
0.883480
0.351108
0.140197
0.446527
0.333896
0.391426
0.927434
0.748566
0.232209
0.791896
0.890471
0.224559
0.584586
0.503458
0.158329
0.150568
0.753600
