0.256392
0.911718
0.089018
0.227482
0.209486
0.828621
0.868719
0.368874
0.388163
0.181534
0.328859
0.576153
0.130361
0.405212
0.504641
0.127438
0.137645
0.756625
0.428533
0.074493
0.201812
0.087395
0.816066
0.014929
0.781732
0.331203
0.437287
0.104751
0.335897
0.538756
0.889235
0.303769
0.706080
0.953046
0.859475
0.953265
0.302754
0.581990
0.361747
0.935702
0.396567
0.988975
0.744287
0.237019
0.107182
0.058676
0.417811
0.759808
0.719853
0.541071
0.111083
0.693902
0.052268
0.040724
0.138180
0.829896
0.016898
0.939025
0.661796
0.534301
0.076241
0.635139
0.888999
0.472948
0.677251
0.400505
0.899965
0.956532
0.562771
0.942602
0.248822
0.460177
0.110032
0.387639
0.262111
0.511777
0.086934
0.567498
0.125776
0.289012
0.957647
0.402936
0.078404
0.771036
0.171554
0.610129
0.071980
0.381286
0.842307
0.785248
0.832044
0.666865
0.312700
0.224713
0.420054
0.448999
0.633894
0.912439
0.471211
0.105958
