0.868471
0.586806
0.992840
0.656748
0.971055
0.420680
0.885539
0.069208
0.680113
0.152115
0.320014
0.978174
0.973797
0.321839
0.555476
0.990215
0.194712
0.687246
0.417992
0.643408
0.213116
0.769639
0.893740
0.407187
0.599537
0.736808
0.790615
0.499644
0.456010
0.287068
0.123066
0.000926
0.009427
0.022414
0.935522
0.653970
0.355352
0.534282
0.794014
0.945830
0.512792
0.030532
0.838332
0.070726
0.355116
0.694001
0.005622
0.697188
0.227052
0.524269
0.083325
0.263680
0.986263
0.015313
0.640716
0.290482
0.345767
0.035276
0.341238
0.137166
0.338985
0.809446
0.000693
0.643406
0.257056
0.349186
0.245958
0.371580
0.930733
0.833762
0.550926
0.602485
0.492980
0.458937
0.050936
0.405459
0.923843
0.247139
0.272019
0.738708
0.526490
0.871554
0.089646
0.551865
0.557365
0.276868
0.009112
0.690919
0.329390
0.328163
0.442872
0.658491
0.601502
0.634908
0.864587
0.204345
0.405359
0.349295
0.698266
0.109316
