0.760224
0.652166
0.537768
0.696301
0.866913
0.283335
0.677058
0.364035
0.781484
0.819212
0.326903
0.825144
0.926119
0.337681
0.796257
0.918938
0.766567
0.244816
0.286089
0.579233
0.346199
0.296720
0.528873
0.519973
0.538025
0.030350
0.472522
0.054024
0.068306
0.805257
0.466281
0.081889
0.877438
0.897207
0.036612
0.456531
0.268559
0.192830
0.977088
0.859685
0.278839
0.882267
0.318568
0.978019
0.064405
0.770370
0.257254
0.106375
0.394831
0.186220
0.985287
0.156646
0.311826
0.861700
0.288968
0.833852
0.392696
0.958469
0.738965
0.980764
0.795898
0.672560
0.660605
0.415105
0.836057
0.167822
0.327623
0.095824
0.010538
0.775305
0.718120
0.552207
0.200835
0.092079
0.005839
0.683518
0.372292
0.732200
0.025787
0.300796
0.373739
0.047771
0.665595
0.186326
0.877416
0.704789
0.527791
0.889499
0.730758
0.411576
0.455394
0.164894
0.973709
0.726547
0.321909
0.123561
0.541493
0.769649
0.789314
0.970611
