0.088152
0.129456
0.391587
0.207944
0.907114
0.001420
0.727795
0.708971
0.522553
0.735889
0.986437
0.360409
0.356112
0.769625
0.853343
0.202570
0.414480
0.830992
0.619034
0.599890
0.417047
0.357050
0.769956
0.787084
0.030561
0.470964
0.691431
0.959153
0.507935
0.143653
0.727874
0.625275
0.903914
0.190173
0.544237
0.389979
0.129261
0.034832
0.230679
0.414656
0.617849
0.398299
0.504552
0.197005
0.181895
0.573961
0.477931
0.749740
0.200438
0.578067
0.992095
0.367632
0.032409
0.907064
0.748264
0.621103
0.945812
0.357624
0.502746
0.147089
0.467748
0.351103
0.053550
0.286686
0.193401
0.253934
0.658988
0.414839
0.204435
0.110307
0.574280
0.705133
0.853269
0.350622
0.132107
0.349418
0.786911
0.568635
0.434363
0.540097
0.505328
0.569334
0.425727
0.775646
0.739365
0.126789
0.495025
0.384855
0.493861
0.458385
0.175818
0.301277
0.207352
0.232186
0.742961
0.069051
0.197807
0.844257
0.416610
0.489679
