0.151745
0.831713
0.780573
0.077951
0.671449
0.788850
0.966142
0.625394
0.266153
0.187947
0.914167
0.198294
0.924755
0.959562
0.572918
0.044565
0.819232
0.291173
0.442176
0.821122
0.943215
0.180508
0.330030
0.526591
0.589769
0.866330
0.532090
0.512839
0.895813
0.126496
0.319580
0.670260
0.030636
0.593352
0.645034
0.369219
0.409578
0.207181
0.540101
0.193081
0.421180
0.204294
0.678258
0.678270
0.752420
0.168602
0.679981
0.733460
0.406402
0.842659
0.169929
0.696730
0.226637
0.298794
0.179883
0.669856
0.548028
0.300562
0.301435
0.911971
0.763963
0.881803
0.899778
0.629380
0.625473
0.796330
0.320503
0.754049
0.313481
0.351221
0.921645
0.976238
0.417154
0.818530
0.314593
0.518897
0.674148
0.583292
0.471633
0.385194
0.617259
0.659100
0.671904
0.632034
0.494783
0.271250
0.572305
0.698263
0.243737
0.218070
0.538520
0.839898
0.603783
0.372904
0.918595
0.626858
0.161165
0.199328
0.560976
0.706585
