0.917186
0.706779
0.360532
0.399462
0.182802
0.675269
0.752807
0.759315
0.230320
0.173619
0.801491
0.505729
0.815569
0.255555
0.200515
0.619237
0.663950
0.999970
0.039886
0.765588
0.509419
0.824571
0.976502
0.972248
0.354637
0.080208
0.259121
0.178878
0.932791
0.020671
0.300916
0.053758
0.605269
0.334772
0.210980
0.337949
0.261503
0.033805
0.141214
0.634280
0.033025
0.668048
0.137739
0.821643
0.944658
0.686350
0.730770
0.175287
0.577249
0.393686
0.306225
0.251720
0.468471
0.086307
0.199054
0.951988
0.305332
0.674361
0.917468
0.867760
0.227290
0.217341
0.265312
0.897299
0.263479
0.452301
0.809203
0.512982
0.699637
0.873373
0.624501
0.529475
0.790596
0.167650
0.142452
0.422784
0.451602
0.027330
0.078711
0.433919
0.016004
0.706006
0.449833
0.867347
0.052750
0.832923
0.154531
0.782204
0.101053
0.408115
0.759706
0.276081
0.119604
0.444498
0.947820
0.378814
0.883530
0.077083
0.953645
0.848252
