0.299860
0.618475
0.357554
0.977037
0.517561
0.170113
0.353359
0.911220
0.579984
0.405089
0.993910
0.349631
0.478520
0.311855
0.920708
0.033572
0.516980
0.733312
0.094206
0.710786
0.264214
0.613269
0.290231
0.088136
0.507249
0.938688
0.610790
0.796017
0.875688
0.607576
0.010430
0.988577
0.870570
0.178866
0.537822
0.631639
0.800908
0.262225
0.915364
0.466696
0.248920
0.522712
0.344009
0.517288
0.052816
0.682225
0.123354
0.816003
0.402284
0.475209
0.736405
0.899343
0.351491
0.530703
0.039801
0.013693
0.515062
0.675775
0.536203
0.152840
0.327377
0.075612
0.249005
0.892223
0.910715
0.159173
0.365917
0.717898
0.557217
0.809985
0.347552
0.745203
0.680830
0.640924
0.776127
0.543930
0.586186
0.058803
0.407935
0.440246
0.400816
0.900469
0.764692
0.467801
0.373365
0.463474
0.277619
0.670756
0.764566
0.710308
0.576427
0.098900
0.774997
0.679942
0.565931
0.602236
0.108881
0.913577
0.189953
0.758288
