0.267181
0.685865
0.608169
0.322160
0.702213
0.356689
0.808510
0.475319
0.986698
0.479064
0.263998
0.770295
0.366172
0.819626
0.525346
0.215920
0.856372
0.576986
0.089763
0.341970
0.568866
0.642694
0.448337
0.622017
0.711797
0.328439
0.826035
0.178651
0.132030
0.617117
0.853391
0.851571
0.362710
0.334279
0.891043
0.547622
0.738844
0.758105
0.437037
0.881987
0.364492
0.673286
0.192460
0.226562
0.721065
0.973361
0.641915
0.385252
0.984296
0.870032
0.916414
0.662660
0.322944
0.425455
0.602109
0.262647
0.588430
0.407019
0.082821
0.190497
0.830082
0.787509
0.983105
0.282026
0.578621
0.376957
0.316028
0.935658
0.650539
0.635670
0.588448
0.004401
0.617735
0.392582
0.117199
0.030806
0.175115
0.008652
0.326828
0.564974
0.835309
0.944039
0.400832
0.789005
0.065892
0.231269
0.387971
0.593497
0.294935
0.055599
0.102733
0.537457
0.786765
0.664389
0.763647
0.928117
0.810492
0.153293
0.348658
0.583402
