0.191207
0.634101
0.464682
0.041198
0.217338
0.315681
0.887451
0.900609
0.686844
0.990255
0.119687
0.897579
0.668803
0.693914
0.308571
0.415292
0.202041
0.294472
0.645105
0.620123
0.234003
0.606620
0.000389
0.591823
0.280231
0.942312
0.741357
0.654742
0.981435
0.235673
0.250284
0.957889
0.779314
0.621271
0.581402
0.668636
0.637280
0.193608
0.865126
0.317775
0.378992
0.881722
0.554640
0.464192
0.913651
0.610084
0.396961
0.540516
0.936611
0.619219
0.894422
0.555670
0.979532
0.875346
0.474350
0.962773
0.362699
0.469774
0.912674
0.811302
0.181737
0.835131
0.810045
0.505444
0.994692
0.364584
0.978801
0.519351
0.738315
0.869973
0.311267
0.300121
0.976625
0.381075
0.134555
0.261166
0.230971
0.077625
0.915503
0.071513
0.567461
0.878394
0.628511
0.033144
0.069639
0.269441
0.349802
0.087690
0.199640
0.536741
0.465797
0.697710
0.956859
0.919985
0.062599
0.185154
0.107429
0.323363
0.156307
0.351047
