0.700493
0.006102
0.130317
0.000052
0.344425
0.730651
0.774965
0.830606
0.174155
0.818293
0.886875
0.049105
0.050071
0.433632
0.564444
0.450842
0.404631
0.401549
0.542070
0.093805
0.641060
0.632756
0.117508
0.153069
0.376632
0.118570
0.677590
0.695874
0.344348
0.828569
0.017706
0.886806
0.629864
0.828167
0.747430
0.187191
0.549876
0.516420
0.715442
0.147875
0.230582
0.766647
0.123918
0.018574
0.986002
0.661448
0.164845
0.470886
0.786467
0.107405
0.512622
0.800229
0.869258
0.189274
0.828190
0.990016
0.122357
0.353214
0.894492
0.181818
0.872940
0.451257
0.378419
0.019838
0.957002
0.513868
0.174093
0.701392
0.895409
0.563384
0.421566
0.350200
0.899365
0.241820
0.836085
0.493364
0.035514
0.181896
0.780357
0.940036
0.370093
0.436464
0.345772
0.145477
0.807125
0.270805
0.800534
0.002558
0.434923
0.863179
0.261966
0.284667
0.446842
0.026453
0.790904
0.809396
0.453126
0.061632
0.692731
0.748337
