0.180703
0.590332
0.338528
0.753810
0.204200
0.026621
0.770172
0.953665
0.231246
0.839307
0.688654
0.819684
0.818070
0.059997
0.245498
0.597047
0.031648
0.206753
0.536481
0.504934
0.613464
0.035897
0.883758
0.470767
0.350102
0.243984
0.000254
0.236892
0.188947
0.961613
0.921362
0.148602
0.524499
0.699412
0.134076
0.889616
0.695000
0.989417
0.788498
0.773034
0.132505
0.627129
0.413537
0.308916
0.763990
0.133633
0.560517
0.282944
0.541881
0.729633
0.282492
0.010498
0.940002
0.459277
0.856984
0.732604
0.492140
0.352997
0.783792
0.553152
0.329506
0.031358
0.531205
0.058406
0.980741
0.064140
0.215887
0.242900
0.517211
0.653942
0.521066
0.039092
0.920139
0.801522
0.522778
0.925871
0.593828
0.416596
0.575641
0.498961
0.534633
0.829064
0.052636
0.816951
0.572631
0.267841
0.040344
0.372405
0.239450
0.603936
0.552676
0.252884
0.120453
0.138642
0.805476
0.075849
0.311542
0.135925
0.550635
0.193018
