0.260947
0.272431
0.316414
0.966553
0.002753
0.113541
0.043591
0.350050
0.865720
0.898644
0.823571
0.258837
0.976121
0.665182
0.423164
0.988353
0.199099
0.027392
0.226883
0.568155
0.156240
0.445023
0.677934
0.373149
0.732143
0.126089
0.903902
0.105244
0.947954
0.082292
0.991686
0.370875
0.652134
0.204327
0.289499
0.981708
0.097948
0.033129
0.927153
0.812890
0.408410
0.088149
0.267561
0.621855
0.546482
0.149522
0.695861
0.458707
0.767673
0.415744
0.919936
0.018259
0.619918
0.170342
0.262807
0.884102
0.921284
0.694371
0.886519
0.252416
0.990192
0.128377
0.264975
0.173060
0.683701
0.036485
0.593465
0.043632
0.060778
0.043043
0.842604
0.326165
0.557858
0.727906
0.145300
0.517076
0.695075
0.988591
0.532806
0.594718
0.014505
0.546437
0.675651
0.987021
0.431778
0.278820
0.441489
0.157693
0.392095
0.684057
0.184645
0.352402
0.936868
0.650801
0.303513
0.052595
0.092949
0.821279
0.124773
0.323928
