0.234520
0.267318
0.946739
0.862586
0.725259
0.963981
0.676935
0.814246
0.498430
0.951047
0.692283
0.036229
0.128190
0.608095
0.086517
0.163133
0.859947
0.834569
0.774433
0.936685
0.145673
0.543785
0.476477
0.456400
0.821003
0.733086
0.534008
0.244224
0.721091
0.319128
0.477817
0.337384
0.081017
0.095559
0.162179
0.068942
0.834086
0.871407
0.712297
0.842007
0.517212
0.810761
0.457056
0.033493
0.986944
0.867537
0.610139
0.909186
0.584976
0.054381
0.428816
0.680767
0.002354
0.845073
0.955599
0.563017
0.095547
0.931848
0.579804
0.754405
0.543665
0.734634
0.987059
0.945988
0.180818
0.513022
0.584143
0.560577
0.980314
0.573065
0.898867
0.839919
0.513445
0.918642
0.980005
0.462351
0.949349
0.229036
0.692700
0.896502
0.333694
0.453972
0.859988
0.379767
0.314674
0.471580
0.970483
0.012272
0.003461
0.239795
0.535816
0.828166
0.478371
0.309983
0.479869
0.198155
0.374429
0.019079
0.758370
0.088024
