0.818677
0.200495
0.317955
0.994304
0.883931
0.276595
0.042465
0.090614
0.342247
0.606487
0.774321
0.444611
0.920016
0.849017
0.588543
0.235881
0.226465
0.091821
0.182521
0.683612
0.387067
0.812578
0.850419
0.935337
0.231781
0.031839
0.738233
0.082050
0.017757
0.876302
0.876175
0.006796
0.548573
0.085467
0.978935
0.305328
0.933469
0.662674
0.828985
0.649920
0.237838
0.790893
0.148482
0.396231
0.635271
0.150985
0.225637
0.996086
0.753544
0.081191
0.584561
0.252692
0.741979
0.721715
0.827913
0.953078
0.535056
0.346640
0.014830
0.878361
0.586753
0.966890
0.919034
0.873175
0.015626
0.890943
0.804903
0.640963
0.936745
0.978128
0.600601
0.135117
0.558821
0.086451
0.230824
0.032529
0.251779
0.599965
0.672968
0.920753
0.468805
0.953304
0.498823
0.478483
0.262708
0.394290
0.677304
0.641874
0.094924
0.582361
0.327171
0.000959
0.316666
0.695212
0.120615
0.186280
0.292571
0.318368
0.002354
0.200961
