0.720478
0.726567
0.140527
0.307614
0.175273
0.734495
0.267885
0.342664
0.518866
0.627214
0.199622
0.952745
0.901830
0.266717
0.128456
0.797686
0.642013
0.705532
0.830273
0.903415
0.319816
0.040343
0.617382
0.789605
0.718064
0.851567
0.312198
0.394513
0.207720
0.044707
0.084367
0.008272
0.316731
0.870331
0.052204
0.193708
0.445614
0.425245
0.974769
0.945366
0.679915
0.607926
0.487469
0.705699
0.528187
0.917053
0.252856
0.752884
0.086141
0.895815
0.387238
0.737462
0.117661
0.405805
0.983156
0.311422
0.758327
0.728079
0.842035
0.588600
0.333017
0.888555
0.319151
0.689330
0.400760
0.049553
0.466308
0.288391
0.061791
0.835683
0.694268
0.746720
0.012467
0.428195
0.771186
0.504710
0.649829
0.218631
0.009332
0.966841
0.875130
0.858021
0.679080
0.843594
0.853731
0.080508
0.150553
0.681955
0.114413
0.749974
0.185891
0.465354
0.170395
0.916294
0.820649
0.181802
0.717664
0.744184
0.901686
0.488715
