0.172081
0.824486
0.647349
0.170739
0.080094
0.938892
0.373215
0.543535
0.036062
0.896414
0.125349
0.382801
0.373899
0.048448
0.522834
0.514765
0.386416
0.172909
0.417494
0.920959
0.801348
0.765949
0.144815
0.522437
0.879065
0.170219
0.139518
0.109210
0.339179
0.145828
0.132541
0.415410
0.921359
0.706422
0.410768
0.942798
0.450140
0.801884
0.357399
0.813799
0.192981
0.686552
0.547833
0.106743
0.775297
0.889100
0.317445
0.185827
0.820913
0.137637
0.403811
0.841935
0.256991
0.069654
0.023957
0.386419
0.566660
0.150589
0.321795
0.691975
0.038264
0.789158
0.237063
0.567628
0.391070
0.663867
0.771937
0.971485
0.556465
0.733327
0.516273
0.555836
0.067195
0.864086
0.146939
0.303070
0.057081
0.665282
0.188321
0.390641
0.484390
0.196646
0.743423
0.220767
0.233399
0.721745
0.493067
0.538761
0.103157
0.140352
0.022393
0.376338
0.391815
0.352287
0.984733
0.364280
0.499182
0.379759
0.088016
0.058725
