0.660337
0.354433
0.985624
0.771995
0.804797
0.851057
0.021012
0.895314
0.272893
0.468649
0.439442
0.097444
0.260912
0.934422
0.747539
0.675262
0.198855
0.399333
0.715285
0.376004
0.326322
0.110005
0.770546
0.902702
0.492313
0.811065
0.145960
0.691981
0.690611
0.866971
0.930849
0.754287
0.542399
0.054293
0.801170
0.016912
0.944858
0.953375
0.307669
0.355885
0.952698
0.161395
0.962602
0.321264
0.636186
0.207005
0.718410
0.742343
0.055208
0.658199
0.098176
0.958146
0.987782
0.410025
0.962537
0.709108
0.902583
0.350392
0.557419
0.691140
0.446426
0.590534
0.795269
0.588196
0.150848
0.336955
0.934845
0.549505
0.424568
0.430550
0.502148
0.660368
0.781927
0.261380
0.129958
0.584230
0.889405
0.617296
0.409310
0.192670
0.661374
0.740807
0.442933
0.304529
0.219780
0.286088
0.917942
0.522630
0.218033
0.711926
0.267414
0.973003
0.142078
0.773922
0.985165
0.995565
0.037524
0.353463
0.211624
0.519492
