0.270841
0.825432
0.954301
0.590805
0.575354
0.353383
0.284087
0.043503
0.138516
0.597763
0.462727
0.991241
0.053802
0.661783
0.893165
0.182385
0.315255
0.118826
0.916361
0.371258
0.610014
0.461041
0.747040
0.261977
0.181842
0.980838
0.656772
0.017329
0.377175
0.417665
0.803532
0.265058
0.781318
0.913915
0.839319
0.948797
0.718633
0.943569
0.075447
0.928594
0.071904
0.918204
0.632910
0.113236
0.965014
0.863053
0.755845
0.660375
0.641191
0.489121
0.686090
0.608345
0.947420
0.258239
0.907720
0.992074
0.129634
0.288320
0.416929
0.341516
0.105594
0.197059
0.465159
0.099704
0.532164
0.424036
0.382137
0.686332
0.434412
0.162761
0.438761
0.457194
0.900016
0.034559
0.007651
0.323977
0.357666
0.473503
0.070557
0.831260
0.651765
0.261296
0.935040
0.625993
0.176624
0.738384
0.100378
0.184213
0.888931
0.762426
0.084405
0.806232
0.821795
0.744080
0.443172
0.014440
0.835969
0.021055
0.723288
0.858154
