0.759431
0.750235
0.610515
0.200409
0.113610
0.112779
0.499731
0.736781
0.055998
0.294451
0.749130
0.665961
0.169974
0.008938
0.633345
0.026017
0.952370
0.269437
0.123832
0.904376
0.530935
0.775419
0.236150
0.416471
0.502511
0.561893
0.135521
0.903535
0.775347
0.089225
0.905040
0.865307
0.227758
0.050820
0.839288
0.790211
0.080462
0.822038
0.178123
0.116345
0.201209
0.358581
0.197819
0.503655
0.064034
0.402022
0.673155
0.716165
0.900464
0.493538
0.588041
0.944115
0.079723
0.754631
0.212237
0.665425
0.561157
0.731750
0.136390
0.321212
0.101758
0.652176
0.505284
0.149742
0.929435
0.590180
0.744810
0.428788
0.108699
0.237986
0.567348
0.521409
0.808884
0.760110
0.755959
0.217179
0.438522
0.134087
0.865468
0.170251
0.690991
0.295766
0.442291
0.636576
0.407894
0.860758
0.861706
0.490188
0.538932
0.743919
0.749959
0.656535
0.671104
0.396897
0.668370
0.016422
0.140318
0.845234
0.940248
0.829213
