0.799908
0.438080
0.680192
0.800881
0.658751
0.986272
0.048254
0.205798
0.649932
0.637527
0.965634
0.498105
0.266475
0.363964
0.692092
0.675074
0.939302
0.913623
0.270845
0.064809
0.613953
0.731169
0.645443
0.944657
0.797476
0.138036
0.105264
0.548080
0.270200
0.073050
0.403111
0.763209
0.773823
0.218002
0.439087
0.330426
0.511178
0.771600
0.798033
0.932688
0.946310
0.358311
0.969393
0.295140
0.383456
0.919700
0.737000
0.529300
0.322474
0.570902
0.991363
0.939441
0.600935
0.625564
0.755098
0.674757
0.166032
0.492077
0.060091
0.912391
0.065067
0.178706
0.146340
0.466892
0.346988
0.780204
0.638489
0.469233
0.817572
0.938481
0.121072
0.609699
0.737998
0.870207
0.350496
0.048013
0.403136
0.965026
0.336181
0.573589
0.088246
0.448822
0.354194
0.971917
0.114479
0.348081
0.271847
0.201154
0.874790
0.381129
0.033650
0.540694
0.322560
0.104579
0.307772
0.726580
0.219554
0.234269
0.313826
0.614005
