0.104734
0.399225
0.062665
0.607611
0.757081
0.117849
0.301483
0.696221
0.003780
0.546544
0.613885
0.814255
0.307941
0.015572
0.812588
0.884513
0.605705
0.593187
0.155105
0.302616
0.430242
0.633447
0.133931
0.327865
0.338787
0.664326
0.157362
0.037781
0.510141
0.799497
0.765372
0.747939
0.227559
0.017836
0.786494
0.771051
0.012135
0.472062
0.184078
0.584749
0.433281
0.409755
0.756705
0.437518
0.072383
0.736458
0.028111
0.933951
0.260105
0.424565
0.091009
0.158843
0.861533
0.647584
0.861414
0.899079
0.124907
0.168613
0.291824
0.256903
0.342763
0.410760
0.817784
0.002699
0.812469
0.300650
0.601754
0.506286
0.778470
0.933957
0.474012
0.325879
0.975239
0.678367
0.400328
0.870692
0.587540
0.001551
0.044790
0.632990
0.949571
0.294534
0.137272
0.932668
0.670385
0.343569
0.240656
0.424707
0.904011
0.146467
0.542455
0.886015
0.005369
0.734058
0.752275
0.383717
0.121377
0.571718
0.424911
0.391439
