0.286451
0.848867
0.265049
0.728225
0.792771
0.184186
0.651811
0.824287
0.393929
0.084906
0.251469
0.648711
0.608345
0.292894
0.159443
0.124142
0.593801
0.531872
0.113097
0.855400
0.899100
0.836827
0.936129
0.915368
0.940610
0.629392
0.302567
0.914234
0.228904
0.769881
0.304294
0.080495
0.862908
0.885925
0.752343
0.456091
0.062277
0.521715
0.817543
0.774490
0.235187
0.647753
0.376838
0.673120
0.161497
0.272074
0.880146
0.792371
0.503515
0.554018
0.164092
0.757756
0.065966
0.054047
0.665400
0.672859
0.595031
0.769268
0.234951
0.314594
0.661676
0.299899
0.484318
0.787647
0.718633
0.236120
0.051738
0.449629
0.418134
0.176173
0.972603
0.860214
0.592898
0.156810
0.016175
0.475722
0.201020
0.662598
0.753495
0.899509
0.721538
0.337196
0.402781
0.139365
0.886630
0.947837
0.157599
0.553674
0.402869
0.753667
0.267837
0.430436
0.376405
0.498016
0.163361
0.954633
0.849690
0.598298
0.407536
0.849106
