0.350387
0.893520
0.453777
0.532247
0.767593
0.713965
0.514622
0.946734
0.147349
0.612078
0.447516
0.383913
0.540851
0.033853
0.784611
0.034338
0.472073
0.219595
0.482304
0.678109
0.647626
0.030197
0.449260
0.657294
0.134841
0.253725
0.743404
0.342280
0.254271
0.053678
0.402142
0.861832
0.351992
0.768191
0.273258
0.384672
0.702190
0.498613
0.545253
0.841489
0.358159
0.638511
0.916197
0.298292
0.457385
0.675083
0.141839
0.036833
0.884300
0.558978
0.016942
0.020023
0.442064
0.031464
0.312644
0.927186
0.163849
0.431970
0.460781
0.659515
0.119951
0.151227
0.093899
0.706312
0.267532
0.720983
0.201606
0.114684
0.944675
0.809132
0.483324
0.352039
0.775437
0.322678
0.961820
0.395027
0.914604
0.086908
0.669999
0.321975
0.496665
0.283553
0.358737
0.298784
0.734444
0.701138
0.563788
0.264727
0.408320
0.932292
0.336493
0.732631
0.669422
0.536829
0.630264
0.355632
0.745542
0.945896
0.333729
0.562450
