0.231584
0.049019
0.524969
0.030614
0.248595
0.725153
0.149164
0.979775
0.136234
0.117157
0.342321
0.970340
0.483895
0.786181
0.336680
0.965780
0.378649
0.343667
0.932540
0.320242
0.363116
0.762391
0.941019
0.346890
0.270766
0.709928
0.276134
0.451323
0.105945
0.432437
0.321878
0.669348
0.785374
0.574823
0.243706
0.977452
0.577216
0.474217
0.304226
0.853649
0.604310
0.671510
0.777680
0.225785
0.194608
0.847155
0.697294
0.830487
0.523162
0.757447
0.002275
0.290087
0.295334
0.286940
0.324022
0.098410
0.573754
0.255720
0.248374
0.997870
0.782287
0.228994
0.503599
0.882018
0.913622
0.886772
0.535803
0.487405
0.938746
0.130584
0.243613
0.226885
0.886328
0.387297
0.323229
0.734288
0.320045
0.290603
0.909931
0.332888
0.786193
0.965631
0.643471
0.648562
0.991827
0.396986
0.444947
0.083000
0.416817
0.473971
0.157925
0.315788
0.190175
0.505599
0.544151
0.165506
0.118484
0.727119
0.233883
0.560855
