0.176407
0.264699
0.951833
0.984107
0.927517
0.331419
0.131475
0.291274
0.559991
0.500468
0.166921
0.709168
0.404716
0.195297
0.680484
0.167895
0.336079
0.054007
0.464981
0.417896
0.356733
0.313744
0.029235
0.519852
0.925451
0.135186
0.966231
0.886908
0.459113
0.272997
0.527804
0.632935
0.773438
0.744872
0.479162
0.313565
0.978494
0.413773
0.085789
0.799932
0.150618
0.105106
0.249970
0.142760
0.934885
0.081190
0.067384
0.197930
0.226371
0.582746
0.291477
0.812576
0.913547
0.453450
0.286257
0.104414
0.983318
0.975984
0.452502
0.576311
0.503477
0.168117
0.352681
0.946333
0.817606
0.580331
0.442989
0.193871
0.687528
0.645072
0.760322
0.436843
0.427899
0.478949
0.401630
0.594082
0.053841
0.183749
0.453294
0.895022
0.857726
0.945152
0.619178
0.305690
0.132830
0.281304
0.597052
0.917323
0.629709
0.787466
0.024080
0.518544
0.228957
0.843638
0.542130
0.666105
0.693620
0.041020
0.421632
0.376756
