0.454173
0.321557
0.387924
0.095829
0.706504
0.087907
0.799975
0.768970
0.703678
0.097229
0.703324
0.108379
0.169727
0.150472
0.007402
0.600769
0.114738
0.984571
0.789449
0.048586
0.224040
0.229203
0.368590
0.632012
0.730940
0.906291
0.662402
0.017418
0.896339
0.370964
0.150235
0.232347
0.652166
0.711525
0.545562
0.766150
0.164655
0.717034
0.359102
0.581249
0.800213
0.960331
0.182234
0.257599
0.937450
0.346015
0.077646
0.677904
0.394397
0.055326
0.383684
0.276815
0.451730
0.498393
0.666254
0.203567
0.069028
0.334932
0.429459
0.993210
0.166323
0.791810
0.806717
0.866926
0.020085
0.452731
0.664545
0.636677
0.994113
0.643292
0.771774
0.517689
0.447452
0.392174
0.988526
0.314281
0.350234
0.405982
0.446499
0.820138
0.198412
0.023130
0.016572
0.466168
0.994545
0.939724
0.567453
0.101319
0.156255
0.303621
0.583182
0.419686
0.539045
0.655216
0.006765
0.878079
0.647656
0.668177
0.848896
0.257803
