0.295428
0.632444
0.482941
0.748606
0.986526
0.875453
0.908679
0.496513
0.252763
0.603233
0.671895
0.686831
0.123139
0.435674
0.246105
0.508708
0.033226
0.371477
0.582162
0.956854
0.651986
0.306648
0.217668
0.399954
0.091923
0.761054
0.827911
0.180271
0.107743
0.338655
0.000554
0.346878
0.954971
0.305526
0.649427
0.471226
0.460556
0.630226
0.940309
0.210747
0.908466
0.942841
0.150816
0.253888
0.881533
0.822197
0.222478
0.092787
0.513088
0.523123
0.020155
0.041405
0.908296
0.019950
0.170401
0.968638
0.148567
0.431370
0.776547
0.339020
0.486600
0.420942
0.329600
0.821030
0.987467
0.258526
0.419870
0.836152
0.290907
0.617503
0.923809
0.612751
0.278040
0.772747
0.940636
0.443416
0.241295
0.112929
0.538878
0.539118
0.174581
0.415992
0.472614
0.917036
0.448987
0.056376
0.240937
0.460376
0.642576
0.716242
0.336625
0.993830
0.402169
0.239844
0.660696
0.215314
0.378105
0.419121
0.213429
0.276100
