0.420240
0.512023
0.894076
0.233609
0.887230
0.522887
0.358531
0.975340
0.856244
0.419302
0.799806
0.218641
0.374561
0.754794
0.880020
0.934876
0.633628
0.926465
0.358002
0.798130
0.742999
0.550567
0.827175
0.263324
0.182895
0.565852
0.242308
0.455705
0.171579
0.637093
0.254664
0.101593
0.808461
0.372631
0.652120
0.061869
0.817942
0.368237
0.233007
0.719912
0.084224
0.141117
0.459704
0.624679
0.034066
0.567204
0.700782
0.845974
0.691919
0.918886
0.351941
0.481870
0.489388
0.418253
0.371504
0.671953
0.683625
0.381771
0.139638
0.937817
0.159176
0.240796
0.357524
0.521492
0.527179
0.107123
0.216210
0.987571
0.330902
0.843228
0.578380
0.835240
0.689429
0.885475
0.162096
0.629576
0.344401
0.714344
0.146168
0.258176
0.307883
0.230496
0.266709
0.302655
0.672684
0.608687
0.297422
0.752495
0.944696
0.253388
0.819610
0.508273
0.367966
0.416860
0.386645
0.143723
0.473331
0.071591
0.747277
0.133226
