0.754235
0.403380
0.852361
0.203912
0.876506
0.412315
0.188841
0.814691
0.779239
0.771648
0.963723
0.907385
0.268027
0.719554
0.808489
0.428449
0.903335
0.430488
0.129236
0.256333
0.395977
0.868023
0.487291
0.836162
0.762889
0.366068
0.937907
0.360863
0.773294
0.498528
0.195754
0.616543
0.973243
0.819531
0.431019
0.507468
0.624193
0.944094
0.439369
0.226388
0.410331
0.678510
0.989042
0.771095
0.704179
0.381939
0.850762
0.103270
0.010795
0.477233
0.684407
0.648363
0.938603
0.283541
0.306407
0.484889
0.452575
0.653954
0.422922
0.878039
0.644948
0.423978
0.861191
0.829231
0.975702
0.992743
0.821407
0.017362
0.061972
0.578953
0.459413
0.457456
0.241431
0.440572
0.860697
0.536749
0.308610
0.582625
0.903912
0.365391
0.179497
0.768857
0.374502
0.379070
0.601223
0.779860
0.353162
0.014223
0.800860
0.075459
0.926376
0.512380
0.279387
0.812016
0.505741
0.643837
0.052839
0.125618
0.240262
0.322286
