0.431485
0.824380
0.748189
0.376317
0.482327
0.235948
0.462774
0.526212
0.386768
0.497899
0.932127
0.022946
0.437543
0.666549
0.222739
0.245407
0.261260
0.266843
0.290294
0.988292
0.599808
0.536755
0.408313
0.500562
0.598515
0.062369
0.483417
0.627561
0.387270
0.738392
0.498790
0.135898
0.540912
0.866957
0.653883
0.151248
0.913710
0.425714
0.748502
0.545576
0.055503
0.245379
0.162407
0.835992
0.152257
0.570558
0.586329
0.399903
0.196811
0.855032
0.159781
0.655970
0.208678
0.896277
0.032885
0.265217
0.004738
0.681966
0.156297
0.831692
0.798987
0.770605
0.350026
0.962177
0.142668
0.378447
0.459199
0.046460
0.832111
0.175059
0.460357
0.155469
0.983042
0.318590
0.535513
0.651060
0.803500
0.280490
0.604816
0.957159
0.372841
0.531414
0.472133
0.509152
0.912507
0.819594
0.341710
0.052462
0.912101
0.842425
0.876866
0.959092
0.354707
0.509759
0.137189
0.871710
0.716245
0.796677
0.984854
0.374949
