0.485206
0.183615
0.350949
0.715827
0.468863
0.297605
0.164329
0.125408
0.872249
0.166722
0.729392
0.463612
0.485481
0.761412
0.522811
0.685590
0.136325
0.112434
0.218357
0.405430
0.764417
0.524946
0.272630
0.383442
0.588767
0.842195
0.168903
0.015635
0.345539
0.185986
0.479606
0.181467
0.777910
0.771224
0.818154
0.146383
0.360448
0.152701
0.451846
0.122157
0.025210
0.089169
0.691270
0.112947
0.586309
0.641196
0.758305
0.691932
0.407439
0.149141
0.078821
0.882056
0.978729
0.544178
0.538747
0.567851
0.328222
0.540270
0.104030
0.920839
0.275528
0.896598
0.245016
0.415991
0.437223
0.742517
0.684286
0.268200
0.756748
0.686351
0.769451
0.128936
0.384647
0.826885
0.644056
0.436312
0.030197
0.460687
0.211135
0.431058
0.002408
0.694273
0.999977
0.691735
0.217497
0.301162
0.684556
0.211706
0.296935
0.200728
0.521234
0.190276
0.859928
0.955570
0.165072
0.270851
0.308842
0.352362
0.603115
0.259645
