0.957955
0.943880
0.535593
0.315970
0.654900
0.863527
0.845466
0.890643
0.022427
0.833568
0.137615
0.578176
0.991082
0.952456
0.939472
0.671695
0.278877
0.388014
0.110282
0.089377
0.122137
0.266079
0.178949
0.992287
0.466349
0.957778
0.801745
0.602968
0.585513
0.865231
0.089305
0.261874
0.739620
0.463953
0.760745
0.513858
0.886807
0.209431
0.117578
0.657476
0.534134
0.166288
0.287862
0.524355
0.250238
0.839000
0.418942
0.478913
0.569982
0.946757
0.122063
0.819471
0.540212
0.605513
0.798687
0.944948
0.952825
0.558914
0.672720
0.442167
0.713995
0.585931
0.940238
0.969136
0.936315
0.074715
0.141360
0.599963
0.547994
0.937892
0.045808
0.180783
0.281941
0.847767
0.146085
0.542396
0.904019
0.140658
0.311273
0.560822
0.746479
0.660856
0.806822
0.211615
0.230046
0.190608
0.822672
0.775890
0.976854
0.588521
0.113409
0.923530
0.379193
0.708685
0.666790
0.612154
0.663571
0.134565
0.842133
0.489235
