0.598341
0.840694
0.787309
0.741170
0.791155
0.929631
0.321025
0.523741
0.387389
0.532208
0.199547
0.906588
0.360576
0.395380
0.574742
0.811681
0.033579
0.475860
0.110133
0.707416
0.192698
0.114621
0.834518
0.076841
0.253514
0.157360
0.591728
0.388110
0.961568
0.667634
0.038518
0.796389
0.042506
0.882651
0.394262
0.662586
0.554243
0.765703
0.627607
0.142946
0.632011
0.733489
0.232759
0.296590
0.272389
0.128934
0.917989
0.847943
0.934877
0.143316
0.252332
0.177521
0.048846
0.830453
0.422694
0.760460
0.541949
0.361302
0.736303
0.907036
0.554539
0.858354
0.289120
0.722216
0.349120
0.672060
0.324295
0.446032
0.639178
0.314105
0.735133
0.000343
0.842023
0.528826
0.015311
0.646949
0.479812
0.575176
0.225357
0.945078
0.878497
0.018108
0.610349
0.500845
0.853931
0.855165
0.116730
0.873884
0.310780
0.647998
0.764961
0.898645
0.916038
0.269079
0.705567
0.315088
0.378390
0.267771
0.812695
0.720327
