0.986252
0.744483
0.167837
0.829743
0.672111
0.400674
0.122305
0.611774
0.399788
0.713177
0.168688
0.358673
0.941649
0.451536
0.246082
0.322858
0.179186
0.040458
0.386212
0.083211
0.471734
0.896318
0.478361
0.481652
0.574697
0.563834
0.845060
0.617946
0.577599
0.607818
0.511216
0.612521
0.049200
0.528488
0.069604
0.799241
0.955393
0.572420
0.426167
0.924947
0.650772
0.782500
0.641167
0.733623
0.842973
0.195660
0.339488
0.399193
0.740937
0.043447
0.882076
0.417167
0.798053
0.591534
0.907537
0.819279
0.986378
0.653614
0.203336
0.236035
0.838437
0.854296
0.188016
0.669807
0.107135
0.024249
0.540549
0.790426
0.972417
0.901603
0.121159
0.315470
0.550776
0.279768
0.109184
0.964542
0.934164
0.278403
0.847226
0.374108
0.936435
0.967191
0.936971
0.987911
0.108573
0.033200
0.014356
0.856822
0.178168
0.421693
0.221225
0.566262
0.450349
0.726418
0.901826
0.391455
0.620858
0.575019
0.139861
0.546647
