0.534179
0.061486
0.430044
0.422977
0.386049
0.574570
0.676227
0.441525
0.523607
0.089157
0.709417
0.650601
0.388372
0.133068
0.981468
0.591630
0.307914
0.767103
0.135338
0.426113
0.576071
0.385675
0.967000
0.421267
0.953015
0.438810
0.463391
0.265863
0.268318
0.314242
0.952083
0.205429
0.986905
0.018594
0.694580
0.940014
0.181571
0.097460
0.678901
0.322041
0.854831
0.824140
0.763308
0.137828
0.966648
0.935066
0.393219
0.130189
0.870342
0.353517
0.212671
0.361370
0.433755
0.030260
0.584700
0.224135
0.149312
0.123515
0.367229
0.267485
0.713991
0.759504
0.280652
0.660667
0.622941
0.409375
0.635999
0.007971
0.520246
0.928341
0.259569
0.076299
0.714509
0.632338
0.399159
0.485747
0.702460
0.752636
0.805013
0.532093
0.285894
0.408104
0.274991
0.676246
0.475158
0.354303
0.047128
0.191569
0.947480
0.644472
0.482823
0.885003
0.330838
0.869066
0.975837
0.521709
0.194328
0.172355
0.954788
0.460504
