0.931336
0.607729
0.131008
0.048070
0.455589
0.482137
0.841267
0.116522
0.495175
0.888670
0.632623
0.938136
0.169881
0.252512
0.657928
0.627246
0.942350
0.187659
0.789963
0.503497
0.478376
0.644140
0.463964
0.237452
0.188212
0.610386
0.391626
0.798057
0.974051
0.505319
0.486565
0.452810
0.287358
0.547638
0.266626
0.060494
0.486751
0.669758
0.684870
0.148888
0.035398
0.546467
0.160244
0.357904
0.605831
0.727747
0.421594
0.052323
0.549134
0.802769
0.793108
0.399312
0.462918
0.548472
0.456577
0.181246
0.858511
0.238100
0.044108
0.102992
0.658608
0.092143
0.992894
0.453010
0.249550
0.026428
0.268438
0.513053
0.896401
0.966918
0.082167
0.790701
0.867293
0.077670
0.032037
0.092300
0.080043
0.259396
0.859290
0.837676
0.529155
0.661227
0.264909
0.469709
0.617825
0.398116
0.129037
0.116437
0.373884
0.675800
0.657723
0.670004
0.660441
0.174910
0.817938
0.772053
0.082107
0.356081
0.661400
0.192499
