0.396754
0.901119
0.477133
0.459144
0.391158
0.608818
0.337754
0.919208
0.720909
0.802836
0.474251
0.104770
0.118781
0.675146
0.460941
0.501752
0.698410
0.256845
0.081087
0.985864
0.118064
0.578618
0.166414
0.955521
0.741681
0.023061
0.212772
0.509498
0.130563
0.621728
0.828750
0.639288
0.129390
0.124049
0.915431
0.798655
0.474148
0.876946
0.355474
0.274786
0.434727
0.712413
0.921117
0.260206
0.132006
0.941378
0.490995
0.794555
0.809404
0.860599
0.225435
0.229287
0.141223
0.664791
0.330827
0.989546
0.163447
0.921678
0.101493
0.888759
0.099522
0.175809
0.868036
0.058903
0.662070
0.468578
0.403980
0.876025
0.713908
0.912768
0.515145
0.430880
0.754688
0.951248
0.657593
0.761432
0.417205
0.996162
0.960749
0.969796
0.690491
0.710183
0.951849
0.898502
0.539795
0.918269
0.165010
0.107983
0.519821
0.512164
0.941420
0.868344
0.306971
0.681196
0.462202
0.563004
0.008262
0.338690
0.438516
0.007241
