0.466099
0.984348
0.673577
0.924142
0.950088
0.374561
0.927012
0.417376
0.800586
0.056772
0.049542
0.360389
0.436029
0.018064
0.225754
0.472134
0.638150
0.319835
0.956096
0.263513
0.115438
0.498361
0.104936
0.053823
0.513764
0.562034
0.287076
0.833739
0.228271
0.776257
0.227264
0.322359
0.398377
0.859085
0.620934
0.031753
0.416060
0.888984
0.654659
0.125121
0.427760
0.553051
0.266613
0.326000
0.344551
0.613950
0.325280
0.602775
0.607421
0.170990
0.464830
0.669987
0.517882
0.137403
0.432534
0.870052
0.078987
0.720967
0.456182
0.781287
0.639462
0.322999
0.846835
0.984902
0.139153
0.563159
0.845039
0.445069
0.996577
0.533544
0.546750
0.811424
0.427219
0.222070
0.729060
0.729856
0.420716
0.353068
0.424409
0.015894
0.584500
0.673721
0.645288
0.842926
0.130380
0.559760
0.807295
0.691502
0.946070
0.015658
0.210371
0.746563
0.731657
0.327447
0.472067
0.671371
0.938343
0.243647
0.426616
0.450255
