0.468232
0.373766
0.687900
0.034088
0.836645
0.829982
0.625132
0.060176
0.252605
0.801398
0.749135
0.089543
0.778253
0.585179
0.546454
0.901124
0.194226
0.910104
0.186966
0.876715
0.429754
0.601429
0.577360
0.690782
0.320775
0.974957
0.759211
0.328550
0.430745
0.567635
0.598207
0.534176
0.459509
0.216383
0.005944
0.171552
0.018922
0.251444
0.324392
0.413968
0.353432
0.470352
0.258746
0.323939
0.771578
0.667236
0.035609
0.648174
0.627956
0.552849
0.564715
0.818316
0.379595
0.711088
0.160979
0.688540
0.934628
0.725763
0.045783
0.037776
0.106986
0.305430
0.996323
0.878036
0.617797
0.144128
0.186603
0.083644
0.217688
0.985840
0.484425
0.263788
0.301142
0.267962
0.384424
0.398351
0.730368
0.118883
0.585889
0.051378
0.751323
0.620247
0.034865
0.028149
0.326971
0.157529
0.601295
0.242462
0.541398
0.315805
0.783344
0.170863
0.031147
0.281113
0.933721
0.809728
0.974874
0.163624
0.268260
0.684439
