0.895711
0.984560
0.937454
0.447901
0.690864
0.629648
0.094205
0.923857
0.888183
0.772443
0.645014
0.180151
0.452253
0.032052
0.906674
0.814780
0.882017
0.207650
0.320131
0.959494
0.344738
0.073541
0.624812
0.364938
0.285560
0.917486
0.767394
0.330778
0.793741
0.024596
0.175942
0.797865
0.687321
0.427390
0.772286
0.030532
0.404759
0.749771
0.045541
0.964218
0.960755
0.129550
0.334352
0.368057
0.397774
0.987884
0.081194
0.116808
0.828942
0.174728
0.452068
0.743358
0.457921
0.527988
0.319984
0.972060
0.741029
0.835465
0.948154
0.226917
0.253123
0.057074
0.944757
0.916682
0.469113
0.151456
0.735873
0.961068
0.297270
0.308643
0.318354
0.242989
0.404419
0.808363
0.061348
0.759068
0.974580
0.572443
0.054417
0.663125
0.886784
0.149770
0.508793
0.569954
0.393283
0.867153
0.596064
0.403727
0.476813
0.862581
0.779619
0.090009
0.569670
0.462826
0.381826
0.573712
0.427891
0.752718
0.595110
0.913615
