0.478677
0.425382
0.070701
0.693342
0.127336
0.011571
0.578944
0.875460
0.161433
0.673197
0.466121
0.347294
0.874448
0.178635
0.756535
0.204719
0.072691
0.917492
0.084775
0.378655
0.045406
0.051166
0.043889
0.283048
0.986655
0.355863
0.267751
0.803620
0.105470
0.740838
0.264949
0.153210
0.115760
0.994537
0.080526
0.485451
0.040691
0.700747
0.515123
0.488907
0.999163
0.815451
0.683478
0.957682
0.469374
0.938970
0.225787
0.345964
0.269967
0.148884
0.568418
0.028421
0.968914
0.367744
0.990036
0.331907
0.707503
0.188205
0.582110
0.284170
0.254936
0.140687
0.148668
0.427782
0.756981
0.099845
0.643914
0.027071
0.811309
0.291647
0.695345
0.998603
0.126905
0.514209
0.751369
0.682196
0.738505
0.920529
0.985882
0.018366
0.406581
0.282366
0.276861
0.077316
0.885468
0.598868
0.008400
0.381971
0.244531
0.855820
0.655560
0.148748
0.865131
0.579033
0.951168
0.349469
0.346171
0.271676
0.983288
0.563323
