0.289461
0.551183
0.678221
0.554062
0.120782
0.012516
0.344668
0.095759
0.034029
0.990660
0.651910
0.329955
0.163594
0.717073
0.213394
0.807094
0.178870
0.091934
0.805712
0.333866
0.755129
0.322657
0.274779
0.753675
0.839693
0.221261
0.230497
0.603952
0.400275
0.359514
0.261297
0.953941
0.971457
0.295718
0.314168
0.339476
0.427213
0.689479
0.017584
0.725992
0.458107
0.652182
0.915843
0.168357
0.542926
0.785018
0.405857
0.349444
0.151155
0.019533
0.766468
0.140270
0.013855
0.171048
0.481016
0.560999
0.257918
0.030673
0.766619
0.046266
0.712872
0.770910
0.994717
0.015887
0.286240
0.393106
0.948836
0.826826
0.288486
0.326937
0.957748
0.230275
0.689901
0.549210
0.148518
0.398723
0.222782
0.566339
0.710504
0.683752
0.761670
0.540195
0.212973
0.960575
0.528616
0.008512
0.997892
0.298608
0.728161
0.331806
0.279203
0.632504
0.354459
0.212383
0.752042
0.290634
0.095584
0.444312
0.255869
0.083015
