0.606179
0.077164
0.646466
0.126634
0.586855
0.618516
0.011903
0.558961
0.903289
0.484862
0.670539
0.661156
0.997720
0.895030
0.013323
0.712853
0.947615
0.104628
0.162901
0.821466
0.219239
0.498643
0.894322
0.369909
0.193799
0.019575
0.282181
0.698636
0.787493
0.201502
0.080185
0.712597
0.296022
0.611040
0.191599
0.929447
0.874936
0.923054
0.870478
0.444790
0.482041
0.428860
0.952543
0.822776
0.184214
0.793638
0.250677
0.973372
0.240116
0.918390
0.742154
0.604539
0.607546
0.707817
0.540075
0.334802
0.349875
0.063996
0.684922
0.347184
0.008301
0.303432
0.012362
0.084715
0.146818
0.479672
0.614445
0.817523
0.662458
0.631190
0.962787
0.193188
0.093991
0.335114
0.671742
0.704111
0.098472
0.672694
0.849844
0.995857
0.755105
0.953989
0.666332
0.267164
0.568923
0.923943
0.430157
0.695280
0.625742
0.783535
0.825842
0.764192
0.953349
0.218241
0.592147
0.289628
0.139705
0.899490
0.579374
0.002145
