0.255782
0.353946
0.028121
0.957150
0.319498
0.643445
0.528019
0.723625
0.963513
0.778307
0.677208
0.504108
0.990913
0.668370
0.369302
0.167345
0.756443
0.245380
0.064328
0.137645
0.079586
0.628766
0.218928
0.180841
0.440951
0.133426
0.768095
0.167919
0.510823
0.745918
0.216406
0.102818
0.686326
0.508541
0.012257
0.344505
0.171079
0.597099
0.504570
0.168234
0.939960
0.786790
0.072526
0.457662
0.469218
0.951193
0.394138
0.050648
0.252752
0.895962
0.327126
0.240404
0.984635
0.711589
0.638000
0.633683
0.577636
0.923339
0.900588
0.615459
0.085488
0.591494
0.670355
0.031624
0.868991
0.273615
0.379376
0.461659
0.147368
0.420833
0.167513
0.763308
0.419526
0.310388
0.477289
0.315754
0.238398
0.035127
0.587679
0.955919
0.887546
0.520839
0.483053
0.848779
0.751426
0.362185
0.498337
0.231648
0.265363
0.483332
0.359333
0.897121
0.213529
0.956883
0.081475
0.685958
0.150650
0.564820
0.453872
0.432907
