0.472409
0.350727
0.442952
0.776054
0.158063
0.563044
0.748411
0.190524
0.971617
0.457240
0.391598
0.763761
0.492793
0.812720
0.080518
0.112176
0.787448
0.017940
0.612900
0.810074
0.454389
0.346843
0.917770
0.802792
0.556790
0.268948
0.810311
0.882735
0.329645
0.293251
0.595928
0.673292
0.912964
0.599343
0.730869
0.252035
0.178969
0.965829
0.395668
0.236122
0.887838
0.918222
0.319107
0.221602
0.739419
0.264524
0.134652
0.668199
0.908283
0.091246
0.939123
0.326394
0.440497
0.207191
0.837929
0.504994
0.299421
0.411950
0.074914
0.517394
0.188000
0.163915
0.521719
0.490556
0.195788
0.936642
0.732619
0.730459
0.224219
0.673117
0.463701
0.729088
0.778137
0.095989
0.198826
0.787259
0.063197
0.827449
0.039662
0.387079
0.945140
0.633862
0.799208
0.044998
0.164423
0.705338
0.936372
0.033604
0.188063
0.679348
0.805752
0.520587
0.933498
0.625738
0.757165
0.462758
0.397504
0.462930
0.796005
0.230462
