0.308927
0.096807
0.049612
0.565480
0.956983
0.089417
0.916785
0.873290
0.029239
0.724100
0.795858
0.575829
0.214108
0.410553
0.033736
0.477146
0.965430
0.494267
0.088625
0.126627
0.842121
0.162497
0.970221
0.085450
0.592833
0.605041
0.654252
0.269575
0.358247
0.791382
0.103168
0.228605
0.191466
0.047843
0.152210
0.889578
0.800023
0.159670
0.069302
0.708095
0.346033
0.662828
0.898456
0.033130
0.007545
0.939747
0.514116
0.722599
0.908069
0.404803
0.427926
0.516099
0.617239
0.712878
0.745071
0.690372
0.499342
0.742122
0.986925
0.843835
0.453255
0.322325
0.947921
0.557801
0.075588
0.273493
0.501602
0.786027
0.654105
0.551475
0.663063
0.246607
0.703962
0.613713
0.740885
0.643666
0.008662
0.249393
0.156001
0.266530
0.770079
0.013388
0.384257
0.024333
0.736112
0.622033
0.671965
0.115132
0.057579
0.404359
0.125703
0.016335
0.558328
0.597303
0.046794
0.570346
0.849576
0.252106
0.089943
0.296599
