0.334093
0.812489
0.276805
0.894144
0.156019
0.463053
0.687422
0.361733
0.833707
0.319414
0.053418
0.720831
0.014135
0.573952
0.121048
0.408792
0.778604
0.315805
0.118618
0.644512
0.384795
0.173798
0.470381
0.538848
0.864364
0.801616
0.837569
0.971492
0.922371
0.321492
0.903680
0.145024
0.660053
0.652055
0.023409
0.629911
0.806671
0.095113
0.102621
0.326634
0.136024
0.542136
0.298064
0.356846
0.011421
0.818365
0.899548
0.488119
0.192866
0.684247
0.767243
0.999312
0.447954
0.164162
0.507127
0.960956
0.484192
0.006540
0.974375
0.193449
0.576246
0.465772
0.419759
0.913089
0.136802
0.259019
0.712101
0.934727
0.386014
0.496682
0.528487
0.450083
0.951030
0.119354
0.270653
0.523520
0.851696
0.024828
0.916084
0.932936
0.854813
0.600793
0.821878
0.008657
0.516941
0.496601
0.754169
0.824879
0.945159
0.561582
0.407396
0.884092
0.190445
0.464154
0.831062
0.415562
0.274420
0.690427
0.897328
0.958075
