0.908113
0.625658
0.716156
0.311454
0.334683
0.660997
0.966177
0.810777
0.453336
0.634125
0.242723
0.859906
0.549805
0.157346
0.298142
0.654264
0.043127
0.949261
0.885560
0.062400
0.907884
0.606091
0.894107
0.529251
0.217221
0.976115
0.455271
0.923458
0.796079
0.503077
0.117686
0.474284
0.011895
0.106342
0.463233
0.739224
0.356267
0.011498
0.799176
0.270030
0.243136
0.066589
0.991344
0.295720
0.104535
0.762849
0.191227
0.632235
0.912635
0.602220
0.003063
0.350528
0.903024
0.170420
0.217992
0.023428
0.059310
0.303320
0.925936
0.221747
0.238906
0.053146
0.185544
0.340232
0.726670
0.157055
0.110991
0.107670
0.706295
0.826908
0.726987
0.625845
0.014888
0.142827
0.325320
0.512335
0.872976
0.817138
0.397826
0.733234
0.966858
0.080977
0.666715
0.483470
0.570573
0.387934
0.678167
0.239830
0.469425
0.016341
0.616437
0.479751
0.156068
0.037284
0.880347
0.002028
0.530640
0.175617
0.455375
0.109169
