0.771306
0.470488
0.290985
0.402558
0.628201
0.493354
0.891103
0.777801
0.045402
0.527604
0.278866
0.446399
0.751947
0.778107
0.692689
0.848267
0.187955
0.641465
0.738251
0.022042
0.029315
0.927448
0.381552
0.278805
0.210108
0.884870
0.116279
0.198099
0.263644
0.328397
0.305214
0.828676
0.699740
0.844493
0.137507
0.903548
0.581609
0.601088
0.372324
0.648388
0.084288
0.716013
0.082475
0.203947
0.575767
0.712385
0.501759
0.702877
0.440382
0.958638
0.168534
0.484185
0.365711
0.380778
0.220855
0.210306
0.976624
0.902677
0.019647
0.477367
0.667275
0.169624
0.012078
0.799295
0.804644
0.052779
0.288549
0.612663
0.046733
0.316775
0.003615
0.335588
0.577505
0.269011
0.177798
0.051022
0.891909
0.588500
0.469470
0.490115
0.187568
0.823430
0.294560
0.878595
0.431505
0.678913
0.211620
0.202055
0.775598
0.100369
0.758221
0.144403
0.952393
0.281428
0.698069
0.768152
0.682270
0.613645
0.061005
0.744161
