0.334128
0.537300
0.194045
0.995354
0.477647
0.361368
0.827461
0.672470
0.411120
0.441163
0.839700
0.302266
0.989128
0.141372
0.197605
0.187581
0.558134
0.000697
0.422211
0.300279
0.942865
0.526767
0.697977
0.971179
0.171226
0.144879
0.167525
0.926673
0.791627
0.185393
0.579981
0.697368
0.700579
0.556919
0.513790
0.804051
0.592947
0.945535
0.665563
0.755682
0.276613
0.992255
0.028644
0.378512
0.226909
0.215350
0.744589
0.512409
0.358005
0.111513
0.978723
0.540846
0.087118
0.264311
0.468461
0.774548
0.814202
0.402409
0.789263
0.887514
0.680904
0.925731
0.022420
0.859081
0.657730
0.645245
0.101974
0.308208
0.156961
0.762610
0.013919
0.764309
0.885870
0.958997
0.217539
0.383864
0.646218
0.350045
0.836413
0.810946
0.467644
0.919993
0.089665
0.787132
0.080047
0.692878
0.734276
0.186362
0.051409
0.311255
0.883275
0.211285
0.298162
0.671716
0.038761
0.899816
0.334007
0.942391
0.905849
0.897523
