0.552674
0.223485
0.811420
0.694848
0.431831
0.368309
0.109560
0.268651
0.384827
0.065938
0.167776
0.402531
0.163051
0.609569
0.344806
0.491495
0.070546
0.479477
0.028901
0.233818
0.413018
0.112919
0.820075
0.859413
0.778759
0.944863
0.823775
0.317978
0.719863
0.713392
0.841564
0.574069
0.606888
0.783029
0.322442
0.679520
0.669568
0.768611
0.689850
0.279534
0.673932
0.157713
0.489374
0.826049
0.770806
0.978354
0.534888
0.706330
0.940282
0.587313
0.168050
0.846392
0.175721
0.106525
0.140911
0.754947
0.165001
0.025764
0.801566
0.581749
0.775230
0.402649
0.599408
0.839803
0.729032
0.206024
0.904676
0.119955
0.691566
0.803326
0.426649
0.841621
0.129304
0.901772
0.261633
0.387012
0.037948
0.581812
0.590613
0.053306
0.233495
0.181368
0.663460
0.328860
0.618256
0.991303
0.334087
0.167846
0.681271
0.410183
0.734786
0.484061
0.583262
0.025721
0.763437
0.524587
0.388385
0.592039
0.448786
0.798470
