0.015844
0.494788
0.119259
0.445023
0.682733
0.547602
0.814762
0.889017
0.210400
0.963723
0.624677
0.344408
0.928932
0.355846
0.688329
0.606472
0.866211
0.406909
0.390397
0.841428
0.472573
0.662854
0.343118
0.824296
0.057639
0.632312
0.165366
0.576697
0.942685
0.870937
0.299115
0.921616
0.604570
0.889540
0.202442
0.581865
0.045022
0.250278
0.268641
0.556970
0.298954
0.763425
0.500458
0.875146
0.510690
0.654862
0.202099
0.834215
0.617922
0.947177
0.603037
0.065714
0.386368
0.584804
0.113297
0.865621
0.762056
0.900825
0.982725
0.554592
0.839014
0.417822
0.634079
0.842006
0.295664
0.774648
0.461084
0.222021
0.694277
0.465033
0.910163
0.588710
0.162311
0.582674
0.573455
0.223237
0.787946
0.963660
0.639923
0.108144
0.058475
0.580062
0.923578
0.717260
0.031516
0.133123
0.376227
0.874494
0.650551
0.242416
0.721747
0.392400
0.190789
0.748626
0.695440
0.476220
0.818939
0.261932
0.530372
0.126682
