0.691458
0.044593
0.388450
0.360799
0.358867
0.890288
0.941707
0.127496
0.811402
0.566617
0.063750
0.446657
0.706242
0.781583
0.280858
0.074799
0.111966
0.325784
0.721705
0.013178
0.597510
0.982477
0.211939
0.791302
0.938777
0.630415
0.438738
0.190469
0.709289
0.612125
0.848808
0.628342
0.058573
0.551437
0.825092
0.168828
0.460067
0.324781
0.972493
0.871304
0.381605
0.956416
0.491637
0.492078
0.337236
0.168655
0.543993
0.409947
0.497136
0.425798
0.113883
0.438335
0.646819
0.026201
0.499709
0.066357
0.499360
0.609015
0.857459
0.961847
0.211067
0.884318
0.600581
0.985600
0.368130
0.025570
0.025231
0.857021
0.269656
0.900830
0.487733
0.247144
0.510118
0.173564
0.665700
0.268426
0.413744
0.881167
0.089791
0.556163
0.145603
0.890420
0.418983
0.883094
0.759457
0.205200
0.703407
0.495336
0.873579
0.613572
0.004197
0.595502
0.237585
0.263042
0.263738
0.063681
0.197309
0.411573
0.692597
0.747151
