0.375454
0.263527
0.373444
0.122230
0.830142
0.393572
0.777061
0.460197
0.819684
0.595768
0.361642
0.471192
0.215614
0.669205
0.476534
0.269189
0.109223
0.983579
0.685038
0.608315
0.660731
0.491162
0.270956
0.500999
0.651049
0.218770
0.681941
0.533433
0.591985
0.727707
0.954806
0.243215
0.867961
0.238073
0.892519
0.664684
0.303134
0.868161
0.709854
0.337650
0.638284
0.609594
0.605095
0.025680
0.168207
0.780703
0.810351
0.949512
0.819155
0.721606
0.158342
0.560383
0.641492
0.569905
0.407912
0.659650
0.892800
0.018733
0.175599
0.226677
0.829307
0.341773
0.869334
0.128092
0.104403
0.479230
0.159538
0.139358
0.830254
0.825138
0.075472
0.093132
0.474444
0.354442
0.915870
0.834992
0.762346
0.184773
0.110057
0.965544
0.736247
0.744062
0.659810
0.895284
0.906764
0.276361
0.658594
0.692693
0.684258
0.008180
0.307797
0.972367
0.257592
0.166794
0.873174
0.387935
0.917646
0.604662
0.530633
0.934064
