0.699090
0.700567
0.023825
0.915679
0.534792
0.709937
0.847399
0.329610
0.971839
0.908466
0.691110
0.017780
0.040691
0.102698
0.900219
0.975010
0.576135
0.436613
0.812983
0.950500
0.757431
0.902417
0.659882
0.166852
0.601322
0.023059
0.930094
0.110733
0.218330
0.167325
0.451113
0.767309
0.778650
0.957168
0.715061
0.213435
0.115215
0.078605
0.692686
0.347413
0.169307
0.378584
0.851978
0.798245
0.077365
0.205434
0.294120
0.664412
0.961516
0.227238
0.404193
0.512541
0.288824
0.725855
0.959374
0.629946
0.702683
0.194058
0.824788
0.537323
0.822303
0.196948
0.090065
0.863741
0.579277
0.560512
0.152839
0.588831
0.973084
0.728336
0.641335
0.734512
0.067500
0.629188
0.994129
0.375106
0.293162
0.805306
0.935504
0.832753
0.521746
0.316693
0.900856
0.280840
0.834913
0.666231
0.337666
0.946488
0.942039
0.965049
0.978897
0.276161
0.398731
0.799553
0.982170
0.330872
0.548197
0.451068
0.801167
0.814950
