0.817301
0.679604
0.978877
0.381923
0.673165
0.943665
0.017010
0.004400
0.263214
0.202073
0.052255
0.547047
0.420337
0.058220
0.989310
0.688632
0.252028
0.279796
0.207656
0.458537
0.090455
0.244528
0.881771
0.600229
0.445390
0.287476
0.240332
0.084894
0.960334
0.976877
0.988322
0.704256
0.934841
0.794798
0.659339
0.677242
0.575669
0.925718
0.695172
0.516997
0.791950
0.764625
0.226632
0.232684
0.593682
0.700964
0.545846
0.206705
0.883317
0.853501
0.936324
0.915703
0.027507
0.654368
0.058511
0.110491
0.690194
0.155681
0.465409
0.932454
0.557388
0.797570
0.578342
0.489430
0.722767
0.799094
0.361922
0.296504
0.504582
0.647288
0.885523
0.307867
0.188952
0.778764
0.125468
0.165626
0.444849
0.885696
0.651368
0.099460
0.331664
0.000999
0.856863
0.321767
0.744369
0.689542
0.181386
0.324923
0.738990
0.424010
0.886169
0.441889
0.119957
0.150141
0.567898
0.678674
0.266776
0.127480
0.573463
0.904811
