0.129044
0.608730
0.255845
0.409381
0.593176
0.778256
0.407741
0.319538
0.802250
0.270113
0.885397
0.511972
0.302043
0.168418
0.513250
0.160520
0.224310
0.092207
0.031777
0.104875
0.507956
0.570791
0.478796
0.575662
0.834446
0.156961
0.793063
0.266698
0.471393
0.269765
0.646084
0.484219
0.576269
0.149438
0.159158
0.725474
0.360551
0.927042
0.254893
0.013402
0.541490
0.178144
0.251046
0.240588
0.976795
0.540915
0.586483
0.350086
0.824517
0.996137
0.664072
0.843225
0.561287
0.034738
0.069875
0.529197
0.008847
0.608232
0.002768
0.986487
0.542771
0.050112
0.576516
0.537156
0.397404
0.268417
0.151596
0.067783
0.593768
0.454806
0.406251
0.138688
0.810279
0.985781
0.354384
0.369283
0.723293
0.552529
0.886607
0.738407
0.704771
0.793316
0.708388
0.739000
0.092198
0.241721
0.644061
0.823820
0.103738
0.586596
0.286604
0.750812
0.054256
0.134472
0.077493
0.007235
0.869024
0.589488
0.587576
0.558110
