0.687914
0.020916
0.598925
0.671580
0.487179
0.405342
0.790776
0.337321
0.199795
0.440388
0.072872
0.921590
0.642988
0.194999
0.894402
0.113524
0.747607
0.707215
0.036873
0.791696
0.938846
0.811459
0.539384
0.818691
0.799349
0.791812
0.032095
0.675065
0.460011
0.868885
0.603041
0.023666
0.217136
0.653568
0.042899
0.211077
0.444413
0.920012
0.462687
0.674790
0.990727
0.083392
0.187441
0.270857
0.189141
0.876477
0.490957
0.037153
0.287565
0.315895
0.342827
0.188247
0.961958
0.289785
0.838926
0.464332
0.359930
0.903172
0.932862
0.688954
0.532861
0.223900
0.203158
0.513637
0.346712
0.600774
0.891440
0.931760
0.961677
0.947141
0.131065
0.496174
0.305128
0.060997
0.144115
0.502367
0.001223
0.660556
0.881686
0.971726
0.297111
0.443896
0.993359
0.374663
0.160382
0.008324
0.025271
0.472346
0.364294
0.716930
0.290380
0.403586
0.896990
0.464010
0.395151
0.893949
0.332223
0.723101
0.481497
0.302671
