0.278646
0.850672
0.058077
0.446763
0.617694
0.616803
0.209566
0.883396
0.162266
0.386343
0.833047
0.128457
0.616030
0.551195
0.826800
0.037890
0.748857
0.776028
0.741474
0.699218
0.879604
0.808510
0.658683
0.185550
0.224363
0.002849
0.369322
0.059786
0.613311
0.592534
0.444436
0.284064
0.512673
0.072783
0.388356
0.486342
0.816605
0.278128
0.286254
0.411514
0.882205
0.310015
0.549977
0.068325
0.367668
0.688656
0.627632
0.285243
0.322566
0.528978
0.181193
0.952766
0.891105
0.085167
0.648844
0.480974
0.507141
0.915707
0.272688
0.686730
0.819075
0.507873
0.189050
0.704236
0.616271
0.508218
0.480201
0.846621
0.535967
0.578110
0.910846
0.388398
0.012500
0.458851
0.024190
0.187186
0.138710
0.865853
0.335052
0.699861
0.633172
0.748553
0.765826
0.879133
0.116194
0.869165
0.473048
0.249147
0.918681
0.729172
0.897868
0.708649
0.512816
0.428358
0.099491
0.662953
0.630361
0.384555
0.179301
0.319584
