0.799059
0.047635
0.888239
0.007460
0.495564
0.560711
0.438834
0.338646
0.063982
0.416323
0.698405
0.283203
0.077898
0.362098
0.361633
0.666375
0.330781
0.937466
0.534579
0.421072
0.594090
0.972134
0.092226
0.192601
0.004625
0.932481
0.712589
0.901556
0.681012
0.171482
0.115091
0.764006
0.638330
0.499678
0.354831
0.065514
0.265100
0.405526
0.542218
0.322578
0.207272
0.459050
0.278083
0.067890
0.202298
0.721614
0.196854
0.838124
0.497246
0.015889
0.952523
0.741851
0.142727
0.263981
0.110222
0.410937
0.247249
0.318754
0.730046
0.496121
0.318894
0.532976
0.644100
0.007350
0.967851
0.722574
0.770061
0.221964
0.513628
0.341551
0.881587
0.135788
0.685825
0.589825
0.581565
0.509739
0.304370
0.662004
0.897994
0.647043
0.244271
0.028757
0.858084
0.172707
0.383348
0.547980
0.141004
0.173726
0.157023
0.740515
0.264321
0.613345
0.301584
0.204305
0.180025
0.650487
0.138055
0.357158
0.420981
0.633061
