0.893795
0.440139
0.337938
0.484781
0.545798
0.338874
0.884794
0.289675
0.892096
0.633066
0.739259
0.006985
0.991651
0.929057
0.379735
0.419729
0.418257
0.946311
0.446095
0.088540
0.684078
0.465869
0.057126
0.876235
0.016571
0.305580
0.682404
0.897039
0.951129
0.785483
0.233703
0.662881
0.697605
0.115309
0.509144
0.575393
0.451558
0.458961
0.663689
0.236662
0.026592
0.959064
0.369716
0.204989
0.761039
0.312628
0.622055
0.461876
0.422003
0.051597
0.177781
0.437782
0.246171
0.248076
0.486143
0.185572
0.744097
0.881681
0.204195
0.752047
0.122715
0.967789
0.354961
0.316272
0.185838
0.808358
0.124919
0.826625
0.004498
0.229542
0.331418
0.346130
0.579227
0.525794
0.521927
0.142681
0.908595
0.431970
0.746398
0.073634
0.393558
0.438551
0.430334
0.787563
0.170598
0.498120
0.359669
0.740841
0.949317
0.670209
0.147064
0.417009
0.587125
0.845461
0.499787
0.264448
0.424042
0.094518
0.762932
0.985627
