0.812100
0.727771
0.354253
0.051462
0.864822
0.905652
0.406548
0.909240
0.145498
0.713519
0.216560
0.105452
0.426663
0.074327
0.875453
0.664503
0.892540
0.753143
0.488291
0.107219
0.125762
0.781783
0.732447
0.599198
0.032643
0.386838
0.144568
0.509768
0.239752
0.798457
0.086031
0.757661
0.280399
0.186650
0.968004
0.706595
0.358825
0.290576
0.754122
0.729421
0.773267
0.812372
0.470392
0.102725
0.035768
0.432481
0.121838
0.190249
0.693994
0.144678
0.050703
0.460500
0.190662
0.055884
0.221846
0.544303
0.452679
0.176851
0.149115
0.112965
0.557926
0.487028
0.228576
0.429024
0.534879
0.482261
0.319639
0.237581
0.462826
0.405112
0.626909
0.859180
0.674872
0.237424
0.310089
0.839888
0.809958
0.567886
0.139013
0.493077
0.611603
0.363978
0.261125
0.404291
0.371794
0.464874
0.530544
0.831482
0.514801
0.648963
0.233440
0.582500
0.182930
0.200445
0.332766
0.470052
0.248384
0.852211
0.205490
0.044010
