0.651268
0.237946
0.713875
0.375880
0.166294
0.356364
0.898288
0.529536
0.943081
0.861333
0.765694
0.453258
0.852568
0.698143
0.682275
0.403389
0.167114
0.393182
0.959205
0.200992
0.393347
0.262429
0.317930
0.996874
0.304664
0.442257
0.634273
0.331975
0.849499
0.171994
0.425955
0.381305
0.296093
0.854055
0.470541
0.919934
0.857999
0.009573
0.898332
0.896600
0.031412
0.445756
0.701206
0.840067
0.569328
0.689276
0.759758
0.849002
0.751434
0.297562
0.404923
0.011192
0.814442
0.049011
0.543273
0.693983
0.235949
0.624516
0.594254
0.270928
0.703003
0.347273
0.837654
0.508923
0.758138
0.860922
0.601209
0.002573
0.090822
0.221373
0.893323
0.846829
0.705127
0.643727
0.500951
0.865750
0.979697
0.152829
0.277836
0.597771
0.528945
0.393102
0.912934
0.197565
0.677457
0.461793
0.185875
0.716177
0.133518
0.557061
0.215285
0.843757
0.382103
0.539348
0.719274
0.826320
0.489242
0.633960
0.601910
0.216543
