0.462702
0.309375
0.205387
0.502848
0.581727
0.704199
0.471652
0.790873
0.398870
0.645281
0.993579
0.838616
0.760681
0.201718
0.205291
0.937031
0.272500
0.114951
0.378861
0.370160
0.204368
0.497933
0.887899
0.906376
0.982327
0.149299
0.012501
0.906869
0.747233
0.367248
0.330701
0.216188
0.737740
0.447499
0.697458
0.389794
0.666626
0.757950
0.693990
0.524009
0.597549
0.615028
0.533673
0.348104
0.776171
0.047727
0.850953
0.370768
0.596496
0.931640
0.973416
0.859839
0.325826
0.558126
0.016098
0.873954
0.684986
0.405562
0.269862
0.662356
0.596330
0.372529
0.247305
0.058063
0.299893
0.252816
0.614591
0.096850
0.286486
0.613556
0.803176
0.002169
0.688558
0.133382
0.657248
0.561774
0.753272
0.575294
0.732699
0.398754
0.105821
0.212482
0.627397
0.150479
0.146008
0.100720
0.489108
0.143789
0.178521
0.863189
0.114522
0.195853
0.418922
0.467548
0.064578
0.292149
0.373577
0.651709
0.663708
0.058238
