0.373644
0.343921
0.707239
0.164344
0.681226
0.405572
0.382758
0.290002
0.952910
0.609071
0.280206
0.493794
0.158340
0.670255
0.142452
0.260102
0.389340
0.809228
0.896122
0.005663
0.139396
0.850120
0.909159
0.672265
0.808903
0.632071
0.075826
0.409925
0.589152
0.044168
0.280430
0.022687
0.577819
0.687390
0.305477
0.966097
0.773808
0.319623
0.832306
0.525941
0.883011
0.783543
0.422436
0.011751
0.141305
0.387202
0.255182
0.160395
0.770630
0.376434
0.659781
0.097675
0.603990
0.561017
0.700459
0.679843
0.921028
0.358711
0.595345
0.809984
0.706788
0.956867
0.172144
0.217794
0.377871
0.017089
0.520615
0.494931
0.655079
0.146354
0.927450
0.143747
0.068117
0.642946
0.967108
0.072870
0.727072
0.435229
0.222200
0.168053
0.208838
0.662687
0.260398
0.360298
0.136777
0.151331
0.167990
0.523030
0.054746
0.491943
0.877972
0.305005
0.756387
0.252434
0.358264
0.999791
0.380967
0.641950
0.183184
0.108543
