0.853803
0.804091
0.606501
0.460371
0.898919
0.723135
0.069940
0.205570
0.632779
0.894388
0.100098
0.649209
0.025388
0.030602
0.151918
0.503247
0.884959
0.958849
0.158722
0.433998
0.652711
0.849979
0.302419
0.405098
0.093504
0.711565
0.187755
0.961376
0.847364
0.261538
0.559105
0.958669
0.682237
0.755753
0.104276
0.655577
0.808132
0.577066
0.089923
0.418001
0.189454
0.695479
0.497729
0.394050
0.674625
0.901036
0.326306
0.529467
0.765739
0.986243
0.934045
0.090431
0.552951
0.094281
0.570980
0.470602
0.183758
0.468843
0.297179
0.866392
0.626221
0.806478
0.935624
0.854007
0.409931
0.158326
0.601353
0.184739
0.659847
0.427601
0.061010
0.097442
0.840932
0.196868
0.481970
0.495048
0.018723
0.377441
0.266636
0.268371
0.699186
0.391970
0.260241
0.115405
0.841319
0.052130
0.162415
0.614631
0.619830
0.565992
0.290882
0.338537
0.719241
0.293031
0.860784
0.461430
0.298577
0.528126
0.519080
0.139902
