0.235324
0.961217
0.102694
0.186653
0.082066
0.362932
0.358308
0.933187
0.010375
0.160255
0.663557
0.987366
0.854570
0.767398
0.388931
0.701733
0.133081
0.651406
0.534045
0.498957
0.166731
0.929394
0.987859
0.429422
0.056597
0.104175
0.031069
0.406100
0.697444
0.534762
0.672255
0.279885
0.018282
0.233919
0.694672
0.707006
0.338557
0.218123
0.765212
0.601228
0.381052
0.694980
0.686789
0.049212
0.023878
0.062671
0.464646
0.087420
0.540758
0.996154
0.627329
0.822293
0.643689
0.853225
0.675435
0.162418
0.417478
0.940582
0.834536
0.453582
0.256049
0.502572
0.145819
0.450228
0.267996
0.743186
0.879201
0.847034
0.430399
0.793485
0.444351
0.504974
0.257291
0.879276
0.559711
0.020867
0.939161
0.211848
0.399935
0.278756
0.485088
0.355788
0.607611
0.320307
0.945297
0.776972
0.321751
0.691353
0.793304
0.191277
0.963940
0.898148
0.364248
0.057368
0.065505
0.874860
0.455563
0.436022
0.961652
0.298876
