0.439404
0.612530
0.968880
0.159223
0.844217
0.830389
0.852732
0.765795
0.780987
0.180143
0.288785
0.026678
0.282851
0.286718
0.306508
0.689681
0.900829
0.223255
0.234561
0.716061
0.824232
0.221014
0.679655
0.031049
0.123335
0.684334
0.201693
0.031332
0.582343
0.804638
0.264421
0.838607
0.473300
0.793942
0.366142
0.369618
0.319030
0.695786
0.166033
0.894134
0.202150
0.125188
0.055966
0.955244
0.498611
0.657479
0.544096
0.034126
0.665750
0.942607
0.075350
0.682252
0.754715
0.777601
0.217597
0.694578
0.982455
0.479166
0.677522
0.779885
0.566692
0.564711
0.469215
0.067878
0.250027
0.099145
0.796511
0.651770
0.948604
0.591193
0.369050
0.590213
0.386197
0.667438
0.855592
0.248713
0.323398
0.431307
0.895552
0.602712
0.499590
0.317886
0.677565
0.083497
0.375370
0.609771
0.142666
0.321354
0.936796
0.611364
0.080346
0.215534
0.822506
0.154434
0.285106
0.924475
0.465491
0.189994
0.335658
0.595328
