0.359916
0.290157
0.972851
0.089020
0.836195
0.798322
0.094841
0.574583
0.536274
0.599764
0.036080
0.568838
0.665008
0.699515
0.222295
0.047261
0.084032
0.121067
0.193216
0.105881
0.509947
0.416241
0.940848
0.044856
0.542707
0.879555
0.177515
0.899467
0.071236
0.749644
0.782180
0.250950
0.553654
0.626677
0.854777
0.675528
0.620031
0.358687
0.585196
0.433105
0.565101
0.793111
0.706257
0.281010
0.442418
0.504809
0.482621
0.045173
0.457564
0.156474
0.198478
0.963565
0.118601
0.625607
0.176402
0.896218
0.390074
0.857259
0.726888
0.864624
0.234660
0.276698
0.251030
0.399828
0.767360
0.908161
0.106373
0.888096
0.611109
0.017514
0.803882
0.000994
0.835586
0.454979
0.164653
0.238564
0.680232
0.437284
0.120837
0.567614
0.403499
0.011161
0.550762
0.141646
0.772687
0.421676
0.090611
0.852279
0.088819
0.510752
0.760922
0.990828
0.167813
0.242044
0.155135
0.024455
0.862997
0.104916
0.784220
0.608904
