0.397692
0.561222
0.512100
0.388759
0.676527
0.018606
0.990306
0.756316
0.906415
0.859079
0.259727
0.305401
0.343673
0.007476
0.382159
0.833335
0.217256
0.859334
0.084813
0.712478
0.323468
0.555902
0.323725
0.882362
0.976493
0.425946
0.058817
0.133018
0.798025
0.101226
0.895523
0.453939
0.527505
0.484840
0.043045
0.849437
0.828365
0.492730
0.723084
0.388735
0.003371
0.288706
0.654478
0.598191
0.180078
0.415411
0.921028
0.536694
0.451947
0.295335
0.100608
0.588359
0.406688
0.170616
0.181068
0.640586
0.474246
0.942776
0.883534
0.465956
0.374435
0.948044
0.281765
0.029942
0.044292
0.847009
0.721523
0.061796
0.442644
0.182926
0.777256
0.151657
0.094760
0.576501
0.615266
0.957076
0.135569
0.037537
0.029589
0.698354
0.800934
0.113447
0.784677
0.274151
0.814793
0.509476
0.567364
0.570720
0.233737
0.761400
0.539961
0.645137
0.190208
0.447745
0.871180
0.841634
0.413162
0.561149
0.997505
0.722502
