0.426306
0.793290
0.954626
0.244584
0.819367
0.123773
0.462468
0.296763
0.052557
0.493168
0.734482
0.001897
0.455477
0.793815
0.854027
0.063672
0.405970
0.361104
0.706782
0.772655
0.097901
0.968945
0.891751
0.269808
0.509908
0.794948
0.259616
0.704704
0.280122
0.339405
0.677531
0.891814
0.317807
0.278744
0.337794
0.710916
0.254422
0.502978
0.914282
0.075468
0.011294
0.283164
0.325396
0.757691
0.141848
0.125472
0.622325
0.882921
0.685328
0.692593
0.707407
0.246216
0.364496
0.824602
0.626021
0.806231
0.526450
0.373605
0.497676
0.488793
0.140989
0.023962
0.448514
0.142633
0.989448
0.198767
0.626461
0.706208
0.740344
0.480388
0.661014
0.141526
0.173642
0.347712
0.735023
0.848475
0.222903
0.187915
0.053059
0.979325
0.813074
0.416862
0.967667
0.934153
0.042914
0.395371
0.679212
0.713644
0.526044
0.228739
0.973255
0.102352
0.843463
0.344570
0.357901
0.440783
0.492280
0.883045
0.406791
0.890378
