0.538695
0.395896
0.690035
0.853803
0.908040
0.280189
0.728993
0.923095
0.243552
0.457192
0.739443
0.277652
0.601983
0.321328
0.215835
0.662181
0.052079
0.197236
0.775227
0.973761
0.015423
0.073981
0.657524
0.377583
0.000829
0.570171
0.180040
0.237103
0.712012
0.227633
0.005047
0.504645
0.994563
0.625834
0.571312
0.087721
0.111638
0.691341
0.177341
0.514311
0.352082
0.452040
0.543496
0.255206
0.040335
0.277031
0.193706
0.779344
0.452479
0.529153
0.142432
0.161123
0.810739
0.354568
0.514195
0.732027
0.664365
0.229213
0.808014
0.128412
0.561560
0.861379
0.400337
0.587693
0.354965
0.913755
0.425569
0.530944
0.203799
0.826051
0.940235
0.815054
0.324010
0.014928
0.089641
0.068472
0.020261
0.730344
0.618168
0.129903
0.434522
0.672632
0.616680
0.562235
0.551645
0.974388
0.336669
0.788906
0.689340
0.501099
0.089858
0.164360
0.076984
0.334748
0.199874
0.285047
0.671401
0.049514
0.686428
0.064335
