0.420073
0.199915
0.532869
0.376845
0.356857
0.091076
0.036898
0.328974
0.937809
0.446337
0.957184
0.823517
0.203381
0.573974
0.962133
0.481253
0.361653
0.900196
0.132283
0.671208
0.663373
0.554362
0.930492
0.197810
0.015765
0.016874
0.535853
0.774527
0.940144
0.731992
0.423762
0.140816
0.793072
0.551880
0.377438
0.514886
0.594924
0.858025
0.083479
0.943512
0.331747
0.181057
0.626252
0.704680
0.968577
0.717441
0.457445
0.580952
0.796839
0.494449
0.287551
0.087946
0.305909
0.412933
0.863637
0.481619
0.462863
0.782199
0.661619
0.933861
0.313794
0.936132
0.564309
0.318483
0.489845
0.614106
0.319779
0.034367
0.953594
0.660946
0.840474
0.185958
0.531582
0.156592
0.503637
0.766407
0.627975
0.763108
0.839073
0.273875
0.287151
0.133945
0.032627
0.473583
0.976382
0.657866
0.205997
0.697926
0.463490
0.819295
0.366815
0.016949
0.001552
0.527932
0.203165
0.993087
0.349656
0.078131
0.721356
0.080870
