0.092499
0.787923
0.889873
0.173906
0.326927
0.126324
0.312456
0.128887
0.298208
0.505982
0.228168
0.090337
0.798212
0.140244
0.075482
0.512990
0.525352
0.164609
0.926422
0.150814
0.470096
0.236174
0.005092
0.293281
0.253381
0.928276
0.956017
0.933011
0.603844
0.961756
0.816726
0.296483
0.796052
0.741923
0.612701
0.071241
0.683878
0.380728
0.911966
0.612388
0.356125
0.652545
0.732234
0.552944
0.399050
0.724831
0.332325
0.357506
0.784157
0.220977
0.751130
0.064998
0.999955
0.281494
0.217350
0.092354
0.994413
0.963008
0.339797
0.906563
0.230001
0.880203
0.607552
0.063309
0.973950
0.996681
0.916662
0.785931
0.693495
0.875095
0.769217
0.532461
0.212525
0.944752
0.478606
0.582338
0.873473
0.101129
0.869791
0.165805
0.408603
0.030538
0.351903
0.100679
0.009760
0.390381
0.615155
0.264095
0.190903
0.063274
0.694537
0.241279
0.293292
0.094589
0.072193
0.166239
0.200757
0.045289
0.664838
0.212654
