0.019589
0.136911
0.787925
0.724632
0.168994
0.288682
0.607690
0.365813
0.112798
0.837666
0.109680
0.028234
0.200529
0.353775
0.044970
0.672722
0.011896
0.792327
0.506595
0.889131
0.727737
0.416231
0.628385
0.039570
0.412781
0.906530
0.370112
0.206997
0.485046
0.697011
0.399372
0.565854
0.254433
0.905856
0.987059
0.229033
0.058774
0.852451
0.644578
0.282714
0.272891
0.468562
0.645602
0.991443
0.632187
0.220185
0.895519
0.501043
0.736884
0.843932
0.495005
0.930062
0.201474
0.903834
0.531954
0.078597
0.753768
0.310178
0.991436
0.910696
0.378245
0.951133
0.807714
0.071695
0.460746
0.790974
0.196518
0.636421
0.280681
0.567491
0.839036
0.647507
0.818481
0.308527
0.563311
0.590720
0.480024
0.430707
0.443540
0.941349
0.911916
0.392000
0.456423
0.285346
0.082240
0.339017
0.671994
0.508690
0.034946
0.147804
0.130895
0.976890
0.559143
0.846630
0.134137
0.573821
0.938003
0.354680
0.968033
0.149964
