0.082596
0.205822
0.389299
0.875097
0.751636
0.314291
0.968677
0.475810
0.829159
0.230342
0.987494
0.043543
0.570981
0.817751
0.195301
0.263467
0.915755
0.829653
0.189933
0.443577
0.366536
0.171038
0.485713
0.251641
0.095920
0.331760
0.981648
0.374594
0.987226
0.623930
0.597805
0.119041
0.427454
0.301803
0.781476
0.385699
0.037614
0.951485
0.741330
0.711193
0.576567
0.447134
0.729944
0.313470
0.179119
0.896450
0.818502
0.788355
0.380138
0.959513
0.757131
0.628598
0.830714
0.757079
0.135665
0.759173
0.658879
0.959544
0.026702
0.425037
0.820151
0.608232
0.340939
0.395579
0.302864
0.710049
0.407596
0.570551
0.882946
0.401995
0.065466
0.202851
0.411918
0.750194
0.619318
0.637970
0.691728
0.941129
0.913937
0.171362
0.212923
0.891577
0.419211
0.239769
0.264745
0.066881
0.464528
0.668207
0.052460
0.409900
0.189926
0.803737
0.008324
0.066100
0.815831
0.663844
0.073351
0.831657
0.834140
0.127988
