0.909754
0.339568
0.059753
0.636233
0.507488
0.647854
0.560687
0.699187
0.405208
0.860689
0.540287
0.218678
0.714379
0.990502
0.696065
0.536591
0.485034
0.878782
0.940506
0.786867
0.007675
0.706204
0.349975
0.489727
0.597591
0.339795
0.724859
0.049017
0.411825
0.557873
0.946358
0.131416
0.123228
0.165676
0.381932
0.619465
0.509524
0.531771
0.360377
0.710466
0.554073
0.784886
0.488379
0.337973
0.590250
0.716873
0.450587
0.753177
0.288126
0.893288
0.282440
0.352868
0.005215
0.696636
0.915583
0.990067
0.039714
0.027870
0.012357
0.234785
0.412020
0.035655
0.988253
0.648673
0.464296
0.165679
0.883332
0.603772
0.959486
0.553376
0.492778
0.769181
0.006396
0.692677
0.608880
0.357343
0.548562
0.814336
0.354803
0.996424
0.060964
0.400181
0.608193
0.930157
0.479406
0.425197
0.136163
0.004183
0.405682
0.552973
0.181618
0.794007
0.765961
0.431138
0.469778
0.393242
0.368593
0.732728
0.740584
0.809229
