0.294901
0.757171
0.683220
0.241951
0.175804
0.076169
0.035497
0.180395
0.862723
0.409200
0.634668
0.986342
0.991610
0.543279
0.901512
0.597093
0.247954
0.560878
0.081236
0.615740
0.610826
0.653074
0.470100
0.353813
0.858694
0.061721
0.816158
0.289636
0.837081
0.319065
0.430750
0.732363
0.602177
0.604275
0.908860
0.804476
0.475124
0.582155
0.372451
0.975345
0.987648
0.413918
0.639881
0.421320
0.521755
0.875859
0.289062
0.223203
0.034307
0.748836
0.053807
0.593205
0.461145
0.637628
0.912057
0.396775
0.897676
0.091600
0.356559
0.692252
0.286021
0.365988
0.095972
0.659466
0.071153
0.810220
0.274221
0.194858
0.761783
0.699852
0.960794
0.459996
0.251852
0.192144
0.390360
0.740690
0.899020
0.854140
0.390119
0.637967
0.956888
0.728394
0.931695
0.648087
0.502780
0.429233
0.101466
0.562218
0.327270
0.545119
0.289861
0.907695
0.109045
0.177882
0.556546
0.252834
0.590636
0.756403
0.679410
0.521562
