0.664740
0.032207
0.707233
0.022863
0.869130
0.775606
0.517526
0.864234
0.393764
0.931205
0.235006
0.217308
0.799236
0.428101
0.769454
0.478951
0.345131
0.736229
0.149152
0.373928
0.636510
0.552300
0.480062
0.158948
0.896430
0.386032
0.493568
0.914763
0.513059
0.860112
0.816786
0.053534
0.817757
0.444590
0.838309
0.711050
0.883285
0.820193
0.543926
0.696109
0.583635
0.788548
0.403713
0.023109
0.907686
0.332033
0.627811
0.260540
0.596265
0.572482
0.156839
0.118546
0.658321
0.870401
0.319073
0.407126
0.526703
0.089780
0.411289
0.970791
0.340630
0.086582
0.064609
0.876644
0.956524
0.423362
0.525803
0.588438
0.977759
0.634277
0.493615
0.476368
0.583255
0.197529
0.585701
0.333929
0.561482
0.328897
0.333879
0.477535
0.519830
0.952439
0.464763
0.657006
0.596899
0.417509
0.025013
0.250456
0.824451
0.401423
0.892215
0.619088
0.192406
0.928846
0.356758
0.985431
0.393400
0.149214
0.399030
0.760425
