0.844658
0.120862
0.842845
0.886103
0.636124
0.516553
0.936174
0.068282
0.243158
0.607194
0.208618
0.895887
0.630738
0.339845
0.199641
0.240303
0.926310
0.023140
0.396731
0.456654
0.574832
0.044786
0.627595
0.059325
0.976916
0.959129
0.148932
0.232847
0.009916
0.326265
0.869610
0.731642
0.648917
0.702700
0.756644
0.726250
0.914363
0.925025
0.370981
0.477567
0.751326
0.623460
0.647884
0.753707
0.445429
0.489619
0.474175
0.391622
0.699872
0.413113
0.597980
0.531119
0.742720
0.411244
0.893736
0.810963
0.605234
0.789665
0.290226
0.890893
0.946098
0.745410
0.097121
0.808978
0.910363
0.440325
0.642574
0.084513
0.656546
0.676013
0.869718
0.024819
0.485856
0.571936
0.550640
0.279477
0.212825
0.818694
0.923907
0.775628
0.578888
0.188124
0.092981
0.052576
0.171604
0.675703
0.863707
0.906283
0.831045
0.044519
0.947132
0.082412
0.377509
0.194458
0.289905
0.654460
0.461837
0.452947
0.986574
0.974170
