0.243461
0.165741
0.092699
0.793173
0.455839
0.450139
0.141216
0.196394
0.193548
0.521931
0.446492
0.190997
0.810471
0.036265
0.084125
0.120672
0.788477
0.718702
0.491123
0.826240
0.891014
0.435398
0.560204
0.263805
0.901405
0.526007
0.032978
0.457659
0.857692
0.705435
0.616822
0.366275
0.417673
0.093280
0.073995
0.912499
0.580109
0.189620
0.340001
0.489169
0.977068
0.709642
0.210617
0.665655
0.428821
0.067854
0.425778
0.314525
0.394492
0.094720
0.830111
0.729017
0.096767
0.521972
0.730371
0.356637
0.796754
0.653627
0.661912
0.143633
0.220817
0.918004
0.367734
0.650779
0.354825
0.425497
0.882458
0.974511
0.884334
0.783884
0.793823
0.950181
0.208068
0.117702
0.837741
0.624038
0.652220
0.238853
0.517689
0.731446
0.884287
0.850817
0.947030
0.168492
0.755840
0.237053
0.140245
0.759878
0.026120
0.353403
0.711924
0.604826
0.048853
0.239455
0.999233
0.345170
0.821480
0.116555
0.628145
0.023693
