0.103462
0.580808
0.042141
0.711955
0.873112
0.168444
0.756372
0.939361
0.844320
0.517376
0.115767
0.062744
0.300347
0.264081
0.252159
0.095189
0.838689
0.290538
0.639187
0.588999
0.765243
0.218239
0.982668
0.178685
0.727936
0.983959
0.922577
0.507559
0.353680
0.213133
0.275898
0.768454
0.435285
0.696666
0.484976
0.019972
0.416716
0.461639
0.138130
0.757836
0.293401
0.176113
0.010861
0.913628
0.057608
0.292545
0.209776
0.365477
0.037857
0.810904
0.166774
0.520542
0.610633
0.161735
0.911393
0.067402
0.962482
0.739442
0.722650
0.857714
0.774036
0.973322
0.649738
0.674690
0.520209
0.191740
0.431406
0.288844
0.151061
0.435836
0.904741
0.269837
0.688748
0.385917
0.093248
0.066614
0.738588
0.772076
0.887370
0.784809
0.143226
0.170447
0.844888
0.349450
0.450733
0.306460
0.189282
0.966841
0.414240
0.784493
0.778111
0.616905
0.579605
0.054555
0.086088
0.820538
0.623150
0.004935
0.829689
0.677507
