0.082458
0.514823
0.892145
0.475324
0.039584
0.295466
0.375688
0.051882
0.352326
0.001172
0.470661
0.237432
0.476072
0.292464
0.588887
0.870455
0.288793
0.816882
0.297824
0.236967
0.568405
0.480539
0.271915
0.706922
0.850843
0.471995
0.318859
0.320875
0.598180
0.351280
0.626604
0.737314
0.685809
0.909048
0.039561
0.299282
0.831913
0.552793
0.916517
0.577887
0.257429
0.728774
0.304666
0.607983
0.121311
0.203014
0.623401
0.496503
0.055404
0.913941
0.146340
0.372649
0.834396
0.206659
0.504184
0.612094
0.988916
0.084912
0.346286
0.828245
0.461719
0.305613
0.219894
0.190454
0.541515
0.497569
0.758073
0.655558
0.458939
0.818391
0.061154
0.514298
0.219271
0.306077
0.015135
0.664358
0.936634
0.194999
0.260954
0.409148
0.198759
0.908587
0.911645
0.295638
0.169729
0.784842
0.695494
0.857983
0.148390
0.249885
0.615173
0.907994
0.666231
0.741411
0.548450
0.887709
0.928226
0.724422
0.156520
0.902564
