0.129013
0.930635
0.579303
0.458675
0.775842
0.332516
0.656405
0.220352
0.367810
0.433979
0.044981
0.125796
0.649225
0.810712
0.797291
0.458262
0.606547
0.500461
0.738183
0.658558
0.202926
0.258752
0.216720
0.725451
0.005907
0.732358
0.991189
0.865182
0.860722
0.998998
0.009719
0.823304
0.790586
0.270831
0.982882
0.203566
0.904814
0.030205
0.904417
0.424359
0.447085
0.688280
0.735630
0.297643
0.529820
0.509046
0.318818
0.938994
0.454737
0.101221
0.974416
0.836544
0.502894
0.763348
0.752661
0.433213
0.387241
0.155049
0.799722
0.946209
0.093263
0.486799
0.071222
0.803406
0.236395
0.943868
0.155202
0.110033
0.811038
0.951707
0.531640
0.626838
0.837208
0.723616
0.047948
0.763823
0.956850
0.302515
0.628705
0.748675
0.832443
0.809042
0.016439
0.733246
0.059332
0.493233
0.384485
0.887315
0.821690
0.938528
0.707103
0.218517
0.574367
0.102315
0.390013
0.048950
0.659614
0.401112
0.761843
0.366462
