0.981322
0.792829
0.597210
0.751478
0.969302
0.715922
0.718657
0.693890
0.671751
0.030331
0.719620
0.297447
0.242140
0.455884
0.931389
0.562921
0.974486
0.909149
0.532564
0.327731
0.622403
0.908458
0.556417
0.603685
0.438678
0.228308
0.914920
0.822006
0.240303
0.019813
0.375545
0.841054
0.517517
0.611315
0.249320
0.442571
0.585944
0.594575
0.762804
0.696881
0.775668
0.938921
0.446464
0.042139
0.530451
0.653058
0.758362
0.850567
0.787509
0.024682
0.588179
0.684615
0.993336
0.153979
0.247471
0.112261
0.302046
0.344576
0.073084
0.439165
0.732213
0.050457
0.934748
0.264287
0.488866
0.300902
0.080113
0.220013
0.902440
0.920776
0.078079
0.687093
0.886782
0.449434
0.053792
0.106639
0.552784
0.869846
0.148590
0.784508
0.178806
0.589018
0.377687
0.932113
0.064759
0.055963
0.763160
0.077117
0.621047
0.007437
0.331029
0.152362
0.212146
0.119138
0.207771
0.884520
0.013551
0.654407
0.244605
0.601709
