0.568396
0.517395
0.128193
0.650808
0.475599
0.150135
0.183597
0.849195
0.291861
0.357392
0.692112
0.068658
0.557566
0.816446
0.659192
0.116593
0.296964
0.354525
0.662158
0.515860
0.026951
0.655149
0.565849
0.779726
0.931948
0.611958
0.359256
0.488942
0.020045
0.384557
0.201448
0.070467
0.753653
0.860020
0.509589
0.481137
0.596926
0.770024
0.295418
0.615093
0.802698
0.550707
0.706589
0.863127
0.444076
0.026702
0.077008
0.577371
0.537173
0.012106
0.206068
0.465900
0.418913
0.066835
0.161964
0.512645
0.912733
0.494358
0.903995
0.291522
0.393711
0.496515
0.683081
0.808027
0.387116
0.616723
0.323800
0.836766
0.738227
0.664530
0.940773
0.377330
0.694755
0.046258
0.785668
0.293318
0.947244
0.330208
0.329025
0.874539
0.486671
0.605505
0.727266
0.701905
0.001730
0.240786
0.653652
0.193239
0.486735
0.397810
0.637776
0.852980
0.675187
0.948076
0.628990
0.444344
0.036081
0.824416
0.978147
0.225238
