0.059398
0.643781
0.059987
0.126447
0.656647
0.489562
0.064824
0.670111
0.330819
0.008137
0.495910
0.086602
0.794968
0.107867
0.590518
0.476950
0.295433
0.688447
0.451029
0.033357
0.059562
0.351025
0.677866
0.765244
0.163646
0.203099
0.658745
0.102940
0.193346
0.208596
0.641351
0.379986
0.426251
0.002651
0.250986
0.050479
0.082544
0.994219
0.917845
0.380687
0.127298
0.446039
0.480878
0.046704
0.240344
0.212188
0.310343
0.173727
0.792436
0.055522
0.022773
0.052828
0.296472
0.526920
0.900038
0.225828
0.688493
0.844120
0.086010
0.203013
0.140483
0.036857
0.433205
0.721626
0.625157
0.879081
0.731342
0.101692
0.507796
0.741170
0.148587
0.646154
0.240898
0.098677
0.356712
0.512188
0.177396
0.523241
0.386456
0.405008
0.179015
0.112431
0.412392
0.824929
0.983133
0.052276
0.114730
0.604280
0.776948
0.603128
0.288271
0.967741
0.026747
0.854640
0.364319
0.505856
0.982350
0.951600
0.986607
0.181377
