0.580241
0.123856
0.555214
0.232608
0.956105
0.468034
0.291305
0.001279
0.687522
0.168491
0.147670
0.514517
0.053206
0.191708
0.661860
0.811569
0.218578
0.613526
0.708786
0.483633
0.883345
0.211497
0.985529
0.109630
0.479400
0.244698
0.559876
0.245827
0.769577
0.232236
0.924188
0.852168
0.662655
0.381064
0.755732
0.703840
0.319383
0.085472
0.575867
0.954498
0.406537
0.487396
0.915866
0.631026
0.598421
0.993136
0.684179
0.780881
0.179090
0.158811
0.936797
0.362442
0.140046
0.151960
0.803331
0.905608
0.553359
0.935901
0.828828
0.747738
0.844217
0.171971
0.824758
0.092343
0.612375
0.114954
0.482831
0.451477
0.703112
0.008074
0.100336
0.874073
0.432465
0.913862
0.219215
0.226495
0.801369
0.222137
0.707195
0.016398
0.717839
0.722581
0.217609
0.022918
0.513741
0.079846
0.854239
0.545254
0.337877
0.241226
0.018776
0.344156
0.971984
0.333139
0.113460
0.949911
0.551087
0.206618
0.033466
0.524249
