0.766789
0.717635
0.925559
0.266577
0.018660
0.630592
0.524765
0.608068
0.088973
0.998718
0.069495
0.004879
0.622992
0.991816
0.150958
0.520885
0.210694
0.738038
0.335462
0.643610
0.226788
0.102104
0.182606
0.639410
0.766711
0.859660
0.556004
0.858452
0.671008
0.862880
0.916532
0.820062
0.037185
0.394744
0.454536
0.989506
0.196872
0.324954
0.201655
0.527055
0.032491
0.644472
0.612943
0.285732
0.998195
0.012345
0.192410
0.597539
0.789517
0.451436
0.052138
0.449160
0.016053
0.150951
0.196950
0.121976
0.572402
0.078390
0.029550
0.428862
0.726920
0.958487
0.912745
0.286535
0.659309
0.121836
0.444243
0.014828
0.146295
0.317472
0.089178
0.222749
0.670920
0.188739
0.305153
0.142805
0.634719
0.379005
0.948168
0.212492
0.846834
0.290130
0.338387
0.491807
0.311717
0.305206
0.996774
0.492910
0.417574
0.919421
0.414698
0.947397
0.974426
0.528294
0.300104
0.061059
0.116353
0.608047
0.079915
0.776555
