0.081578
0.473343
0.184576
0.798407
0.844892
0.173648
0.190544
0.227033
0.037484
0.141058
0.165038
0.996695
0.926432
0.486401
0.952397
0.345813
0.991588
0.992099
0.254799
0.152457
0.189217
0.458465
0.073591
0.026793
0.892394
0.005202
0.335840
0.327002
0.401089
0.614960
0.846582
0.662272
0.334927
0.448633
0.753296
0.604015
0.829007
0.194637
0.642055
0.133100
0.333848
0.558021
0.782119
0.819036
0.010344
0.888221
0.224301
0.839804
0.093032
0.978761
0.809698
0.155419
0.018967
0.382860
0.952006
0.654926
0.268290
0.973134
0.202236
0.960956
0.055669
0.159606
0.307833
0.910550
0.717592
0.263189
0.783679
0.356392
0.152897
0.679034
0.767412
0.163804
0.649378
0.452112
0.851220
0.606844
0.782062
0.280257
0.520410
0.850591
0.304348
0.031005
0.014995
0.258314
0.011856
0.708519
0.438474
0.791149
0.969073
0.633623
0.634560
0.286040
0.008444
0.818817
0.250294
0.701521
0.340152
0.668439
0.819612
0.300284
