0.258318
0.293659
0.516636
0.511566
0.269377
0.983015
0.695086
0.330630
0.494712
0.458672
0.022067
0.149135
0.380182
0.486246
0.461209
0.439367
0.639272
0.646597
0.970521
0.809956
0.204102
0.998067
0.771856
0.203056
0.017489
0.185382
0.376621
0.799906
0.065055
0.091337
0.307375
0.479615
0.602904
0.274759
0.311523
0.871486
0.078701
0.967033
0.277700
0.548186
0.840046
0.858869
0.210928
0.469733
0.166549
0.363050
0.248304
0.149605
0.507598
0.523962
0.010498
0.404775
0.926373
0.982607
0.624321
0.600525
0.048689
0.767977
0.361226
0.944493
0.896191
0.116279
0.339296
0.580462
0.706353
0.920877
0.872776
0.537016
0.582027
0.472751
0.190488
0.662574
0.452484
0.082562
0.682618
0.413462
0.139000
0.498364
0.739780
0.476000
0.924854
0.922736
0.221869
0.471867
0.019922
0.906964
0.454958
0.039268
0.228433
0.133934
0.794682
0.476963
0.516764
0.545849
0.419920
0.505093
0.379503
0.202292
0.246572
0.528513
