0.151556
0.000000
0.380525
0.610865
0.380122
0.867165
0.000000
0.000000
0.237645
0.973510
0.007918
0.086220
0.208285
0.404465
0.421906
0.401434
0.000000
0.961709
0.515202
0.096858
0.122035
0.146769
0.396719
0.195024
0.761240
0.591360
0.526111
0.402390
0.757888
0.355509
0.988252
0.000000
0.282592
0.429523
0.856518
0.323960
0.658112
0.697438
0.182138
0.991457
0.568334
0.212962
0.370157
0.732723
0.695358
0.969282
0.361389
0.341326
0.570024
0.852668
0.006602
0.218546
0.807177
0.993823
0.361437
0.797251
0.856590
0.911794
0.763748
0.260423
0.870779
0.096067
0.632967
0.481073
0.140916
0.980565
0.053634
0.000000
0.000000
0.000000
0.805170
0.966616
0.791286
0.966848
0.242258
0.244428
0.657391
0.388028
0.566267
0.507499
0.692076
0.604228
0.578473
0.000000
0.542269
0.614438
0.415572
0.151534
0.000000
0.406044
0.619221
0.500138
0.964880
0.974941
0.000000
0.278459
0.990891
0.944633
0.807481
0.727830
