0.012047
0.000000
0.943445
0.015440
0.023033
0.632780
0.000000
0.000000
0.045202
0.791279
0.767440
0.339156
0.303676
0.054249
0.637382
0.084177
0.000000
0.262811
0.136318
0.013777
0.896170
0.048230
0.517419
0.888838
0.245433
0.389437
0.429910
0.685469
0.897895
0.163449
0.742466
0.000000
0.584168
0.676731
0.935235
0.898563
0.653594
0.737353
0.644682
0.203755
0.496571
0.140199
0.474767
0.983577
0.173121
0.213065
0.412389
0.689142
0.624803
0.119316
0.720215
0.786121
0.084909
0.862845
0.725163
0.555327
0.565749
0.628162
0.168192
0.332529
0.597611
0.841697
0.899338
0.244458
0.879797
0.119313
0.780067
0.000000
0.000000
0.000000
0.694192
0.142195
0.032530
0.619283
0.883178
0.186721
0.562983
0.159835
0.492918
0.235585
0.457305
0.412886
0.989184
0.000000
0.685231
0.029991
0.788870
0.747859
0.000000
0.622778
0.805811
0.233880
0.917242
0.777530
0.000000
0.293585
0.146878
0.239026
0.449260
0.387645
