0.061408
0.000000
0.593174
0.945556
0.367751
0.612697
0.000000
0.000000
0.170831
0.571269
0.002962
0.052937
0.175664
0.345547
0.304180
0.672737
0.000000
0.934920
0.409012
0.084495
0.043868
0.267533
0.289446
0.166530
0.687714
0.230349
0.479057
0.571400
0.851738
0.439137
0.913824
0.000000
0.606288
0.441008
0.853514
0.063745
0.609373
0.299580
0.338908
0.951056
0.376111
0.315918
0.510550
0.208439
0.794599
0.842959
0.546038
0.366133
0.654450
0.777886
0.034735
0.578640
0.679929
0.807614
0.680699
0.513298
0.792305
0.698851
0.866411
0.411248
0.934257
0.086489
0.705291
0.369092
0.262095
0.826541
0.137932
0.000000
0.000000
0.000000
0.927779
0.767776
0.943885
0.741483
0.475250
0.139991
0.922102
0.501106
0.387206
0.656755
0.455460
0.921968
0.654148
0.000000
0.488310
1.000000
0.380190
0.218005
0.000000
0.187178
0.337985
0.567672
0.865445
0.853474
0.000000
0.400783
0.545762
0.709110
0.809593
0.646796
