0.009328
0.000000
0.635595
0.009187
0.091109
0.477806
0.000000
0.000000
0.096021
0.642615
0.637942
0.269763
0.451634
0.150151
0.853157
0.059659
0.000000
0.447748
0.110248
0.013311
0.668733
0.024101
0.674743
0.707854
0.363605
0.470814
0.576093
0.669010
0.990136
0.130481
0.845180
0.000000
0.663216
0.621996
0.861838
0.875718
0.519553
0.954479
0.751080
0.366245
0.571053
0.175365
0.482338
0.992286
0.140778
0.238843
0.599517
0.867112
0.613785
0.127823
0.721308
0.995040
0.071689
0.820539
0.731261
0.313434
0.628370
0.567653
0.261087
0.293112
0.954218
0.869000
0.937690
0.205536
0.699115
0.117268
0.756401
0.000000
0.000000
0.000000
0.725038
0.157233
0.052615
0.510057
0.688027
0.145338
0.795845
0.174146
0.272783
0.471216
0.396435
0.357256
0.763791
0.000000
0.452531
0.012149
0.861756
0.821766
0.000000
0.858942
0.579436
0.142487
0.795307
0.552091
0.000000
0.252179
0.192221
0.089605
0.516241
0.217591
