0.568372
0.000000
0.826818
0.019215
0.005328
0.882730
0.000000
0.000000
0.060351
0.829955
0.378657
0.343375
0.221494
0.080164
0.356130
0.392929
0.000000
0.565549
0.085115
0.143131
0.635757
0.502937
0.502276
0.438679
0.087180
0.327823
0.141366
0.758652
0.858405
0.959839
0.742173
0.000000
0.136764
0.677922
0.608689
0.514677
0.958287
0.684156
0.243098
0.357200
0.602017
0.221045
0.931741
0.677163
0.328263
0.424811
0.622238
0.639779
0.631089
0.372543
0.305328
0.797699
0.091774
0.383420
0.509494
0.680132
0.972361
0.860411
0.164036
0.353473
0.821240
0.820678
0.737465
0.438990
0.416382
0.135957
0.340485
0.000000
0.000000
0.000000
0.942195
0.060615
0.033159
0.694909
0.745775
0.766620
0.140028
0.658056
0.402394
0.150020
0.782746
0.165229
0.563595
0.000000
0.566790
0.132384
0.719598
0.499541
0.000000
0.269580
0.676595
0.222391
0.669271
0.955815
0.000000
0.179408
0.149917
0.448906
0.784459
0.408999
