0.831904
0.000000
0.473121
0.906808
0.703960
0.023027
0.000000
0.000000
0.247751
0.379639
0.494111
0.321398
0.111561
0.986358
0.385450
0.498744
0.000000
0.496207
0.414749
0.907670
0.752990
0.161570
0.396734
0.269052
0.019555
0.495366
0.422865
0.674157
0.969505
0.680337
0.286946
0.000000
0.485017
0.142318
0.840369
0.565749
0.923075
0.369259
0.291531
0.528476
0.316051
0.060053
0.708580
0.047724
0.655378
0.851825
0.610031
0.203770
0.978717
0.869900
0.031084
0.488887
0.871750
0.722577
0.730138
0.554810
0.917216
0.614187
0.444492
0.889854
0.787939
0.844997
0.633339
0.747462
0.672844
0.766860
0.008517
0.000000
0.000000
0.000000
0.543661
0.684730
0.322598
0.973683
0.958739
0.793783
0.957463
0.523902
0.750597
0.290119
0.299832
0.045952
0.659208
0.000000
0.524498
0.897373
0.826349
0.476810
0.000000
0.791938
0.249486
0.391320
0.974654
0.857098
0.000000
0.378732
0.450157
0.920167
0.922184
0.459785
