0.190711
0.000000
0.611166
0.990956
0.674708
0.348524
0.000000
0.000000
0.363197
0.967832
0.013363
0.052712
0.306424
0.098712
0.512542
0.851690
0.000000
0.236800
0.628706
0.332302
0.034004
0.234808
0.661654
0.232513
0.905083
0.185109
0.784799
0.477820
0.724792
0.960406
0.665356
0.000000
0.680274
0.482280
0.979255
0.245926
0.583347
0.083082
0.369768
0.720030
0.329189
0.232874
0.087833
0.120150
0.653725
0.097455
0.815128
0.476134
0.870504
0.794260
0.249243
0.786121
0.827681
0.740339
0.629225
0.301668
0.478628
0.171253
0.701714
0.442018
0.674856
0.052895
0.954871
0.066745
0.458047
0.831316
0.528070
0.000000
0.000000
0.000000
0.875402
0.606807
0.924556
0.979614
0.457651
0.059634
0.841722
0.484311
0.774941
0.889893
0.460760
0.472968
0.780056
0.000000
0.287948
0.586482
0.392645
0.722866
0.000000
0.727746
0.415208
0.640788
0.755248
0.886244
0.000000
0.887723
0.876046
0.723595
0.701446
0.034613
