0.480181
0.000000
0.859128
0.228538
0.044340
0.688929
0.000000
0.000000
0.065553
0.298798
0.818598
0.427611
0.192882
0.057912
0.129586
0.495399
0.000000
0.417074
0.009130
0.542233
0.450328
0.785069
0.385098
0.592905
0.145057
1.000000
0.607519
0.492060
0.310385
0.834588
0.165141
0.000000
0.320919
0.794660
0.137202
0.793822
0.795558
0.894553
0.273797
0.844316
0.424747
0.114619
0.583370
0.924254
0.204498
0.294646
0.307998
0.696736
0.616313
0.574415
0.653820
0.854475
0.028527
0.519424
0.788753
0.818692
0.662148
0.614743
0.035765
0.239297
0.682537
0.686984
0.393470
0.524373
0.898212
0.682316
0.069730
0.000000
0.000000
0.000000
0.415209
0.130945
0.261318
0.585159
0.871337
0.658463
0.466900
0.521319
0.062648
0.074719
0.859057
0.194364
0.621969
0.000000
0.894334
0.152022
0.809693
0.598986
0.000000
0.115726
0.589651
0.356454
0.510325
0.208572
0.000000
0.302143
0.310992
0.331487
0.662219
0.816549
