0.321683
0.000000
0.758636
0.691000
0.637617
0.387856
0.000000
0.000000
0.545537
0.949030
0.014273
0.109458
0.432138
0.077991
0.542052
0.937377
0.000000
0.218665
0.736118
0.326594
0.034122
0.208691
0.616366
0.335631
0.743116
0.239636
0.514864
0.444387
0.945789
0.984055
0.572911
0.000000
0.799474
0.416166
0.814132
0.255812
0.729766
0.112817
0.492968
0.449767
0.348279
0.144453
0.072490
0.191833
0.634429
0.099478
0.881597
0.508931
0.807454
0.696080
0.198802
0.755922
0.972236
0.985468
0.543426
0.243012
0.399790
0.134758
0.741324
0.699299
0.402215
0.042707
0.932716
0.028770
0.569892
0.885646
0.735399
0.000000
0.000000
0.000000
0.893325
0.557630
0.961303
0.929868
0.183492
0.088040
0.907314
0.597400
0.982144
0.849473
0.414555
0.576637
0.973590
0.000000
0.293891
0.478284
0.226549
0.777337
0.000000
0.644028
0.373094
0.634918
0.647524
0.991959
0.000000
0.863880
0.608074
0.874457
0.563213
0.037325
