0.667981
0.000000
0.503007
0.636129
0.687537
0.406337
0.000000
0.000000
0.134588
0.169077
0.128532
0.276710
0.215735
0.820384
0.236576
0.488245
0.000000
0.904103
0.355333
0.913353
0.256711
0.111305
0.610280
0.153871
0.047702
0.973832
0.359716
0.282962
0.361607
0.345398
0.548644
0.000000
0.094891
0.391688
0.705472
0.902770
0.883651
0.891911
0.620391
0.925071
0.688607
0.029136
0.474724
0.353280
0.904773
0.836883
0.276719
0.248899
0.426158
0.636351
0.002083
0.336083
0.844010
0.809986
0.585720
0.918016
0.838325
0.724866
0.602421
0.586645
0.847294
0.929609
0.922911
0.232606
0.534430
0.817537
0.021482
0.000000
0.000000
0.000000
0.557804
0.889831
0.634910
0.804444
0.345224
0.784436
0.723234
0.842015
0.943368
0.340194
0.808792
0.174684
0.413125
0.000000
0.815984
1.000000
0.826820
0.723562
0.000000
0.959511
0.618944
0.441815
0.544962
0.625671
0.000000
0.392714
0.507522
0.511960
0.769319
0.423048
