0.055880
0.000000
0.546575
0.770899
0.683748
0.704646
0.000000
0.000000
0.181285
0.726150
0.002634
0.038182
0.172426
0.303718
0.478732
0.869932
0.000000
0.540027
0.343548
0.175404
0.016100
0.366727
0.409302
0.053426
0.913756
0.277943
0.753600
0.578320
0.773218
0.570518
0.808195
0.000000
0.940063
0.549787
0.903325
0.050054
0.754298
0.070564
0.415562
0.926838
0.335364
0.378782
0.256801
0.090140
0.923427
0.445541
0.907558
0.397185
0.784483
0.779602
0.135803
0.926108
0.786840
0.998358
0.835223
0.338311
0.474893
0.488430
0.922862
0.360478
0.772790
0.090736
0.858082
0.185705
0.243474
0.700400
0.297912
0.000000
0.000000
0.000000
0.986917
0.806582
0.893372
0.960335
0.762177
0.058878
0.840679
0.569701
0.328613
0.885354
0.536207
0.520628
0.662186
0.000000
0.473750
0.636107
0.437908
0.282142
0.000000
0.232847
0.280170
0.639764
0.936374
0.844383
0.000000
0.481611
0.708846
0.625174
0.962414
0.253555
