0.025523
0.000000
0.687550
0.010562
0.009021
0.834285
0.000000
0.000000
0.062419
0.672763
0.472577
0.287601
0.166530
0.022407
0.516011
0.122776
0.000000
0.153641
0.135903
0.036905
0.991559
0.087876
0.573346
1.000000
0.174852
0.293471
0.221060
0.618595
0.630751
0.294883
0.609047
0.000000
0.418384
0.672408
0.713911
0.769196
0.730239
0.633872
0.406078
0.149358
0.400723
0.113089
0.793014
0.765318
0.243174
0.315786
0.648300
0.598165
0.587410
0.168229
0.619903
0.598832
0.070933
0.782197
0.991965
0.928587
0.640489
0.723030
0.181536
0.377006
0.462886
0.587656
0.883441
0.218156
0.918757
0.168680
0.858086
0.000000
0.000000
0.000000
0.706111
0.077410
0.020283
0.883612
0.940521
0.438435
0.254667
0.309434
0.527835
0.171779
0.596651
0.428790
0.718013
0.000000
0.433896
0.043264
0.531929
0.781938
0.000000
0.494696
0.977930
0.189909
0.894844
0.893039
0.000000
0.184199
0.104106
0.455739
0.407089
0.393969
