0.876475
0.000000
0.995397
0.059292
0.007885
0.723693
0.000000
0.000000
0.125416
0.362120
0.653395
0.377329
0.280521
0.102721
0.301989
0.879780
0.000000
0.655740
0.015505
0.243159
0.377193
0.585895
0.504568
0.288503
0.069767
0.606280
0.289749
0.926951
0.616431
0.823378
0.669369
0.000000
0.224023
0.509325
0.381304
0.393625
0.819566
0.807377
0.295025
0.866076
0.596900
0.261173
0.587126
0.805616
0.187044
0.235085
0.258856
0.930735
0.882433
0.613167
0.742547
0.778742
0.122160
0.602191
0.680550
0.710921
0.765265
0.890745
0.070426
0.264883
0.842052
0.867319
0.432715
0.353012
0.765248
0.200057
0.133257
0.000000
0.000000
0.000000
0.646187
0.074145
0.125218
0.758417
0.962568
0.916395
0.100376
0.644288
0.183763
0.096998
0.518169
0.187181
0.600371
0.000000
0.712248
0.128669
0.661954
0.711578
0.000000
0.253841
0.574067
0.311821
0.619648
0.706212
0.000000
0.224423
0.273072
0.321582
0.636509
0.540074
