0.116887
0.000000
0.668642
0.007306
0.005851
0.985484
0.000000
0.000000
0.060298
0.804725
0.281376
0.328741
0.143433
0.033886
0.396322
0.181611
0.000000
0.214252
0.101141
0.089063
0.974768
0.213028
0.594493
0.819778
0.113359
0.263049
0.143644
0.535768
0.669752
0.604738
0.591675
0.000000
0.226064
0.849076
0.592518
0.715441
0.838510
0.550758
0.254016
0.145293
0.369758
0.076547
0.983142
0.555912
0.358656
0.454756
0.947453
0.497273
0.514705
0.220068
0.391630
0.687770
0.063588
0.378299
0.580357
0.600202
0.870546
0.837561
0.188811
0.389694
0.568023
0.635399
0.931847
0.263137
0.532469
0.212170
0.660703
0.000000
0.000000
0.000000
0.973838
0.069674
0.019864
0.742733
0.774094
0.980350
0.128573
0.511459
0.373279
0.178388
0.808185
0.250904
0.510210
0.000000
0.391384
0.052627
0.700342
0.527644
0.000000
0.381624
0.809870
0.155157
0.749488
0.779617
0.000000
0.183181
0.108953
0.583028
0.429920
0.387512
