0.097260
0.000000
0.771803
0.736445
0.899209
0.097018
0.000000
0.000000
0.849600
0.118315
0.221607
0.973632
0.065843
0.402131
0.198135
0.122713
0.000000
0.300989
0.074723
0.425246
0.695804
0.977886
0.646201
0.603907
0.171196
0.849788
0.122326
0.486830
0.721233
0.640544
0.010920
0.000000
0.396503
0.206843
0.066067
0.565749
0.884836
0.239272
0.094215
0.696882
0.209111
0.857870
0.797207
0.300009
0.911160
0.179761
0.654459
0.490252
0.126138
0.702338
0.750826
0.590381
0.229439
0.961883
0.413947
0.832331
0.835321
0.336392
0.327715
0.145910
0.311827
0.345411
0.670500
0.541808
0.880899
0.651866
0.010215
0.000000
0.000000
0.000000
0.906201
0.427440
0.713800
0.612976
0.548411
0.540102
0.789708
0.915405
0.305207
0.930713
0.558834
0.114215
0.666827
0.000000
0.361656
0.561638
0.689978
0.614304
0.000000
0.906668
0.272557
0.182803
0.408772
0.332242
0.000000
0.262586
0.506348
0.676243
0.639156
0.177428
