0.423168
0.000000
0.460976
0.363010
0.564695
0.853690
0.000000
0.000000
0.241555
0.484867
0.019516
0.195022
0.260395
0.887504
0.378861
0.384723
0.000000
0.832894
0.482401
0.452006
0.125755
0.128876
0.543201
0.159371
0.448874
0.912325
0.559338
0.278013
0.326977
0.389871
0.780430
0.000000
0.043529
0.789011
0.808714
0.759291
0.931175
0.665216
0.558603
0.899183
0.937163
0.058742
0.272668
0.976297
0.742985
0.849425
0.235224
0.248930
0.486462
0.501946
0.001694
0.161958
0.853619
0.975642
0.389446
0.865459
0.970336
1.000000
0.784421
0.356102
0.729004
0.405119
0.786396
0.240109
0.254661
0.949437
0.028164
0.000000
0.000000
0.000000
0.448444
0.798061
0.727901
0.764193
0.162266
0.685107
0.659003
0.336064
0.689944
1.000000
0.909673
0.446571
0.526123
0.000000
0.947050
0.707712
0.727950
0.337599
0.000000
0.895712
0.906384
0.547875
0.656173
0.511421
0.000000
0.225979
0.579680
0.555094
0.441977
0.406906
