0.095560
0.000000
0.456215
0.871037
0.716604
0.461479
0.000000
0.000000
0.243181
0.958974
0.007337
0.028234
0.202702
0.222937
0.580964
0.733191
0.000000
0.222297
0.492103
0.196812
0.025248
0.299334
0.607138
0.061411
0.745210
0.298325
0.978062
0.495409
0.628241
0.612440
0.954046
0.000000
0.755617
0.560580
0.961014
0.145405
0.580701
0.059322
0.297669
0.885979
0.304547
0.401236
0.131974
0.112209
0.730228
0.164727
0.815112
0.448049
0.964590
0.861761
0.221049
0.798004
0.799710
0.611826
0.967868
0.388557
0.453537
0.234029
0.858614
0.263684
0.841529
0.054979
0.753011
0.108988
0.283324
0.696760
0.360587
0.000000
0.000000
0.000000
0.981949
0.857819
0.972952
0.762703
0.698441
0.050557
0.888236
0.601019
0.461406
0.974350
0.528582
0.457046
0.588043
0.000000
0.358687
0.689553
0.419318
0.355715
0.000000
0.402415
0.310813
0.687973
0.946138
0.764441
0.000000
0.667863
0.906632
0.626652
0.849586
0.080457
