0.165645
0.000000
0.634155
0.606301
0.354301
0.542059
0.000000
0.000000
0.226465
0.254926
0.689364
0.500139
0.114852
0.060706
0.101599
0.162351
0.000000
0.345739
0.022338
0.651282
0.612481
0.866554
0.527390
0.725127
0.295197
0.776186
0.305068
0.370094
0.324192
0.943110
0.018563
0.000000
0.379799
0.535296
0.055010
0.902770
0.983321
0.552597
0.100971
0.941327
0.308789
0.234421
0.850235
0.369420
0.450480
0.399152
0.427630
0.972127
0.394071
0.559806
0.434451
0.755969
0.025291
0.594635
0.652196
0.933348
0.754999
0.432367
0.075953
0.233515
0.571874
0.432325
0.307833
0.784117
0.974906
0.726494
0.050325
0.000000
0.000000
0.000000
0.568402
0.122346
0.576678
0.529661
0.765169
0.444848
0.914169
0.678899
0.120908
0.348733
0.721385
0.165874
0.707020
0.000000
0.883150
0.502730
0.981627
0.312608
0.000000
0.165247
0.656323
0.178849
0.444688
0.132718
0.000000
0.302162
0.320198
0.816961
0.830305
0.519634
