0.009328
0.012047
0.025523
0.116887
0.568372
0.876475
0.480181
0.165645
0.097260
0.831904
0.667981
0.423168
0.151556
0.061408
0.055880
0.095560
0.190711
0.321683
0.000000
0.000000
0.000000
0.000000
0.000000
0.000000
0.000000
0.000000
0.000000
0.000000
0.000000
0.000000
0.000000
0.000000
0.000000
0.000000
0.000000
0.000000
0.635595
0.943445
0.687550
0.668642
0.826818
0.995397
0.859128
0.634155
0.771803
0.473121
0.503007
0.460976
0.380525
0.593174
0.546575
0.456215
0.611166
0.758636
0.009187
0.015440
0.010562
0.007306
0.019215
0.059292
0.228538
0.606301
0.736445
0.906808
0.636129
0.363010
0.610865
0.945556
0.770899
0.871037
0.990956
0.691000
0.091109
0.023033
0.009021
0.005851
0.005328
0.007885
0.044340
0.354301
0.899209
0.703960
0.687537
0.564695
0.380122
0.367751
0.683748
0.716604
0.674708
0.637617
0.477806
0.632780
0.834285
0.985484
0.882730
0.723693
0.688929
0.542059
0.097018
0.023027
0.406337
0.853690
0.867165
0.612697
0.704646
0.461479
0.348524
0.387856
0.000000
0.000000
0.000000
0.000000
0.000000
0.000000
0.000000
0.000000
0.000000
0.000000
0.000000
0.000000
0.000000
0.000000
0.000000
0.000000
0.000000
0.000000
0.000000
0.000000
0.000000
0.000000
0.000000
0.000000
0.000000
0.000000
0.000000
0.000000
0.000000
0.000000
0.000000
0.000000
0.000000
0.000000
0.000000
0.000000
0.096021
0.045202
0.062419
0.060298
0.060351
0.125416
0.065553
0.226465
0.849600
0.247751
0.134588
0.241555
0.237645
0.170831
0.181285
0.243181
0.363197
0.545537
0.642615
0.791279
0.672763
0.804725
0.829955
0.362120
0.298798
0.254926
0.118315
0.379639
0.169077
0.484867
0.973510
0.571269
0.726150
0.958974
0.967832
0.949030
0.637942
0.767440
0.472577
0.281376
0.378657
0.653395
0.818598
0.689364
0.221607
0.494111
0.128532
0.019516
0.007918
0.002962
0.002634
0.007337
0.013363
0.014273
0.269763
0.339156
0.287601
0.328741
0.343375
0.377329
0.427611
0.500139
0.973632
0.321398
0.276710
0.195022
0.086220
0.052937
0.038182
0.028234
0.052712
0.109458
0.451634
0.303676
0.166530
0.143433
0.221494
0.280521
0.192882
0.114852
0.065843
0.111561
0.215735
0.260395
0.208285
0.175664
0.172426
0.202702
0.306424
0.432138
0.150151
0.054249
0.022407
0.033886
0.080164
0.102721
0.057912
0.060706
0.402131
0.986358
0.820384
0.887504
0.404465
0.345547
0.303718
0.222937
0.098712
0.077991
0.853157
0.637382
0.516011
0.396322
0.356130
0.301989
0.129586
0.101599
0.198135
0.385450
0.236576
0.378861
0.421906
0.304180
0.478732
0.580964
0.512542
0.542052
0.059659
0.084177
0.122776
0.181611
0.392929
0.879780
0.495399
0.162351
0.122713
0.498744
0.488245
0.384723
0.401434
0.672737
0.869932
0.733191
0.851690
0.937377
0.000000
0.000000
0.000000
0.000000
0.000000
0.000000
0.000000
0.000000
0.000000
0.000000
0.000000
0.000000
0.000000
0.000000
0.000000
0.000000
0.000000
0.000000
0.447748
0.262811
0.153641
0.214252
0.565549
0.655740
0.417074
0.345739
0.300989
0.496207
0.904103
0.832894
0.961709
0.934920
0.540027
0.222297
0.236800
0.218665
0.110248
0.136318
0.135903
0.101141
0.085115
0.015505
0.009130
0.022338
0.074723
0.414749
0.355333
0.482401
0.515202
0.409012
0.343548
0.492103
0.628706
0.736118
0.013311
0.013777
0.036905
0.089063
0.143131
0.243159
0.542233
0.651282
0.425246
0.907670
0.913353
0.452006
0.096858
0.084495
0.175404
0.196812
0.332302
0.326594
0.668733
0.896170
0.991559
0.974768
0.635757
0.377193
0.450328
0.612481
0.695804
0.752990
0.256711
0.125755
0.122035
0.043868
0.016100
0.025248
0.034004
0.034122
0.024101
0.048230
0.087876
0.213028
0.502937
0.585895
0.785069
0.866554
0.977886
0.161570
0.111305
0.128876
0.146769
0.267533
0.366727
0.299334
0.234808
0.208691
0.674743
0.517419
0.573346
0.594493
0.502276
0.504568
0.385098
0.527390
0.646201
0.396734
0.610280
0.543201
0.396719
0.289446
0.409302
0.607138
0.661654
0.616366
0.707854
0.888838
1.000000
0.819778
0.438679
0.288503
0.592905
0.725127
0.603907
0.269052
0.153871
0.159371
0.195024
0.166530
0.053426
0.061411
0.232513
0.335631
0.363605
0.245433
0.174852
0.113359
0.087180
0.069767
0.145057
0.295197
0.171196
0.019555
0.047702
0.448874
0.761240
0.687714
0.913756
0.745210
0.905083
0.743116
0.470814
0.389437
0.293471
0.263049
0.327823
0.606280
1.000000
0.776186
0.849788
0.495366
0.973832
0.912325
0.591360
0.230349
0.277943
0.298325
0.185109
0.239636
0.576093
0.429910
0.221060
0.143644
0.141366
0.289749
0.607519
0.305068
0.122326
0.422865
0.359716
0.559338
0.526111
0.479057
0.753600
0.978062
0.784799
0.514864
0.669010
0.685469
0.618595
0.535768
0.758652
0.926951
0.492060
0.370094
0.486830
0.674157
0.282962
0.278013
0.402390
0.571400
0.578320
0.495409
0.477820
0.444387
0.990136
0.897895
0.630751
0.669752
0.858405
0.616431
0.310385
0.324192
0.721233
0.969505
0.361607
0.326977
0.757888
0.851738
0.773218
0.628241
0.724792
0.945789
0.130481
0.163449
0.294883
0.604738
0.959839
0.823378
0.834588
0.943110
0.640544
0.680337
0.345398
0.389871
0.355509
0.439137
0.570518
0.612440
0.960406
0.984055
0.845180
0.742466
0.609047
0.591675
0.742173
0.669369
0.165141
0.018563
0.010920
0.286946
0.548644
0.780430
0.988252
0.913824
0.808195
0.954046
0.665356
0.572911
0.000000
0.000000
0.000000
0.000000
0.000000
0.000000
0.000000
0.000000
0.000000
0.000000
0.000000
0.000000
0.000000
0.000000
0.000000
0.000000
0.000000
0.000000
0.663216
0.584168
0.418384
0.226064
0.136764
0.224023
0.320919
0.379799
0.396503
0.485017
0.094891
0.043529
0.282592
0.606288
0.940063
0.755617
0.680274
0.799474
0.621996
0.676731
0.672408
0.849076
0.677922
0.509325
0.794660
0.535296
0.206843
0.142318
0.391688
0.789011
0.429523
0.441008
0.549787
0.560580
0.482280
0.416166
0.861838
0.935235
0.713911
0.592518
0.608689
0.381304
0.137202
0.055010
0.066067
0.840369
0.705472
0.808714
0.856518
0.853514
0.903325
0.961014
0.979255
0.814132
0.875718
0.898563
0.769196
0.715441
0.514677
0.393625
0.793822
0.902770
0.565749
0.565749
0.902770
0.759291
0.323960
0.063745
0.050054
0.145405
0.245926
0.255812
0.519553
0.653594
0.730239
0.838510
0.958287
0.819566
0.795558
0.983321
0.884836
0.923075
0.883651
0.931175
0.658112
0.609373
0.754298
0.580701
0.583347
0.729766
0.954479
0.737353
0.633872
0.550758
0.684156
0.807377
0.894553
0.552597
0.239272
0.369259
0.891911
0.665216
0.697438
0.299580
0.070564
0.059322
0.083082
0.112817
0.751080
0.644682
0.406078
0.254016
0.243098
0.295025
0.273797
0.100971
0.094215
0.291531
0.620391
0.558603
0.182138
0.338908
0.415562
0.297669
0.369768
0.492968
0.366245
0.203755
0.149358
0.145293
0.357200
0.866076
0.844316
0.941327
0.696882
0.528476
0.925071
0.899183
0.991457
0.951056
0.926838
0.885979
0.720030
0.449767
0.571053
0.496571
0.400723
0.369758
0.602017
0.596900
0.424747
0.308789
0.209111
0.316051
0.688607
0.937163
0.568334
0.376111
0.335364
0.304547
0.329189
0.348279
0.175365
0.140199
0.113089
0.076547
0.221045
0.261173
0.114619
0.234421
0.857870
0.060053
0.029136
0.058742
0.212962
0.315918
0.378782
0.401236
0.232874
0.144453
0.482338
0.474767
0.793014
0.983142
0.931741
0.587126
0.583370
0.850235
0.797207
0.708580
0.474724
0.272668
0.370157
0.510550
0.256801
0.131974
0.087833
0.072490
0.992286
0.983577
0.765318
0.555912
0.677163
0.805616
0.924254
0.369420
0.300009
0.047724
0.353280
0.976297
0.732723
0.208439
0.090140
0.112209
0.120150
0.191833
0.140778
0.173121
0.243174
0.358656
0.328263
0.187044
0.204498
0.450480
0.911160
0.655378
0.904773
0.742985
0.695358
0.794599
0.923427
0.730228
0.653725
0.634429
0.238843
0.213065
0.315786
0.454756
0.424811
0.235085
0.294646
0.399152
0.179761
0.851825
0.836883
0.849425
0.969282
0.842959
0.445541
0.164727
0.097455
0.099478
0.599517
0.412389
0.648300
0.947453
0.622238
0.258856
0.307998
0.427630
0.654459
0.610031
0.276719
0.235224
0.361389
0.546038
0.907558
0.815112
0.815128
0.881597
0.867112
0.689142
0.598165
0.497273
0.639779
0.930735
0.696736
0.972127
0.490252
0.203770
0.248899
0.248930
0.341326
0.366133
0.397185
0.448049
0.476134
0.508931
0.613785
0.624803
0.587410
0.514705
0.631089
0.882433
0.616313
0.394071
0.126138
0.978717
0.426158
0.486462
0.570024
0.654450
0.784483
0.964590
0.870504
0.807454
0.127823
0.119316
0.168229
0.220068
0.372543
0.613167
0.574415
0.559806
0.702338
0.869900
0.636351
0.501946
0.852668
0.777886
0.779602
0.861761
0.794260
0.696080
0.721308
0.720215
0.619903
0.391630
0.305328
0.742547
0.653820
0.434451
0.750826
0.031084
0.002083
0.001694
0.006602
0.034735
0.135803
0.221049
0.249243
0.198802
0.995040
0.786121
0.598832
0.687770
0.797699
0.778742
0.854475
0.755969
0.590381
0.488887
0.336083
0.161958
0.218546
0.578640
0.926108
0.798004
0.786121
0.755922
0.071689
0.084909
0.070933
0.063588
0.091774
0.122160
0.028527
0.025291
0.229439
0.871750
0.844010
0.853619
0.807177
0.679929
0.786840
0.799710
0.827681
0.972236
0.820539
0.862845
0.782197
0.378299
0.383420
0.602191
0.519424
0.594635
0.961883
0.722577
0.809986
0.975642
0.993823
0.807614
0.998358
0.611826
0.740339
0.985468
0.731261
0.725163
0.991965
0.580357
0.509494
0.680550
0.788753
0.652196
0.413947
0.730138
0.585720
0.389446
0.361437
0.680699
0.835223
0.967868
0.629225
0.543426
0.313434
0.555327
0.928587
0.600202
0.680132
0.710921
0.818692
0.933348
0.832331
0.554810
0.918016
0.865459
0.797251
0.513298
0.338311
0.388557
0.301668
0.243012
0.628370
0.565749
0.640489
0.870546
0.972361
0.765265
0.662148
0.754999
0.835321
0.917216
0.838325
0.970336
0.856590
0.792305
0.474893
0.453537
0.478628
0.399790
0.567653
0.628162
0.723030
0.837561
0.860411
0.890745
0.614743
0.432367
0.336392
0.614187
0.724866
1.000000
0.911794
0.698851
0.488430
0.234029
0.171253
0.134758
0.261087
0.168192
0.181536
0.188811
0.164036
0.070426
0.035765
0.075953
0.327715
0.444492
0.602421
0.784421
0.763748
0.866411
0.922862
0.858614
0.701714
0.741324
0.293112
0.332529
0.377006
0.389694
0.353473
0.264883
0.239297
0.233515
0.145910
0.889854
0.586645
0.356102
0.260423
0.411248
0.360478
0.263684
0.442018
0.699299
0.954218
0.597611
0.462886
0.568023
0.821240
0.842052
0.682537
0.571874
0.311827
0.787939
0.847294
0.729004
0.870779
0.934257
0.772790
0.841529
0.674856
0.402215
0.869000
0.841697
0.587656
0.635399
0.820678
0.867319
0.686984
0.432325
0.345411
0.844997
0.929609
0.405119
0.096067
0.086489
0.090736
0.054979
0.052895
0.042707
0.937690
0.899338
0.883441
0.931847
0.737465
0.432715
0.393470
0.307833
0.670500
0.633339
0.922911
0.786396
0.632967
0.705291
0.858082
0.753011
0.954871
0.932716
0.205536
0.244458
0.218156
0.263137
0.438990
0.353012
0.524373
0.784117
0.541808
0.747462
0.232606
0.240109
0.481073
0.369092
0.185705
0.108988
0.066745
0.028770
0.699115
0.879797
0.918757
0.532469
0.416382
0.765248
0.898212
0.974906
0.880899
0.672844
0.534430
0.254661
0.140916
0.262095
0.243474
0.283324
0.458047
0.569892
0.117268
0.119313
0.168680
0.212170
0.135957
0.200057
0.682316
0.726494
0.651866
0.766860
0.817537
0.949437
0.980565
0.826541
0.700400
0.696760
0.831316
0.885646
0.756401
0.780067
0.858086
0.660703
0.340485
0.133257
0.069730
0.050325
0.010215
0.008517
0.021482
0.028164
0.053634
0.137932
0.297912
0.360587
0.528070
0.735399
0.000000
0.000000
0.000000
0.000000
0.000000
0.000000
0.000000
0.000000
0.000000
0.000000
0.000000
0.000000
0.000000
0.000000
0.000000
0.000000
0.000000
0.000000
0.000000
0.000000
0.000000
0.000000
0.000000
0.000000
0.000000
0.000000
0.000000
0.000000
0.000000
0.000000
0.000000
0.000000
0.000000
0.000000
0.000000
0.000000
0.000000
0.000000
0.000000
0.000000
0.000000
0.000000
0.000000
0.000000
0.000000
0.000000
0.000000
0.000000
0.000000
0.000000
0.000000
0.000000
0.000000
0.000000
0.725038
0.694192
0.706111
0.973838
0.942195
0.646187
0.415209
0.568402
0.906201
0.543661
0.557804
0.448444
0.805170
0.927779
0.986917
0.981949
0.875402
0.893325
0.157233
0.142195
0.077410
0.069674
0.060615
0.074145
0.130945
0.122346
0.427440
0.684730
0.889831
0.798061
0.966616
0.767776
0.806582
0.857819
0.606807
0.557630
0.052615
0.032530
0.020283
0.019864
0.033159
0.125218
0.261318
0.576678
0.713800
0.322598
0.634910
0.727901
0.791286
0.943885
0.893372
0.972952
0.924556
0.961303
0.510057
0.619283
0.883612
0.742733
0.694909
0.758417
0.585159
0.529661
0.612976
0.973683
0.804444
0.764193
0.966848
0.741483
0.960335
0.762703
0.979614
0.929868
0.688027
0.883178
0.940521
0.774094
0.745775
0.962568
0.871337
0.765169
0.548411
0.958739
0.345224
0.162266
0.242258
0.475250
0.762177
0.698441
0.457651
0.183492
0.145338
0.186721
0.438435
0.980350
0.766620
0.916395
0.658463
0.444848
0.540102
0.793783
0.784436
0.685107
0.244428
0.139991
0.058878
0.050557
0.059634
0.088040
0.795845
0.562983
0.254667
0.128573
0.140028
0.100376
0.466900
0.914169
0.789708
0.957463
0.723234
0.659003
0.657391
0.922102
0.840679
0.888236
0.841722
0.907314
0.174146
0.159835
0.309434
0.511459
0.658056
0.644288
0.521319
0.678899
0.915405
0.523902
0.842015
0.336064
0.388028
0.501106
0.569701
0.601019
0.484311
0.597400
0.272783
0.492918
0.527835
0.373279
0.402394
0.183763
0.062648
0.120908
0.305207
0.750597
0.943368
0.689944
0.566267
0.387206
0.328613
0.461406
0.774941
0.982144
0.471216
0.235585
0.171779
0.178388
0.150020
0.096998
0.074719
0.348733
0.930713
0.290119
0.340194
1.000000
0.507499
0.656755
0.885354
0.974350
0.889893
0.849473
0.396435
0.457305
0.596651
0.808185
0.782746
0.518169
0.859057
0.721385
0.558834
0.299832
0.808792
0.909673
0.692076
0.455460
0.536207
0.528582
0.460760
0.414555
0.357256
0.412886
0.428790
0.250904
0.165229
0.187181
0.194364
0.165874
0.114215
0.045952
0.174684
0.446571
0.604228
0.921968
0.520628
0.457046
0.472968
0.576637
0.763791
0.989184
0.718013
0.510210
0.563595
0.600371
0.621969
0.707020
0.666827
0.659208
0.413125
0.526123
0.578473
0.654148
0.662186
0.588043
0.780056
0.973590
0.000000
0.000000
0.000000
0.000000
0.000000
0.000000
0.000000
0.000000
0.000000
0.000000
0.000000
0.000000
0.000000
0.000000
0.000000
0.000000
0.000000
0.000000
0.452531
0.685231
0.433896
0.391384
0.566790
0.712248
0.894334
0.883150
0.361656
0.524498
0.815984
0.947050
0.542269
0.488310
0.473750
0.358687
0.287948
0.293891
0.012149
0.029991
0.043264
0.052627
0.132384
0.128669
0.152022
0.502730
0.561638
0.897373
1.000000
0.707712
0.614438
1.000000
0.636107
0.689553
0.586482
0.478284
0.861756
0.788870
0.531929
0.700342
0.719598
0.661954
0.809693
0.981627
0.689978
0.826349
0.826820
0.727950
0.415572
0.380190
0.437908
0.419318
0.392645
0.226549
0.821766
0.747859
0.781938
0.527644
0.499541
0.711578
0.598986
0.312608
0.614304
0.476810
0.723562
0.337599
0.151534
0.218005
0.282142
0.355715
0.722866
0.777337
0.000000
0.000000
0.000000
0.000000
0.000000
0.000000
0.000000
0.000000
0.000000
0.000000
0.000000
0.000000
0.000000
0.000000
0.000000
0.000000
0.000000
0.000000
0.858942
0.622778
0.494696
0.381624
0.269580
0.253841
0.115726
0.165247
0.906668
0.791938
0.959511
0.895712
0.406044
0.187178
0.232847
0.402415
0.727746
0.644028
0.579436
0.805811
0.977930
0.809870
0.676595
0.574067
0.589651
0.656323
0.272557
0.249486
0.618944
0.906384
0.619221
0.337985
0.280170
0.310813
0.415208
0.373094
0.142487
0.233880
0.189909
0.155157
0.222391
0.311821
0.356454
0.178849
0.182803
0.391320
0.441815
0.547875
0.500138
0.567672
0.639764
0.687973
0.640788
0.634918
0.795307
0.917242
0.894844
0.749488
0.669271
0.619648
0.510325
0.444688
0.408772
0.974654
0.544962
0.656173
0.964880
0.865445
0.936374
0.946138
0.755248
0.647524
0.552091
0.777530
0.893039
0.779617
0.955815
0.706212
0.208572
0.132718
0.332242
0.857098
0.625671
0.511421
0.974941
0.853474
0.844383
0.764441
0.886244
0.991959
0.000000
0.000000
0.000000
0.000000
0.000000
0.000000
0.000000
0.000000
0.000000
0.000000
0.000000
0.000000
0.000000
0.000000
0.000000
0.000000
0.000000
0.000000
0.252179
0.293585
0.184199
0.183181
0.179408
0.224423
0.302143
0.302162
0.262586
0.378732
0.392714
0.225979
0.278459
0.400783
0.481611
0.667863
0.887723
0.863880
0.192221
0.146878
0.104106
0.108953
0.149917
0.273072
0.310992
0.320198
0.506348
0.450157
0.507522
0.579680
0.990891
0.545762
0.708846
0.906632
0.876046
0.608074
0.089605
0.239026
0.455739
0.583028
0.448906
0.321582
0.331487
0.816961
0.676243
0.920167
0.511960
0.555094
0.944633
0.709110
0.625174
0.626652
0.723595
0.874457
0.516241
0.449260
0.407089
0.429920
0.784459
0.636509
0.662219
0.830305
0.639156
0.922184
0.769319
0.441977
0.807481
0.809593
0.962414
0.849586
0.701446
0.563213
0.217591
0.387645
0.393969
0.387512
0.408999
0.540074
0.816549
0.519634
0.177428
0.459785
0.423048
0.406906
0.727830
0.646796
0.253555
0.080457
0.034613
0.037325
