0.311585
0.193818
0.342277
0.169396
0.768700
0.745038
0.327794
0.751775
0.072661
0.621243
0.494121
0.641233
0.300714
0.093227
0.215212
0.365345
0.242126
0.535706
0.085948
0.387708
0.214677
0.002324
0.512547
0.401282
0.041631
0.946268
0.935040
0.330714
0.983466
0.282765
0.320163
0.114426
0.884572
0.518791
0.597359
0.668509
0.459708
0.842643
0.940962
0.806315
0.769804
0.235613
0.059992
0.535706
0.160605
0.226397
0.292487
0.247536
0.474682
0.840297
0.486225
0.526960
0.959810
0.571934
0.431869
0.866443
0.021525
0.252707
0.400036
0.632271
0.391812
0.976376
0.540106
0.833960
0.187046
0.763018
0.394275
0.203126
0.466958
0.242126
0.440182
0.992331
0.455671
0.037579
0.768106
0.724945
0.362995
0.450318
0.826422
0.304885
0.357163
0.438407
0.465598
0.122630
0.873442
0.141640
0.835088
0.800556
0.346815
0.555425
0.949188
0.586607
0.652408
0.044931
0.046375
0.253030
0.240030
0.318705
0.718289
0.875806
