0.842239
0.154483
0.964782
0.177426
0.421909
0.641105
0.237835
0.685066
0.121833
0.123710
0.010028
0.777886
0.924466
0.754259
0.226115
0.614448
0.748044
0.240876
0.218355
0.130477
0.044075
0.723646
0.871004
0.950437
0.184514
0.769522
0.982714
0.546283
0.820004
0.619186
0.336580
0.106899
0.524648
0.077003
0.335988
0.499645
0.229879
0.206629
0.626406
0.358305
0.919222
0.188361
0.121640
0.817784
0.424657
0.760430
0.916213
0.463902
0.930082
0.847031
0.463394
0.705339
0.359893
0.098345
0.219244
0.795981
0.341118
0.749773
0.890705
0.091830
0.163628
0.972110
0.751194
0.470517
0.081968
0.292206
0.979405
0.528570
0.667567
0.928321
0.241334
0.586864
0.363694
0.886572
0.180141
0.398327
0.144841
0.964351
0.828436
0.968866
0.463833
0.502036
0.189439
0.510802
0.799369
0.053320
0.498277
0.977129
0.807544
0.330990
0.133552
0.261232
0.286269
0.121329
0.778293
0.394644
0.238711
0.326965
0.603255
0.544093
