0.354247
0.018077
0.342714
0.008788
0.024174
0.958707
0.378869
0.224459
0.271578
0.002314
0.020892
0.018514
0.140736
0.437920
0.261204
0.549705
0.761316
0.413053
0.581117
0.278552
0.262046
0.366890
0.717944
0.942779
0.301728
0.893493
0.591333
0.858225
0.153896
0.258422
0.704659
0.476242
0.251079
0.116386
0.798030
0.293962
0.341903
0.053256
0.936022
0.355298
0.936485
0.264657
0.047514
0.821177
0.109882
0.622220
0.401772
0.336527
0.481386
0.333327
0.007258
0.914927
0.047538
0.026996
0.252708
0.299709
0.207584
0.084881
0.236288
0.898493
0.509295
0.054384
0.332550
0.182054
0.435924
0.388003
0.130563
0.561250
0.665941
0.011400
0.860533
0.484844
0.062364
0.122881
0.722552
0.080830
0.839255
0.984097
0.930076
0.246386
0.386221
0.058047
0.165533
0.150498
0.120464
0.110620
0.608995
0.684445
0.207900
0.552967
0.647162
0.112117
0.081045
0.340692
0.238976
0.386968
0.059421
0.019477
0.233981
0.018783
