0.393422
0.975465
0.563914
0.841019
0.726281
0.416357
0.081219
0.435679
0.645892
0.535705
0.251996
0.872900
0.194184
0.839672
0.067097
0.548468
0.930974
0.589676
0.470343
0.950432
0.851927
0.304952
0.601604
0.277290
0.708514
0.957496
0.904784
0.308254
0.931850
0.874134
0.073300
0.479600
0.587568
0.418125
0.522069
0.464261
0.702866
0.492625
0.301760
0.731456
0.150573
0.271479
0.470702
0.819494
0.410753
0.122150
0.062176
0.998494
0.507737
0.581441
0.171726
0.165622
0.178094
0.509184
0.618601
0.696619
0.439282
0.291273
0.678965
0.458794
0.801935
0.559578
0.923746
0.725629
0.456392
0.749299
0.899825
0.626235
0.634789
0.157968
0.857467
0.768855
0.033048
0.989823
0.225697
0.590778
0.300972
0.462386
0.795989
0.221712
0.479358
0.500221
0.522396
0.059551
0.560831
0.978877
0.656127
0.590662
0.037015
0.547426
0.073644
0.434274
0.416779
0.973259
0.229591
0.192177
0.419607
0.489723
0.470999
0.177347
