0.191297
0.546859
0.486476
0.329828
0.498111
0.785338
0.688238
0.635899
0.408919
0.988163
0.187074
0.724952
0.307442
0.439073
0.419637
0.139266
0.008695
0.351675
0.074016
0.799238
0.172831
0.976467
0.254831
0.354938
0.986369
0.982644
0.932295
0.574358
0.888621
0.517137
0.708716
0.595476
0.569723
0.613226
0.172251
0.407731
0.528682
0.567384
0.663418
0.587963
0.473743
0.391867
0.907640
0.047040
0.311544
0.611861
0.182984
0.595866
0.965419
0.254255
0.897787
0.092393
0.750249
0.314701
0.182391
0.384067
0.140068
0.679347
0.054426
0.244780
0.298655
0.705998
0.417259
0.544489
0.034557
0.947389
0.982708
0.396263
0.097042
0.922778
0.761963
0.356395
0.236325
0.202796
0.902828
0.954583
0.475655
0.062650
0.666696
0.125908
0.196786
0.297000
0.574294
0.105542
0.502351
0.888357
0.014447
0.034015
0.020129
0.596908
0.386710
0.889465
0.095791
0.144514
0.712223
0.779622
0.396945
0.551647
0.896310
0.524174
