0.069036
0.619225
0.456546
0.559453
0.201412
0.878531
0.928605
0.499768
0.262080
0.984852
0.112697
0.955892
0.443602
0.726606
0.285686
0.242928
0.372899
0.043121
0.298813
0.405265
0.436103
0.813433
0.437523
0.444071
0.973179
0.853685
0.989827
0.518947
0.610476
0.187526
0.565731
0.606176
0.651300
0.943234
0.576348
0.591351
0.150315
0.668001
0.672928
0.896792
0.179833
0.268389
0.815483
0.222640
0.453640
0.771180
0.639721
0.434345
0.901890
0.273451
0.740788
0.490523
0.919120
0.868323
0.113703
0.605657
0.073518
0.664421
0.352204
0.392009
0.132407
0.594946
0.410157
0.231087
0.320181
0.983537
0.987233
0.237266
0.433790
0.938520
0.808420
0.274972
0.365049
0.098423
0.962647
0.980128
0.195613
0.308091
0.530476
0.016000
0.333884
0.846051
0.389073
0.364941
0.254013
0.572101
0.002285
0.428831
0.066916
0.646966
0.588801
0.787604
0.149794
0.333164
0.634690
0.501813
0.458090
0.619817
0.540451
0.653362
