0.191297
0.069036
0.546859
0.619225
0.486476
0.456546
0.329828
0.559453
0.498111
0.201412
0.785338
0.878531
0.688238
0.928605
0.635899
0.499768
0.408919
0.262080
0.988163
0.984852
0.187074
0.112697
0.724952
0.955892
0.307442
0.443602
0.439073
0.726606
0.419637
0.285686
0.139266
0.242928
0.008695
0.372899
0.351675
0.043121
0.074016
0.298813
0.799238
0.405265
0.172831
0.436103
0.976467
0.813433
0.254831
0.437523
0.354938
0.444071
0.986369
0.973179
0.982644
0.853685
0.932295
0.989827
0.574358
0.518947
0.888621
0.610476
0.517137
0.187526
0.708716
0.565731
0.595476
0.606176
0.569723
0.651300
0.613226
0.943234
0.172251
0.576348
0.407731
0.591351
0.528682
0.150315
0.567384
0.668001
0.663418
0.672928
0.587963
0.896792
0.473743
0.179833
0.391867
0.268389
0.907640
0.815483
0.047040
0.222640
0.311544
0.453640
0.611861
0.771180
0.182984
0.639721
0.595866
0.434345
0.965419
0.901890
0.254255
0.273451
0.897787
0.740788
0.092393
0.490523
0.750249
0.919120
0.314701
0.868323
0.182391
0.113703
0.384067
0.605657
0.140068
0.073518
0.679347
0.664421
0.054426
0.352204
0.244780
0.392009
0.298655
0.132407
0.705998
0.594946
0.417259
0.410157
0.544489
0.231087
0.034557
0.320181
0.947389
0.983537
0.982708
0.987233
0.396263
0.237266
0.097042
0.433790
0.922778
0.938520
0.761963
0.808420
0.356395
0.274972
0.236325
0.365049
0.202796
0.098423
0.902828
0.962647
0.954583
0.980128
0.475655
0.195613
0.062650
0.308091
0.666696
0.530476
0.125908
0.016000
0.196786
0.333884
0.297000
0.846051
0.574294
0.389073
0.105542
0.364941
0.502351
0.254013
0.888357
0.572101
0.014447
0.002285
0.034015
0.428831
0.020129
0.066916
0.596908
0.646966
0.386710
0.588801
0.889465
0.787604
0.095791
0.149794
0.144514
0.333164
0.712223
0.634690
0.779622
0.501813
0.396945
0.458090
0.551647
0.619817
0.896310
0.540451
0.524174
0.653362
