0.485335
0.914293
0.866296
0.216182
0.191069
0.449030
0.168975
0.063189
0.458360
0.129198
0.106989
0.144426
0.546222
0.701477
0.995245
0.267156
0.434794
0.720230
0.898140
0.544902
0.544782
0.358665
0.338270
0.918211
0.729920
0.052382
0.981553
0.635452
0.761515
0.199014
0.935580
0.652345
0.456607
0.455335
0.790177
0.744300
0.434746
0.671686
0.246455
0.042736
0.784948
0.801186
0.008691
0.993488
0.296518
0.257974
0.389948
0.482728
0.745586
0.639135
0.660638
0.673502
0.329490
0.858334
0.060736
0.711412
0.142568
0.023297
0.822295
0.409955
0.754622
0.821662
0.510884
0.169127
0.558988
0.151286
0.502238
0.610486
0.064776
0.565099
0.701582
0.021082
0.077624
0.659261
0.543701
0.205158
0.904153
0.204557
0.142867
0.176134
0.458336
0.030511
0.264183
0.322387
0.242584
0.021355
0.193662
0.877309
0.261246
0.739991
0.866414
0.514747
0.036500
0.278791
0.780705
0.945507
0.516775
0.593446
0.693969
0.249918
