0.521933
0.365404
0.074435
0.815724
0.407593
0.868241
0.870461
0.425993
0.566355
0.283706
0.050346
0.781572
0.491341
0.567876
0.869536
0.707355
0.238640
0.235888
0.533907
0.271952
0.829580
0.629896
0.220067
0.095219
0.777488
0.855483
0.117199
0.991752
0.698304
0.607957
0.487965
0.083715
0.902070
0.410664
0.895594
0.708984
0.035503
0.567470
0.379230
0.062959
0.221099
0.185096
0.391975
0.620144
0.073138
0.813929
0.562656
0.072564
0.910542
0.910672
0.521061
0.331700
0.989608
0.099221
0.569834
0.707019
0.712407
0.233437
0.332999
0.760548
0.590960
0.322728
0.074637
0.006171
0.988474
0.382428
0.927535
0.572738
0.097931
0.850066
0.298871
0.410438
0.977399
0.105461
0.896691
0.920862
0.548746
0.524241
0.993858
0.344704
0.140396
0.557526
0.293083
0.895819
0.013937
0.118580
0.940020
0.291502
0.090382
0.718290
0.655434
0.122076
0.770222
0.316563
0.548563
0.416985
0.026168
0.325834
0.185494
0.578088
