0.217227
0.324833
0.556629
0.169232
0.285944
0.769982
0.748113
0.263501
0.544804
0.415097
0.852723
0.886212
0.543999
0.555279
0.481406
0.827214
0.569317
0.439991
0.949688
0.781518
0.822372
0.257834
0.432821
0.559919
0.187884
0.835863
0.244187
0.702120
0.565607
0.620933
0.120086
0.553771
0.525295
0.623222
0.147488
0.852608
0.264657
0.455147
0.212841
0.269061
0.363119
0.969968
0.993108
0.860821
0.522424
0.995990
0.010782
0.040859
0.940422
0.606889
0.140472
0.103205
0.329920
0.740022
0.584581
0.309331
0.531654
0.864413
0.754075
0.168508
0.835695
0.652455
0.018173
0.630117
0.516528
0.531538
0.375739
0.459400
0.638651
0.383524
0.668770
0.290421
0.957305
0.513824
0.823599
0.502623
0.138238
0.143960
0.398010
0.197274
0.945186
0.911906
0.669311
0.978986
0.362133
0.490821
0.835249
0.802674
0.572942
0.286031
0.248260
0.745532
0.847649
0.138318
0.537153
0.945735
0.012833
0.639412
0.917407
0.607326
