0.988213
0.094287
0.527807
0.336451
0.601071
0.569441
0.051146
0.187771
0.081258
0.797965
0.900361
0.300977
0.909570
0.118335
0.076071
0.065652
0.255124
0.026252
0.724925
0.909954
0.508675
0.855301
0.807705
0.901511
0.556690
0.649072
0.974691
0.881602
0.945359
0.458508
0.777839
0.637962
0.455285
0.082192
0.760072
0.504645
0.263097
0.132539
0.830670
0.585323
0.874345
0.014533
0.177905
0.311278
0.330880
0.998647
0.962334
0.036250
0.614963
0.987827
0.589994
0.598041
0.253912
0.759704
0.509607
0.688921
0.707922
0.715140
0.911490
0.503100
0.733661
0.918791
0.396514
0.364687
0.733661
0.068838
0.985122
0.689278
0.466771
0.029413
0.163692
0.791987
0.621106
0.991305
0.353772
0.860244
0.030887
0.323705
0.144266
0.897294
0.443960
0.551500
0.345290
0.609525
0.558317
0.999807
0.716949
0.147758
0.249106
0.669057
0.841640
0.918407
0.658508
0.998261
0.120519
0.576034
0.383693
0.475714
0.880837
0.347522
