0.074099
0.726882
0.580315
0.170810
0.560568
0.973259
0.484263
0.370023
0.597585
0.514671
0.894647
0.937628
0.232715
0.412251
0.280936
0.591851
0.782612
0.680582
0.118247
0.537818
0.404285
0.569351
0.535443
0.138252
0.812222
0.265602
0.422856
0.678961
0.491945
0.512508
0.437512
0.462189
0.767559
0.343160
0.185125
0.342760
0.741378
0.881193
0.940056
0.421945
0.737965
0.121003
0.583194
0.566681
0.839388
0.174631
0.800415
0.275473
0.011097
0.292765
0.645616
0.791990
0.923887
0.094968
0.378826
0.476075
0.744040
0.068828
0.145906
0.096177
0.196110
0.183084
0.739541
0.952754
0.923603
0.632315
0.804625
0.464917
0.635118
0.350287
0.216703
0.746100
0.167799
0.958484
0.316105
0.339336
0.367447
0.276085
0.328634
0.693536
0.721633
0.116109
0.784544
0.978270
0.691900
0.050791
0.092646
0.740349
0.352802
0.908981
0.689231
0.605479
0.136010
0.127828
0.895770
0.337357
0.257201
0.700945
0.633871
0.515470
