0.835695
0.462411
0.308038
0.165735
0.094382
0.503998
0.370072
0.718289
0.949807
0.454329
0.581037
0.182630
0.087997
0.711654
0.208985
0.296581
0.430568
0.477916
0.030878
0.949807
0.243920
0.304205
0.233295
0.567409
0.703390
0.497426
0.252707
0.123901
0.785736
0.427132
0.508762
0.466481
0.563876
0.121557
0.312649
0.012284
0.087997
0.329610
0.344144
0.105054
0.954498
0.390584
0.492719
0.898010
0.253630
0.326314
0.161701
0.594817
0.249038
0.214390
0.956888
0.597359
0.772099
0.033376
0.370072
0.232425
0.471940
0.859455
0.754560
0.106805
0.879310
0.691880
0.085948
0.158397
0.978148
0.042529
0.168466
0.849604
0.299677
0.273557
0.495526
0.926826
0.876944
0.767003
0.353289
0.438867
0.989937
0.000175
0.491808
0.728282
0.683702
0.018303
0.741677
0.234736
0.546001
0.979921
0.559904
0.441038
0.510188
0.432325
0.797122
0.501661
0.951577
0.327794
0.632271
0.153857
0.216035
0.036770
0.772099
0.471940
