0.086709
0.412020
0.091197
0.052048
0.399596
0.881581
0.000000
0.364988
0.379473
0.211559
0.977024
0.357269
0.293571
0.325451
0.394805
0.058939
0.245312
0.720453
0.551368
0.531428
0.733868
0.801471
0.856495
0.338713
0.244602
0.668234
0.490043
0.251427
0.796437
0.499391
0.695427
0.000000
0.000000
0.969045
0.000000
0.508102
0.000000
0.232629
0.624746
0.625963
0.240919
0.093100
0.511541
0.857395
0.578299
0.210463
0.154305
0.000000
0.338288
0.348424
0.467788
0.065381
0.159614
0.964409
0.333006
0.687350
0.557619
0.642163
0.497119
0.090651
0.591982
0.891800
0.782250
0.792257
0.869601
0.000000
0.835399
0.943334
0.017814
0.139428
0.964075
0.804193
0.636540
0.157951
0.194928
0.544654
0.000000
0.371026
0.138666
0.836978
0.670783
0.940167
0.000000
0.688337
0.415400
0.345088
0.927999
0.290353
0.172603
0.489690
0.806108
0.078201
0.000000
0.206933
0.000000
0.968680
0.380057
0.348469
0.661931
0.824341
