0.453787
0.078389
0.738127
0.783988
0.646397
0.075175
0.000000
0.800122
0.501459
0.366896
0.986603
0.804623
0.467326
0.598401
0.368720
0.692621
0.935881
0.439887
0.437003
0.636256
0.506906
0.742997
0.617556
0.536444
0.080733
0.566402
0.954563
0.011899
0.602188
0.439586
0.325592
0.000000
0.000000
0.281479
0.000000
0.222518
0.000000
0.995390
0.971653
0.668566
0.372243
0.686486
0.901456
0.353637
0.069382
0.474640
0.217711
0.000000
0.833822
0.422821
0.975431
0.649159
0.003270
0.634538
0.431447
0.383762
0.475785
0.602383
0.650091
0.910382
0.284878
0.981529
0.377004
0.504406
0.118098
0.000000
0.075446
0.150903
0.806550
0.314631
0.835925
0.554434
0.970206
0.956244
0.304508
0.948323
0.000000
0.168020
0.320460
0.027939
0.731086
0.813486
0.000000
0.448359
0.758263
0.654476
0.957337
0.052477
0.694983
0.299957
0.537522
0.848687
0.000000
0.361870
0.000000
0.717108
0.993045
0.273264
0.680657
0.646353
