0.803905
0.767535
0.162069
0.041833
0.805357
0.100637
0.000000
0.436163
0.722285
0.523439
0.836901
0.124063
0.646418
0.354627
0.588963
0.109131
0.113633
0.273197
0.987449
0.425770
0.617511
0.919975
0.985192
0.002606
0.287814
0.170882
0.696538
0.696288
0.846925
0.164632
0.940161
0.000000
0.000000
0.826470
0.000000
0.123680
0.000000
0.115739
0.458598
0.727424
0.370270
0.022245
0.756349
0.560720
0.243952
0.227737
0.300489
0.000000
0.527666
0.324143
0.959402
0.265258
0.611428
0.098309
0.628400
0.857733
0.785343
0.512776
0.837247
0.180808
0.068134
0.562552
0.390841
0.114924
0.367977
0.000000
0.114429
0.553089
0.136382
0.002893
0.810399
0.760675
0.882229
0.008919
0.474623
0.337692
0.000000
0.146035
0.657595
0.901660
0.847484
0.960204
0.000000
0.357170
0.481726
0.716826
0.526837
0.494350
0.450433
0.685789
0.946482
0.506582
0.000000
0.398244
0.000000
0.083931
0.238879
0.229667
0.448407
0.781005
