0.866518
0.246796
0.335527
0.801034
0.492971
0.206255
0.000000
0.690259
0.397960
0.724491
0.433014
0.069149
0.779814
0.085981
0.453340
0.177546
0.840868
0.870722
0.681176
0.683002
0.380920
0.010030
0.974301
0.203374
0.027142
0.818562
0.735582
0.869967
0.292677
0.322192
0.516224
0.000000
0.000000
0.196930
0.000000
0.180509
0.000000
0.660818
0.939080
0.386761
0.817498
0.977709
0.612139
0.072093
0.112657
0.221454
0.029791
0.000000
0.616095
0.592006
0.799379
0.519620
0.095040
0.452410
0.108301
0.271777
0.487091
0.826313
0.676302
0.762710
0.994802
0.705659
0.560991
0.462270
0.267793
0.000000
0.707364
0.628966
0.811905
0.815551
0.310739
0.794139
0.605847
0.623692
0.413605
0.374415
0.000000
0.557945
0.247886
0.283722
0.911676
0.984837
0.000000
0.285487
0.333360
0.895083
0.369408
0.247663
0.982605
0.493731
0.167218
0.043177
0.000000
0.139787
0.000000
0.579305
0.127462
0.627216
0.111129
0.444430
