0.993375
0.410350
0.489225
0.065751
0.852202
0.312468
0.000000
0.014420
0.422753
0.853482
0.795668
0.207639
0.676064
0.558932
0.944760
0.046315
0.535990
0.795632
0.417228
0.305757
0.818379
0.932355
0.766050
0.002219
0.113878
0.074992
0.790513
0.783162
0.466954
0.199246
0.900037
0.000000
0.000000
0.038122
0.000000
0.323611
0.000000
0.440707
0.475656
0.266890
0.464757
0.052786
0.979748
0.026455
0.824072
0.040444
0.821224
0.000000
0.768024
0.117556
0.981015
0.465417
0.257671
0.874045
0.631878
0.950674
0.264570
0.519065
0.396321
0.003736
0.537167
0.179000
0.472556
0.701303
0.754052
0.000000
0.546956
0.828972
0.730792
0.181098
0.931949
0.245961
0.989177
0.013691
0.566736
0.121214
0.000000
0.812328
0.577120
0.876765
0.386763
0.488425
0.000000
0.209344
0.420866
0.677316
0.758660
0.550513
0.107014
0.443667
0.449103
0.863677
0.000000
0.093696
0.000000
0.123417
0.162244
0.780808
0.295172
0.229159
