0.825257
0.143553
0.308376
0.051014
0.719747
0.100043
0.000000
0.535953
0.743118
0.520332
0.585431
0.522689
0.704242
0.003613
0.544843
0.074478
0.958611
0.479687
0.211062
0.118990
0.145255
0.102002
0.814265
0.269255
0.443338
0.578902
0.928437
0.943002
0.980096
0.304998
0.608554
0.000000
0.000000
0.301955
0.000000
0.845779
0.000000
0.100825
0.022690
0.896614
0.285205
0.284369
0.522773
0.206110
0.098771
0.842980
0.557845
0.000000
0.350776
0.655067
0.338171
0.058956
0.228919
0.768647
0.772942
0.934031
0.308399
0.516698
0.357186
0.004966
0.532642
0.762417
0.730610
0.534690
0.075891
0.000000
0.815254
0.751007
0.844247
0.113226
0.519623
0.586550
0.112532
0.469251
0.806014
0.223779
0.000000
0.284873
0.957797
0.210921
0.205661
0.896175
0.000000
0.322919
0.738139
0.031324
0.599473
0.931253
0.272622
0.207370
0.104835
0.167918
0.000000
0.489713
0.000000
0.724433
0.557125
0.077859
0.185843
0.576763
