0.331654
0.057600
0.351349
0.796334
0.406209
0.044664
0.000000
0.750497
0.654636
0.217615
0.825618
0.901552
0.533854
0.470188
0.573412
0.239574
0.972028
0.493435
0.352029
0.448855
0.839465
0.865993
0.573834
0.211559
0.698031
0.068381
0.797734
0.000651
0.913980
0.737511
0.090340
0.000000
0.000000
0.702370
0.000000
0.651488
0.000000
0.468203
0.729538
0.326129
0.908883
0.684044
0.660744
0.150456
0.128560
0.265387
0.115805
0.000000
0.864685
0.790859
0.589066
0.485784
0.001325
0.551286
0.197121
0.369569
0.974691
0.815026
0.987631
0.761572
0.990998
0.613493
0.775903
0.844364
0.041126
0.000000
0.561282
0.341448
0.343754
0.867339
0.306711
0.674249
0.975457
0.710259
0.806429
0.800293
0.000000
0.225067
0.613991
0.172845
0.949168
0.630626
0.000000
0.397309
0.621893
0.131030
0.834893
0.290009
0.541475
0.461852
0.686442
0.359758
0.000000
0.853194
0.000000
0.261563
0.776980
0.209945
0.702432
0.813640
