0.084139
0.896072
0.724364
0.652010
0.987245
0.076227
0.000000
0.667572
0.267242
0.696447
0.268465
0.175086
0.310802
0.427374
0.147832
0.911787
0.466222
0.837051
0.602485
0.593632
0.515628
0.303618
0.818173
0.352796
0.427680
0.699540
0.731972
0.549050
0.523119
0.854234
0.274802
0.000000
0.000000
0.367249
0.000000
0.652697
0.000000
0.293631
0.998567
0.529062
0.811801
0.893188
0.624732
0.612852
0.091859
0.250466
0.078336
0.000000
0.671194
0.858703
0.699313
0.604624
0.288973
0.661597
0.209149
0.251900
0.978039
0.026524
0.929285
0.513033
0.782206
0.604130
0.952769
0.666337
0.103590
0.000000
0.677702
0.922012
0.128137
0.906696
0.824367
0.418685
0.744060
0.524733
0.989874
0.383181
0.000000
0.077451
0.123252
0.215816
0.255100
0.867331
0.000000
0.397276
0.954098
0.581519
0.396040
0.223174
0.995530
0.535009
0.805022
0.836972
0.000000
0.344740
0.000000
0.692356
0.151083
0.541696
0.713659
0.873721
