0.993375
0.803905
0.086709
0.825257
0.866518
0.084139
0.453787
0.331654
0.410350
0.767535
0.412020
0.143553
0.246796
0.896072
0.078389
0.057600
0.489225
0.162069
0.091197
0.308376
0.335527
0.724364
0.738127
0.351349
0.065751
0.041833
0.052048
0.051014
0.801034
0.652010
0.783988
0.796334
0.852202
0.805357
0.399596
0.719747
0.492971
0.987245
0.646397
0.406209
0.312468
0.100637
0.881581
0.100043
0.206255
0.076227
0.075175
0.044664
0.000000
0.000000
0.000000
0.000000
0.000000
0.000000
0.000000
0.000000
0.014420
0.436163
0.364988
0.535953
0.690259
0.667572
0.800122
0.750497
0.422753
0.722285
0.379473
0.743118
0.397960
0.267242
0.501459
0.654636
0.853482
0.523439
0.211559
0.520332
0.724491
0.696447
0.366896
0.217615
0.795668
0.836901
0.977024
0.585431
0.433014
0.268465
0.986603
0.825618
0.207639
0.124063
0.357269
0.522689
0.069149
0.175086
0.804623
0.901552
0.676064
0.646418
0.293571
0.704242
0.779814
0.310802
0.467326
0.533854
0.558932
0.354627
0.325451
0.003613
0.085981
0.427374
0.598401
0.470188
0.944760
0.588963
0.394805
0.544843
0.453340
0.147832
0.368720
0.573412
0.046315
0.109131
0.058939
0.074478
0.177546
0.911787
0.692621
0.239574
0.535990
0.113633
0.245312
0.958611
0.840868
0.466222
0.935881
0.972028
0.795632
0.273197
0.720453
0.479687
0.870722
0.837051
0.439887
0.493435
0.417228
0.987449
0.551368
0.211062
0.681176
0.602485
0.437003
0.352029
0.305757
0.425770
0.531428
0.118990
0.683002
0.593632
0.636256
0.448855
0.818379
0.617511
0.733868
0.145255
0.380920
0.515628
0.506906
0.839465
0.932355
0.919975
0.801471
0.102002
0.010030
0.303618
0.742997
0.865993
0.766050
0.985192
0.856495
0.814265
0.974301
0.818173
0.617556
0.573834
0.002219
0.002606
0.338713
0.269255
0.203374
0.352796
0.536444
0.211559
0.113878
0.287814
0.244602
0.443338
0.027142
0.427680
0.080733
0.698031
0.074992
0.170882
0.668234
0.578902
0.818562
0.699540
0.566402
0.068381
0.790513
0.696538
0.490043
0.928437
0.735582
0.731972
0.954563
0.797734
0.783162
0.696288
0.251427
0.943002
0.869967
0.549050
0.011899
0.000651
0.466954
0.846925
0.796437
0.980096
0.292677
0.523119
0.602188
0.913980
0.199246
0.164632
0.499391
0.304998
0.322192
0.854234
0.439586
0.737511
0.900037
0.940161
0.695427
0.608554
0.516224
0.274802
0.325592
0.090340
0.000000
0.000000
0.000000
0.000000
0.000000
0.000000
0.000000
0.000000
0.000000
0.000000
0.000000
0.000000
0.000000
0.000000
0.000000
0.000000
0.038122
0.826470
0.969045
0.301955
0.196930
0.367249
0.281479
0.702370
0.000000
0.000000
0.000000
0.000000
0.000000
0.000000
0.000000
0.000000
0.323611
0.123680
0.508102
0.845779
0.180509
0.652697
0.222518
0.651488
0.000000
0.000000
0.000000
0.000000
0.000000
0.000000
0.000000
0.000000
0.440707
0.115739
0.232629
0.100825
0.660818
0.293631
0.995390
0.468203
0.475656
0.458598
0.624746
0.022690
0.939080
0.998567
0.971653
0.729538
0.266890
0.727424
0.625963
0.896614
0.386761
0.529062
0.668566
0.326129
0.464757
0.370270
0.240919
0.285205
0.817498
0.811801
0.372243
0.908883
0.052786
0.022245
0.093100
0.284369
0.977709
0.893188
0.686486
0.684044
0.979748
0.756349
0.511541
0.522773
0.612139
0.624732
0.901456
0.660744
0.026455
0.560720
0.857395
0.206110
0.072093
0.612852
0.353637
0.150456
0.824072
0.243952
0.578299
0.098771
0.112657
0.091859
0.069382
0.128560
0.040444
0.227737
0.210463
0.842980
0.221454
0.250466
0.474640
0.265387
0.821224
0.300489
0.154305
0.557845
0.029791
0.078336
0.217711
0.115805
0.000000
0.000000
0.000000
0.000000
0.000000
0.000000
0.000000
0.000000
0.768024
0.527666
0.338288
0.350776
0.616095
0.671194
0.833822
0.864685
0.117556
0.324143
0.348424
0.655067
0.592006
0.858703
0.422821
0.790859
0.981015
0.959402
0.467788
0.338171
0.799379
0.699313
0.975431
0.589066
0.465417
0.265258
0.065381
0.058956
0.519620
0.604624
0.649159
0.485784
0.257671
0.611428
0.159614
0.228919
0.095040
0.288973
0.003270
0.001325
0.874045
0.098309
0.964409
0.768647
0.452410
0.661597
0.634538
0.551286
0.631878
0.628400
0.333006
0.772942
0.108301
0.209149
0.431447
0.197121
0.950674
0.857733
0.687350
0.934031
0.271777
0.251900
0.383762
0.369569
0.264570
0.785343
0.557619
0.308399
0.487091
0.978039
0.475785
0.974691
0.519065
0.512776
0.642163
0.516698
0.826313
0.026524
0.602383
0.815026
0.396321
0.837247
0.497119
0.357186
0.676302
0.929285
0.650091
0.987631
0.003736
0.180808
0.090651
0.004966
0.762710
0.513033
0.910382
0.761572
0.537167
0.068134
0.591982
0.532642
0.994802
0.782206
0.284878
0.990998
0.179000
0.562552
0.891800
0.762417
0.705659
0.604130
0.981529
0.613493
0.472556
0.390841
0.782250
0.730610
0.560991
0.952769
0.377004
0.775903
0.701303
0.114924
0.792257
0.534690
0.462270
0.666337
0.504406
0.844364
0.754052
0.367977
0.869601
0.075891
0.267793
0.103590
0.118098
0.041126
0.000000
0.000000
0.000000
0.000000
0.000000
0.000000
0.000000
0.000000
0.546956
0.114429
0.835399
0.815254
0.707364
0.677702
0.075446
0.561282
0.828972
0.553089
0.943334
0.751007
0.628966
0.922012
0.150903
0.341448
0.730792
0.136382
0.017814
0.844247
0.811905
0.128137
0.806550
0.343754
0.181098
0.002893
0.139428
0.113226
0.815551
0.906696
0.314631
0.867339
0.931949
0.810399
0.964075
0.519623
0.310739
0.824367
0.835925
0.306711
0.245961
0.760675
0.804193
0.586550
0.794139
0.418685
0.554434
0.674249
0.989177
0.882229
0.636540
0.112532
0.605847
0.744060
0.970206
0.975457
0.013691
0.008919
0.157951
0.469251
0.623692
0.524733
0.956244
0.710259
0.566736
0.474623
0.194928
0.806014
0.413605
0.989874
0.304508
0.806429
0.121214
0.337692
0.544654
0.223779
0.374415
0.383181
0.948323
0.800293
0.000000
0.000000
0.000000
0.000000
0.000000
0.000000
0.000000
0.000000
0.812328
0.146035
0.371026
0.284873
0.557945
0.077451
0.168020
0.225067
0.577120
0.657595
0.138666
0.957797
0.247886
0.123252
0.320460
0.613991
0.876765
0.901660
0.836978
0.210921
0.283722
0.215816
0.027939
0.172845
0.386763
0.847484
0.670783
0.205661
0.911676
0.255100
0.731086
0.949168
0.488425
0.960204
0.940167
0.896175
0.984837
0.867331
0.813486
0.630626
0.000000
0.000000
0.000000
0.000000
0.000000
0.000000
0.000000
0.000000
0.209344
0.357170
0.688337
0.322919
0.285487
0.397276
0.448359
0.397309
0.420866
0.481726
0.415400
0.738139
0.333360
0.954098
0.758263
0.621893
0.677316
0.716826
0.345088
0.031324
0.895083
0.581519
0.654476
0.131030
0.758660
0.526837
0.927999
0.599473
0.369408
0.396040
0.957337
0.834893
0.550513
0.494350
0.290353
0.931253
0.247663
0.223174
0.052477
0.290009
0.107014
0.450433
0.172603
0.272622
0.982605
0.995530
0.694983
0.541475
0.443667
0.685789
0.489690
0.207370
0.493731
0.535009
0.299957
0.461852
0.449103
0.946482
0.806108
0.104835
0.167218
0.805022
0.537522
0.686442
0.863677
0.506582
0.078201
0.167918
0.043177
0.836972
0.848687
0.359758
0.000000
0.000000
0.000000
0.000000
0.000000
0.000000
0.000000
0.000000
0.093696
0.398244
0.206933
0.489713
0.139787
0.344740
0.361870
0.853194
0.000000
0.000000
0.000000
0.000000
0.000000
0.000000
0.000000
0.000000
0.123417
0.083931
0.968680
0.724433
0.579305
0.692356
0.717108
0.261563
0.162244
0.238879
0.380057
0.557125
0.127462
0.151083
0.993045
0.776980
0.780808
0.229667
0.348469
0.077859
0.627216
0.541696
0.273264
0.209945
0.295172
0.448407
0.661931
0.185843
0.111129
0.713659
0.680657
0.702432
0.229159
0.781005
0.824341
0.576763
0.444430
0.873721
0.646353
0.813640
