0.622814
0.378015
0.873442
0.712730
0.333317
0.745038
0.461058
0.949188
0.165735
0.706691
0.480193
0.840297
0.979300
0.110229
0.264271
0.216861
0.395509
0.334429
0.541577
0.084737
0.770399
0.898626
0.518287
0.254880
0.457014
0.323038
0.556916
0.844382
0.601994
0.372450
0.367290
0.237681
0.337386
0.141039
0.816655
0.392611
0.620694
0.158397
0.750089
0.371260
0.662614
0.313342
0.220481
0.920912
0.754560
0.043294
0.711654
0.243022
0.741089
0.055881
0.683131
0.433172
0.684763
0.185566
0.018413
0.567409
0.478812
0.570424
0.672315
0.638610
0.907426
0.835088
0.899769
0.628560
0.640199
0.325602
0.680441
0.822962
0.366110
0.284412
0.593278
0.090932
0.421975
0.347556
0.231253
0.792580
0.473310
0.069993
0.707766
0.309464
0.264271
0.215500
0.347955
0.086355
0.696805
0.246311
0.615995
0.691880
0.774906
0.475163
0.310524
0.151941
0.240920
0.420243
0.047272
0.448121
0.464240
0.235920
0.657784
0.207098
