0.601237
0.233985
0.668927
0.062508
0.627669
0.800024
0.869655
0.907998
0.194131
0.658720
0.672268
0.482223
0.617271
0.774012
0.827017
0.595469
0.300388
0.219840
0.408299
0.592058
0.443487
0.127066
0.597662
0.908545
0.054310
0.612173
0.594496
0.115344
0.770159
0.134134
0.100918
0.952605
0.386323
0.711027
0.386885
0.431985
0.458890
0.095354
0.100983
0.072268
0.611760
0.588818
0.219628
0.529650
0.270238
0.316688
0.846672
0.879382
0.188326
0.035071
0.880194
0.134685
0.275036
0.128130
0.976779
0.087415
0.278505
0.183801
0.460186
0.247884
0.954789
0.421142
0.905463
0.669744
0.168738
0.182492
0.283089
0.335031
0.440105
0.249028
0.445300
0.409467
0.685172
0.613340
0.383037
0.462832
0.591676
0.578750
0.377545
0.954056
0.709491
0.126946
0.946283
0.739106
0.246384
0.485981
0.604553
0.391496
0.219570
0.224070
0.399100
0.471543
0.899859
0.335168
0.609471
0.256503
0.235236
0.719039
0.592760
0.593686
