0.429223
0.281448
0.093402
0.653216
0.400865
0.296565
0.195831
0.254295
0.164158
0.431320
0.079739
0.976576
0.904138
0.626329
0.776205
0.422239
0.887390
0.240552
0.419727
0.706448
0.250161
0.429223
0.701297
0.358976
0.400865
0.169763
0.566373
0.942914
0.164158
0.658931
0.961971
0.307679
0.904138
0.416608
0.928567
0.422239
0.760579
0.706448
0.378020
0.358976
0.175680
0.053333
0.598082
0.566373
0.585216
0.961971
0.655968
0.006844
0.928567
0.843197
0.170042
0.378020
0.259284
0.742935
0.439193
0.053333
0.964379
0.390121
0.655968
0.249093
0.545993
0.843197
0.857322
0.742935
0.590935
0.243726
0.390121
0.413413
0.608788
0.545993
0.931051
0.590935
0.022148
0.413413
0.297293
0.018333
0.575308
0.022148
0.627405
0.780086
0.018333
0.791138
0.586407
0.780086
0.956443
0.586407
0.857577
0.260313
0.857577
0.359916
0.665395
0.359916
0.983120
0.983120
0.104982
0.974223
0.974223
0.681055
0.609528
0.609528
0.819575
0.248150
0.248150
0.806877
0.806877
0.805842
0.805842
0.909882
0.909882
0.014431
0.014431
0.085857
0.085857
0.781554
0.781554
0.649646
0.649646
0.134487
0.134487
0.294772
0.294772
0.591210
0.591210
0.984319
0.984319
0.331477
0.331477
0.284215
0.284215
0.224572
0.224572
0.868973
0.868973
0.983459
0.983459
0.637309
0.637309
0.893141
0.893141
0.921951
0.921951
0.972644
0.972644
0.362189
0.362189
0.913931
0.913931
0.481274
0.481274
0.656629
0.656629
0.179950
0.179950
0.176207
0.176207
0.281448
0.281448
0.296565
0.296565
0.254295
0.254295
0.079739
0.079739
0.626329
0.626329
0.887390
0.887390
0.419727
0.419727
0.701297
0.701297
0.169763
0.169763
0.942914
0.942914
0.658931
0.658931
0.307679
0.307679
0.416608
0.416608
0.760579
0.760579
0.175680
0.175680
0.598082
0.598082
0.585216
0.585216
0.006844
0.006844
0.170042
0.170042
0.259284
0.259284
0.439193
0.439193
0.964379
0.964379
0.249093
0.249093
0.857322
0.857322
0.243726
0.243726
0.608788
0.608788
0.931051
0.931051
0.297293
0.297293
0.575308
0.575308
0.627405
0.627405
0.791138
0.791138
0.956443
0.956443
0.260313
0.260313
0.665395
0.665395
0.104982
0.104982
0.681055
0.681055
0.819575
0.819575
