0.496707
0.904241
0.773772
0.529648
0.968048
0.668315
0.660175
0.903605
0.139924
0.899245
0.260156
0.045186
0.195246
0.229602
0.195859
0.981065
0.974552
0.485801
0.012569
0.114724
0.752090
0.496707
0.214227
0.302443
0.577659
0.668315
0.229870
0.195376
0.139924
0.841598
0.102039
0.193398
0.195246
0.943092
0.974552
0.351986
0.752090
0.876942
0.806822
0.302443
0.605330
0.633595
0.195376
0.783031
0.881835
0.102039
0.465203
0.742752
0.351986
0.043753
0.144081
0.806822
0.066351
0.867647
0.310095
0.783031
0.109219
0.570469
0.465203
0.400361
0.144081
0.042542
0.589600
0.867647
0.650708
0.212260
0.570469
0.520616
0.650971
0.042542
0.782327
0.650708
0.900403
0.003400
0.650971
0.469155
0.917319
0.900403
0.377332
0.060426
0.917319
0.422046
0.055143
0.060426
0.061027
0.055143
0.821545
0.366385
0.821545
0.456335
0.144316
0.456335
0.690014
0.690014
0.620255
0.023277
0.023277
0.614428
0.296570
0.296570
0.043672
0.694753
0.694753
0.841788
0.841788
0.447171
0.447171
0.574578
0.574578
0.044933
0.044933
0.751483
0.751483
0.090678
0.090678
0.133894
0.133894
0.842390
0.842390
0.045023
0.045023
0.372578
0.372578
0.583837
0.583837
0.555130
0.555130
0.162089
0.162089
0.854088
0.854088
0.484225
0.484225
0.979945
0.979945
0.856621
0.856621
0.370829
0.370829
0.604848
0.604848
0.906028
0.906028
0.966244
0.966244
0.625778
0.625778
0.791922
0.791922
0.116998
0.116998
0.513939
0.513939
0.626262
0.626262
0.904241
0.904241
0.968048
0.968048
0.903605
0.903605
0.260156
0.260156
0.229602
0.229602
0.981065
0.981065
0.012569
0.012569
0.214227
0.214227
0.577659
0.577659
0.229870
0.229870
0.841598
0.841598
0.193398
0.193398
0.943092
0.943092
0.876942
0.876942
0.605330
0.605330
0.633595
0.633595
0.881835
0.881835
0.742752
0.742752
0.043753
0.043753
0.066351
0.066351
0.310095
0.310095
0.109219
0.109219
0.400361
0.400361
0.589600
0.589600
0.212260
0.212260
0.520616
0.520616
0.782327
0.782327
0.003400
0.003400
0.469155
0.469155
0.377332
0.377332
0.422046
0.422046
0.061027
0.061027
0.366385
0.366385
0.144316
0.144316
0.620255
0.620255
0.614428
0.614428
0.043672
0.043672
