0.976507
0.324868
0.405366
0.394970
0.447971
0.690874
0.881723
0.381297
0.340642
0.539683
0.893316
0.755904
0.534140
0.688026
0.923847
0.627909
0.969481
0.962803
0.638594
0.227574
0.658674
0.976507
0.977134
0.810832
0.809010
0.690874
0.866047
0.070693
0.340642
0.645747
0.658160
0.448705
0.534140
0.049335
0.969481
0.062040
0.658674
0.555470
0.729832
0.810832
0.418026
0.421755
0.258269
0.070693
0.747806
0.658160
0.989375
0.350014
0.062040
0.608321
0.629354
0.729832
0.762569
0.309475
0.576887
0.258269
0.705647
0.343221
0.989375
0.477756
0.629354
0.475062
0.682296
0.309475
0.618767
0.655555
0.343221
0.929747
0.560864
0.475062
0.399481
0.618767
0.252668
0.181713
0.560864
0.273535
0.539472
0.252668
0.532134
0.413053
0.539472
0.666338
0.907729
0.413053
0.093348
0.907729
0.253389
0.825520
0.253389
0.602400
0.602400
0.936964
0.335576
0.335576
0.890292
0.845544
0.845544
0.243074
0.337654
0.337654
0.915798
0.976963
0.976963
0.669127
0.669127
0.308111
0.308111
0.142172
0.142172
0.599405
0.599405
0.925415
0.925415
0.935823
0.935823
0.160123
0.160123
0.730603
0.730603
0.999123
0.999123
0.561230
0.561230
0.426290
0.426290
0.104474
0.104474
0.921443
0.921443
0.347508
0.347508
0.547936
0.547936
0.653783
0.653783
0.984786
0.984786
0.817453
0.817453
0.212959
0.212959
0.219382
0.219382
0.937374
0.937374
0.613979
0.613979
0.505769
0.505769
0.031712
0.031712
0.255991
0.255991
0.854139
0.854139
0.324868
0.324868
0.447971
0.447971
0.381297
0.381297
0.893316
0.893316
0.688026
0.688026
0.627909
0.627909
0.638594
0.638594
0.977134
0.977134
0.809010
0.809010
0.866047
0.866047
0.645747
0.645747
0.448705
0.448705
0.049335
0.049335
0.555470
0.555470
0.418026
0.418026
0.421755
0.421755
0.747806
0.747806
0.350014
0.350014
0.608321
0.608321
0.762569
0.762569
0.576887
0.576887
0.705647
0.705647
0.477756
0.477756
0.682296
0.682296
0.655555
0.655555
0.929747
0.929747
0.399481
0.399481
0.181713
0.181713
0.273535
0.273535
0.532134
0.532134
0.666338
0.666338
0.093348
0.093348
0.825520
0.825520
0.936964
0.936964
0.890292
0.890292
0.243074
0.243074
0.915798
0.915798
