0.912985
0.532232
0.112911
0.072453
0.118787
0.343296
0.825592
0.039018
0.222691
0.130089
0.124741
0.055934
0.836902
0.363152
0.192849
0.663836
0.009612
0.523152
0.394390
0.832439
0.829146
0.912985
0.390579
0.086257
0.455463
0.343296
0.022688
0.483496
0.222691
0.556413
0.887091
0.516916
0.836902
0.806542
0.009612
0.092114
0.829146
0.701793
0.574735
0.086257
0.792529
0.784821
0.111512
0.483496
0.158729
0.887091
0.026972
0.088011
0.092114
0.035641
0.045232
0.574735
0.672514
0.604071
0.505054
0.111512
0.853271
0.194909
0.026972
0.143991
0.045232
0.609354
0.865906
0.604071
0.734020
0.330148
0.194909
0.583101
0.078449
0.609354
0.222419
0.734020
0.520113
0.263987
0.078449
0.890708
0.324046
0.520113
0.234175
0.800633
0.324046
0.121795
0.551040
0.800633
0.109403
0.551040
0.128901
0.028555
0.128901
0.918458
0.918458
0.510984
0.559130
0.559130
0.168284
0.291410
0.291410
0.021226
0.677172
0.677172
0.984265
0.341238
0.341238
0.991854
0.991854
0.165485
0.165485
0.439351
0.439351
0.673292
0.673292
0.561396
0.561396
0.887665
0.887665
0.473480
0.473480
0.761408
0.761408
0.035952
0.035952
0.038667
0.038667
0.505125
0.505125
0.932734
0.932734
0.640695
0.640695
0.831519
0.831519
0.984907
0.984907
0.943062
0.943062
0.821156
0.821156
0.240808
0.240808
0.883360
0.883360
0.994173
0.994173
0.326540
0.326540
0.842375
0.842375
0.601640
0.601640
0.508510
0.508510
0.316682
0.316682
0.398039
0.398039
0.532232
0.532232
0.118787
0.118787
0.039018
0.039018
0.124741
0.124741
0.363152
0.363152
0.663836
0.663836
0.394390
0.394390
0.390579
0.390579
0.455463
0.455463
0.022688
0.022688
0.556413
0.556413
0.516916
0.516916
0.806542
0.806542
0.701793
0.701793
0.792529
0.792529
0.784821
0.784821
0.158729
0.158729
0.088011
0.088011
0.035641
0.035641
0.672514
0.672514
0.505054
0.505054
0.853271
0.853271
0.143991
0.143991
0.865906
0.865906
0.330148
0.330148
0.583101
0.583101
0.222419
0.222419
0.263987
0.263987
0.890708
0.890708
0.234175
0.234175
0.121795
0.121795
0.109403
0.109403
0.028555
0.028555
0.510984
0.510984
0.168284
0.168284
0.021226
0.021226
0.984265
0.984265
