0.987977
0.887453
0.191250
0.226829
0.935155
0.677654
0.369633
0.256164
0.652789
0.979581
0.595869
0.924827
0.769784
0.494434
0.583814
0.910982
0.088401
0.914624
0.856672
0.068178
0.906398
0.987977
0.106604
0.448743
0.963612
0.677654
0.809173
0.053298
0.652789
0.926545
0.309598
0.232601
0.769784
0.245217
0.088401
0.795906
0.906398
0.711744
0.283090
0.448743
0.023601
0.904877
0.171121
0.053298
0.668588
0.309598
0.483156
0.221801
0.795906
0.429381
0.013953
0.283090
0.844683
0.560552
0.264897
0.171121
0.218337
0.359698
0.483156
0.733923
0.013953
0.366335
0.188303
0.560552
0.935249
0.823263
0.359698
0.816624
0.963811
0.366335
0.204516
0.935249
0.855798
0.701352
0.963811
0.499520
0.073095
0.855798
0.185881
0.021929
0.073095
0.924239
0.059936
0.021929
0.763492
0.059936
0.360546
0.152716
0.360546
0.312665
0.312665
0.617689
0.624676
0.624676
0.452052
0.503897
0.503897
0.328326
0.957438
0.957438
0.590919
0.529026
0.529026
0.135757
0.135757
0.288115
0.288115
0.752267
0.752267
0.545639
0.545639
0.945617
0.945617
0.908063
0.908063
0.747907
0.747907
0.727296
0.727296
0.048879
0.048879
0.974792
0.974792
0.942177
0.942177
0.725360
0.725360
0.947960
0.947960
0.375374
0.375374
0.404445
0.404445
0.424165
0.424165
0.129833
0.129833
0.144109
0.144109
0.311580
0.311580
0.362146
0.362146
0.023751
0.023751
0.210860
0.210860
0.576503
0.576503
0.681644
0.681644
0.496623
0.496623
0.678022
0.678022
0.887453
0.887453
0.935155
0.935155
0.256164
0.256164
0.595869
0.595869
0.494434
0.494434
0.910982
0.910982
0.856672
0.856672
0.106604
0.106604
0.963612
0.963612
0.809173
0.809173
0.926545
0.926545
0.232601
0.232601
0.245217
0.245217
0.711744
0.711744
0.023601
0.023601
0.904877
0.904877
0.668588
0.668588
0.221801
0.221801
0.429381
0.429381
0.844683
0.844683
0.264897
0.264897
0.218337
0.218337
0.733923
0.733923
0.188303
0.188303
0.823263
0.823263
0.816624
0.816624
0.204516
0.204516
0.701352
0.701352
0.499520
0.499520
0.185881
0.185881
0.924239
0.924239
0.763492
0.763492
0.152716
0.152716
0.617689
0.617689
0.452052
0.452052
0.328326
0.328326
0.590919
0.590919
