0.477974
0.835878
0.727271
0.401170
0.803783
0.263171
0.411727
0.850016
0.786516
0.874231
0.115428
0.351258
0.314047
0.880248
0.820108
0.510171
0.125457
0.672922
0.263218
0.434757
0.184893
0.477974
0.207304
0.505309
0.882245
0.263171
0.043306
0.063467
0.786516
0.367103
0.097059
0.854409
0.314047
0.997588
0.125457
0.500407
0.184893
0.972653
0.262667
0.505309
0.751205
0.297428
0.941158
0.063467
0.782269
0.097059
0.922072
0.663689
0.500407
0.084220
0.028065
0.262667
0.637584
0.063505
0.516832
0.941158
0.845470
0.555440
0.922072
0.488930
0.028065
0.382638
0.831364
0.063505
0.090580
0.466412
0.555440
0.811059
0.948030
0.382638
0.621571
0.090580
0.359858
0.627907
0.948030
0.324627
0.260457
0.359858
0.833085
0.953829
0.260457
0.365415
0.465413
0.953829
0.615128
0.465413
0.890032
0.907480
0.890032
0.269515
0.269515
0.832291
0.474598
0.474598
0.354026
0.771057
0.771057
0.057697
0.762102
0.762102
0.329751
0.710819
0.710819
0.710064
0.710064
0.351873
0.351873
0.974544
0.974544
0.464959
0.464959
0.264605
0.264605
0.091473
0.091473
0.429241
0.429241
0.117796
0.117796
0.110851
0.110851
0.180114
0.180114
0.050744
0.050744
0.613783
0.613783
0.071841
0.071841
0.653648
0.653648
0.750213
0.750213
0.361562
0.361562
0.219911
0.219911
0.277321
0.277321
0.719794
0.719794
0.868069
0.868069
0.505298
0.505298
0.416730
0.416730
0.605855
0.605855
0.396545
0.396545
0.888304
0.888304
0.801982
0.801982
0.835878
0.835878
0.803783
0.803783
0.850016
0.850016
0.115428
0.115428
0.880248
0.880248
0.510171
0.510171
0.263218
0.263218
0.207304
0.207304
0.882245
0.882245
0.043306
0.043306
0.367103
0.367103
0.854409
0.854409
0.997588
0.997588
0.972653
0.972653
0.751205
0.751205
0.297428
0.297428
0.782269
0.782269
0.663689
0.663689
0.084220
0.084220
0.637584
0.637584
0.516832
0.516832
0.845470
0.845470
0.488930
0.488930
0.831364
0.831364
0.466412
0.466412
0.811059
0.811059
0.621571
0.621571
0.627907
0.627907
0.324627
0.324627
0.833085
0.833085
0.365415
0.365415
0.615128
0.615128
0.907480
0.907480
0.832291
0.832291
0.354026
0.354026
0.057697
0.057697
0.329751
0.329751
