0.968030
0.112732
0.808266
0.565524
0.152079
0.745283
0.234279
0.209222
0.603221
0.023037
0.285790
0.940816
0.597841
0.361666
0.828275
0.602172
0.278462
0.062410
0.089014
0.895413
0.613042
0.469887
0.112732
0.808266
0.355638
0.498597
0.234279
0.509363
0.059681
0.404126
0.285790
0.880794
0.538894
0.562707
0.361666
0.011451
0.620741
0.062410
0.559419
0.469887
0.941273
0.498597
0.583711
0.424678
0.953593
0.059681
0.732703
0.538894
0.510902
0.019374
0.620741
0.642041
0.191983
0.941273
0.034447
0.447065
0.913479
0.424678
0.325549
0.280982
0.510902
0.535954
0.263519
0.642041
0.041505
0.447065
0.123444
0.335582
0.280982
0.084725
0.598866
0.263519
0.825723
0.123444
0.713460
0.698037
0.084725
0.102885
0.311846
0.713460
0.318025
0.105564
0.102885
0.574764
0.745592
0.105564
0.165585
0.745592
0.413247
0.332051
0.413247
0.594131
0.329307
0.594131
0.110729
0.110729
0.002728
0.947401
0.947401
0.096196
0.578732
0.578732
0.257137
0.291217
0.291217
0.241531
0.241531
0.604342
0.604342
0.743210
0.743210
0.381315
0.381315
0.330120
0.330120
0.539139
0.539139
0.656905
0.656905
0.718630
0.718630
0.863986
0.863986
0.159143
0.159143
0.067361
0.067361
0.917056
0.917056
0.296261
0.296261
0.527001
0.527001
0.511879
0.511879
0.967710
0.967710
0.880249
0.880249
0.472590
0.472590
0.370158
0.370158
0.269565
0.269565
0.276849
0.276849
0.360015
0.360015
0.395107
0.395107
0.989943
0.989943
0.378446
0.378446
0.968030
0.968030
0.152079
0.152079
0.209222
0.209222
0.023037
0.023037
0.597841
0.597841
0.602172
0.602172
0.089014
0.089014
0.613042
0.613042
0.355638
0.355638
0.509363
0.509363
0.404126
0.404126
0.880794
0.880794
0.562707
0.562707
0.011451
0.011451
0.559419
0.559419
0.583711
0.583711
0.953593
0.953593
0.732703
0.732703
0.019374
0.019374
0.191983
0.191983
0.034447
0.034447
0.913479
0.913479
0.325549
0.325549
0.535954
0.535954
0.041505
0.041505
0.335582
0.335582
0.598866
0.598866
0.825723
0.825723
0.698037
0.698037
0.311846
0.311846
0.318025
0.318025
0.574764
0.574764
0.165585
0.165585
0.332051
0.332051
0.329307
0.329307
0.002728
0.002728
0.096196
0.096196
0.257137
0.257137
