0.839615
0.057121
0.823442
0.238553
0.009818
0.375257
0.649949
0.968472
0.099706
0.359730
0.365562
0.398131
0.777758
0.549678
0.434733
0.859367
0.436591
0.377647
0.411555
0.625935
0.393730
0.839615
0.222857
0.264160
0.805369
0.375257
0.238979
0.101579
0.099706
0.711062
0.166167
0.533953
0.777758
0.620132
0.436591
0.658080
0.393730
0.313452
0.505667
0.264160
0.879670
0.909735
0.502090
0.101579
0.908140
0.166167
0.724685
0.264511
0.658080
0.678143
0.397455
0.505667
0.373022
0.353481
0.076403
0.502090
0.365895
0.339171
0.724685
0.330364
0.397455
0.485266
0.502166
0.353481
0.611851
0.277256
0.339171
0.705711
0.897819
0.485266
0.843830
0.611851
0.080729
0.064335
0.897819
0.250199
0.999903
0.080729
0.558863
0.410539
0.999903
0.254856
0.083743
0.410539
0.576703
0.083743
0.837695
0.906252
0.837695
0.293780
0.293780
0.093444
0.366308
0.366308
0.395818
0.307837
0.307837
0.134425
0.762838
0.762838
0.787980
0.009742
0.009742
0.382077
0.382077
0.164866
0.164866
0.533666
0.533666
0.532596
0.532596
0.453479
0.453479
0.954140
0.954140
0.385722
0.385722
0.507508
0.507508
0.012045
0.012045
0.790237
0.790237
0.179581
0.179581
0.023679
0.023679
0.485939
0.485939
0.775664
0.775664
0.288679
0.288679
0.585994
0.585994
0.118330
0.118330
0.977177
0.977177
0.829987
0.829987
0.923218
0.923218
0.903600
0.903600
0.492120
0.492120
0.768295
0.768295
0.154176
0.154176
0.366432
0.366432
0.709655
0.709655
0.057121
0.057121
0.009818
0.009818
0.968472
0.968472
0.365562
0.365562
0.549678
0.549678
0.859367
0.859367
0.411555
0.411555
0.222857
0.222857
0.805369
0.805369
0.238979
0.238979
0.711062
0.711062
0.533953
0.533953
0.620132
0.620132
0.313452
0.313452
0.879670
0.879670
0.909735
0.909735
0.908140
0.908140
0.264511
0.264511
0.678143
0.678143
0.373022
0.373022
0.076403
0.076403
0.365895
0.365895
0.330364
0.330364
0.502166
0.502166
0.277256
0.277256
0.705711
0.705711
0.843830
0.843830
0.064335
0.064335
0.250199
0.250199
0.558863
0.558863
0.254856
0.254856
0.576703
0.576703
0.906252
0.906252
0.093444
0.093444
0.395818
0.395818
0.134425
0.134425
0.787980
0.787980
