0.386814
0.151357
0.624791
0.132785
0.909130
0.307195
0.240936
0.023328
0.713704
0.904643
0.559293
0.689608
0.343568
0.330300
0.974357
0.526236
0.592589
0.394966
0.285156
0.311742
0.511774
0.386814
0.138754
0.420974
0.695505
0.307195
0.619033
0.813957
0.713704
0.966470
0.342081
0.974207
0.343568
0.045186
0.592589
0.360287
0.511774
0.261440
0.798590
0.420974
0.273331
0.715359
0.813957
0.347319
0.363011
0.342081
0.223129
0.030896
0.360287
0.682083
0.369291
0.798590
0.016914
0.379313
0.094603
0.347319
0.410441
0.573986
0.223129
0.638329
0.369291
0.046348
0.708790
0.379313
0.852762
0.848836
0.573986
0.198209
0.201426
0.046348
0.594786
0.852762
0.752052
0.523398
0.201426
0.514361
0.375397
0.752052
0.686385
0.395932
0.375397
0.226962
0.277570
0.395932
0.617435
0.277570
0.789977
0.950678
0.789977
0.133846
0.045569
0.133846
0.289268
0.289268
0.689978
0.573466
0.573466
0.132471
0.513022
0.513022
0.056333
0.399148
0.399148
0.430475
0.430475
0.123415
0.123415
0.486136
0.486136
0.724431
0.724431
0.534952
0.534952
0.843562
0.843562
0.935705
0.935705
0.299699
0.299699
0.514737
0.514737
0.083211
0.083211
0.664596
0.664596
0.249404
0.249404
0.351265
0.351265
0.962899
0.962899
0.708219
0.708219
0.634730
0.634730
0.812424
0.812424
0.144447
0.144447
0.025577
0.025577
0.937025
0.937025
0.020146
0.020146
0.269268
0.269268
0.866378
0.866378
0.871162
0.871162
0.432227
0.432227
0.364779
0.364779
0.151357
0.151357
0.909130
0.909130
0.023328
0.023328
0.559293
0.559293
0.330300
0.330300
0.526236
0.526236
0.285156
0.285156
0.138754
0.138754
0.695505
0.695505
0.619033
0.619033
0.966470
0.966470
0.974207
0.974207
0.045186
0.045186
0.261440
0.261440
0.273331
0.273331
0.715359
0.715359
0.363011
0.363011
0.030896
0.030896
0.682083
0.682083
0.016914
0.016914
0.094603
0.094603
0.410441
0.410441
0.638329
0.638329
0.708790
0.708790
0.848836
0.848836
0.198209
0.198209
0.594786
0.594786
0.523398
0.523398
0.514361
0.514361
0.686385
0.686385
0.226962
0.226962
0.617435
0.617435
0.950678
0.950678
0.045569
0.045569
0.689978
0.689978
0.132471
0.132471
0.056333
0.056333
