0.910646
0.029920
0.425319
0.183802
0.687723
0.332220
0.419269
0.728713
0.982659
0.117052
0.526868
0.378439
0.141616
0.974175
0.379926
0.649150
0.144657
0.133460
0.620832
0.858503
0.777257
0.910646
0.233972
0.117775
0.636532
0.332220
0.214520
0.242329
0.982659
0.242287
0.367833
0.916329
0.141616
0.552077
0.144657
0.560542
0.777257
0.046136
0.477035
0.117775
0.398526
0.261789
0.242329
0.805952
0.269888
0.367833
0.559392
0.184898
0.560542
0.363839
0.628863
0.477035
0.323570
0.245708
0.319903
0.805952
0.721691
0.383846
0.559392
0.875544
0.628863
0.347134
0.365249
0.245708
0.488281
0.035455
0.383846
0.185446
0.553705
0.347134
0.268071
0.488281
0.858495
0.483990
0.553705
0.983720
0.299289
0.858495
0.476011
0.393418
0.299289
0.990495
0.002514
0.393418
0.721048
0.002514
0.602907
0.202606
0.602907
0.752502
0.680363
0.752502
0.743046
0.743046
0.856555
0.769117
0.769117
0.033764
0.563630
0.563630
0.567597
0.583165
0.583165
0.761773
0.761773
0.128688
0.128688
0.320348
0.320348
0.818994
0.818994
0.444605
0.444605
0.815653
0.815653
0.136625
0.136625
0.131391
0.131391
0.054027
0.054027
0.419050
0.419050
0.239320
0.239320
0.953096
0.953096
0.579276
0.579276
0.274138
0.274138
0.501448
0.501448
0.147739
0.147739
0.707689
0.707689
0.152264
0.152264
0.658465
0.658465
0.859220
0.859220
0.695623
0.695623
0.877725
0.877725
0.671516
0.671516
0.215467
0.215467
0.949082
0.949082
0.777532
0.777532
0.029920
0.029920
0.687723
0.687723
0.728713
0.728713
0.526868
0.526868
0.974175
0.974175
0.649150
0.649150
0.620832
0.620832
0.233972
0.233972
0.636532
0.636532
0.214520
0.214520
0.242287
0.242287
0.916329
0.916329
0.552077
0.552077
0.046136
0.046136
0.398526
0.398526
0.261789
0.261789
0.269888
0.269888
0.184898
0.184898
0.363839
0.363839
0.323570
0.323570
0.319903
0.319903
0.721691
0.721691
0.875544
0.875544
0.365249
0.365249
0.035455
0.035455
0.185446
0.185446
0.268071
0.268071
0.483990
0.483990
0.983720
0.983720
0.476011
0.476011
0.990495
0.990495
0.721048
0.721048
0.202606
0.202606
0.680363
0.680363
0.856555
0.856555
0.033764
0.033764
0.567597
0.567597
