0.777838
0.257372
0.999993
0.711591
0.195433
0.364129
0.110815
0.758581
0.984805
0.301440
0.370677
0.445335
0.669694
0.571309
0.447099
0.853752
0.401384
0.096177
0.923868
0.737877
0.325436
0.777838
0.007237
0.771956
0.165613
0.364129
0.276182
0.931943
0.984805
0.827105
0.035955
0.886339
0.669694
0.266192
0.401384
0.890048
0.325436
0.616793
0.979387
0.771956
0.222243
0.744320
0.164364
0.931943
0.716911
0.035955
0.959884
0.558159
0.890048
0.201078
0.469395
0.979387
0.996657
0.737241
0.739542
0.164364
0.144463
0.757175
0.959884
0.831965
0.469395
0.080946
0.213958
0.737241
0.230934
0.894375
0.757175
0.935623
0.628839
0.080946
0.949748
0.230934
0.523134
0.658756
0.628839
0.168242
0.316098
0.523134
0.745172
0.843326
0.316098
0.865951
0.165006
0.843326
0.535046
0.165006
0.363329
0.664614
0.363329
0.182700
0.182700
0.049680
0.683674
0.683674
0.403046
0.181243
0.181243
0.769445
0.823689
0.823689
0.903313
0.175136
0.175136
0.490699
0.490699
0.159981
0.159981
0.349036
0.349036
0.112387
0.112387
0.423160
0.423160
0.557144
0.557144
0.027492
0.027492
0.029868
0.029868
0.933744
0.933744
0.658570
0.658570
0.063007
0.063007
0.244146
0.244146
0.058921
0.058921
0.063374
0.063374
0.744108
0.744108
0.808578
0.808578
0.535256
0.535256
0.849766
0.849766
0.661681
0.661681
0.978578
0.978578
0.079809
0.079809
0.048904
0.048904
0.887608
0.887608
0.847611
0.847611
0.597708
0.597708
0.009385
0.009385
0.257372
0.257372
0.195433
0.195433
0.758581
0.758581
0.370677
0.370677
0.571309
0.571309
0.853752
0.853752
0.923868
0.923868
0.007237
0.007237
0.165613
0.165613
0.276182
0.276182
0.827105
0.827105
0.886339
0.886339
0.266192
0.266192
0.616793
0.616793
0.222243
0.222243
0.744320
0.744320
0.716911
0.716911
0.558159
0.558159
0.201078
0.201078
0.996657
0.996657
0.739542
0.739542
0.144463
0.144463
0.831965
0.831965
0.213958
0.213958
0.894375
0.894375
0.935623
0.935623
0.949748
0.949748
0.658756
0.658756
0.168242
0.168242
0.745172
0.745172
0.865951
0.865951
0.535046
0.535046
0.664614
0.664614
0.049680
0.049680
0.403046
0.403046
0.769445
0.769445
0.903313
0.903313
