0.409378
0.960606
0.114649
0.435973
0.357669
0.649782
0.009799
0.917536
0.508129
0.779927
0.268546
0.944882
0.135554
0.249649
0.354581
0.122783
0.507385
0.632238
0.989147
0.725330
0.470212
0.409378
0.031917
0.144291
0.357669
0.648347
0.826604
0.618413
0.508129
0.937221
0.400014
0.459506
0.135554
0.473522
0.443943
0.122783
0.245926
0.725330
0.912797
0.144291
0.390028
0.454610
0.090330
0.826604
0.436702
0.400014
0.175152
0.204561
0.443943
0.153983
0.735651
0.912797
0.043615
0.925436
0.873587
0.454610
0.311460
0.111677
0.175152
0.753128
0.103595
0.153983
0.554157
0.925436
0.756986
0.092599
0.111677
0.837561
0.846250
0.103595
0.125026
0.756986
0.696397
0.837561
0.278530
0.854583
0.487155
0.696397
0.833045
0.505124
0.854583
0.749520
0.582156
0.505124
0.210427
0.582156
0.823872
0.064010
0.823872
0.680836
0.602045
0.680836
0.686463
0.686463
0.010377
0.572848
0.572848
0.957784
0.570735
0.570735
0.520464
0.289108
0.289108
0.289903
0.289903
0.871856
0.871856
0.198752
0.198752
0.266366
0.266366
0.738001
0.738001
0.640743
0.640743
0.968533
0.968533
0.493374
0.493374
0.065165
0.065165
0.282737
0.282737
0.971738
0.971738
0.613706
0.613706
0.456989
0.456989
0.175954
0.175954
0.685576
0.685576
0.907612
0.907612
0.072202
0.072202
0.006518
0.006518
0.495488
0.495488
0.648585
0.648585
0.835419
0.835419
0.080817
0.080817
0.082418
0.082418
0.720188
0.720188
0.640904
0.640904
0.146121
0.146121
0.960606
0.960606
0.649782
0.649782
0.917536
0.917536
0.268546
0.268546
0.249649
0.249649
0.507385
0.507385
0.989147
0.989147
0.031917
0.031917
0.648347
0.648347
0.618413
0.618413
0.937221
0.937221
0.459506
0.459506
0.473522
0.473522
0.245926
0.245926
0.390028
0.390028
0.090330
0.090330
0.436702
0.436702
0.204561
0.204561
0.735651
0.735651
0.043615
0.043615
0.873587
0.873587
0.311460
0.311460
0.753128
0.753128
0.554157
0.554157
0.092599
0.092599
0.846250
0.846250
0.125026
0.125026
0.278530
0.278530
0.487155
0.487155
0.833045
0.833045
0.749520
0.749520
0.210427
0.210427
0.064010
0.064010
0.602045
0.602045
0.010377
0.010377
0.957784
0.957784
0.520464
0.520464
