0.189157
0.827632
0.803511
0.582376
0.435345
0.142943
0.473255
0.888494
0.353544
0.805586
0.179922
0.533081
0.990311
0.414941
0.891374
0.390587
0.360564
0.921529
0.524278
0.515919
0.336956
0.189157
0.073131
0.619325
0.008467
0.142943
0.631298
0.914048
0.353544
0.406854
0.306777
0.461371
0.990311
0.633472
0.663060
0.390587
0.149116
0.336956
0.833198
0.619325
0.535682
0.014162
0.050994
0.914048
0.453313
0.306777
0.466406
0.201105
0.663060
0.958384
0.482461
0.833198
0.932747
0.202909
0.768299
0.050994
0.124414
0.656187
0.466406
0.894546
0.482461
0.319358
0.230826
0.202909
0.083832
0.638218
0.656187
0.224918
0.585201
0.319358
0.370018
0.083832
0.451853
0.571687
0.585201
0.065982
0.091969
0.451853
0.209163
0.715268
0.065982
0.757173
0.123520
0.715268
0.689935
0.123520
0.794126
0.601915
0.794126
0.334866
0.804066
0.334866
0.472194
0.472194
0.524934
0.250037
0.250037
0.767259
0.080188
0.080188
0.477564
0.621843
0.621843
0.090250
0.090250
0.366602
0.366602
0.569856
0.569856
0.635729
0.635729
0.268086
0.268086
0.375104
0.375104
0.152698
0.152698
0.972049
0.972049
0.490549
0.490549
0.306991
0.306991
0.262307
0.262307
0.600564
0.600564
0.941522
0.941522
0.809599
0.809599
0.052342
0.052342
0.097182
0.097182
0.390034
0.390034
0.272334
0.272334
0.511287
0.511287
0.009341
0.009341
0.783745
0.783745
0.881170
0.881170
0.844598
0.844598
0.705430
0.705430
0.349169
0.349169
0.171048
0.171048
0.827632
0.827632
0.435345
0.435345
0.888494
0.888494
0.179922
0.179922
0.414941
0.414941
0.360564
0.360564
0.524278
0.524278
0.073131
0.073131
0.008467
0.008467
0.631298
0.631298
0.406854
0.406854
0.461371
0.461371
0.633472
0.633472
0.149116
0.149116
0.535682
0.535682
0.014162
0.014162
0.453313
0.453313
0.201105
0.201105
0.958384
0.958384
0.932747
0.932747
0.768299
0.768299
0.124414
0.124414
0.894546
0.894546
0.230826
0.230826
0.638218
0.638218
0.224918
0.224918
0.370018
0.370018
0.571687
0.571687
0.091969
0.091969
0.209163
0.209163
0.757173
0.757173
0.689935
0.689935
0.601915
0.601915
0.804066
0.804066
0.524934
0.524934
0.767259
0.767259
0.477564
0.477564
