0.588009
0.058864
0.688046
0.714589
0.989661
0.947889
0.082119
0.878568
0.048331
0.053753
0.186620
0.062143
0.862984
0.474972
0.917768
0.726778
0.671075
0.933249
0.243177
0.326320
0.227908
0.588009
0.440235
0.774500
0.429795
0.947889
0.372470
0.695211
0.048331
0.287893
0.280374
0.839402
0.862984
0.600821
0.538148
0.726778
0.938099
0.227908
0.909107
0.774500
0.971841
0.965798
0.249583
0.695211
0.161999
0.280374
0.512664
0.176018
0.538148
0.046625
0.848373
0.909107
0.839984
0.962295
0.095335
0.249583
0.838103
0.770094
0.512664
0.963377
0.848373
0.961881
0.926988
0.962295
0.851799
0.395892
0.770094
0.535377
0.636328
0.961881
0.167756
0.851799
0.332659
0.442174
0.636328
0.947581
0.920610
0.332659
0.731569
0.850784
0.947581
0.683207
0.848338
0.850784
0.942142
0.848338
0.532131
0.503765
0.532131
0.003828
0.710304
0.003828
0.401137
0.401137
0.609846
0.993435
0.993435
0.389203
0.747921
0.747921
0.023341
0.490981
0.490981
0.423483
0.423483
0.420124
0.420124
0.528021
0.528021
0.433694
0.433694
0.450629
0.450629
0.084670
0.084670
0.532700
0.532700
0.666907
0.666907
0.636863
0.636863
0.771690
0.771690
0.211048
0.211048
0.954796
0.954796
0.945345
0.945345
0.102825
0.102825
0.043216
0.043216
0.298763
0.298763
0.069385
0.069385
0.764342
0.764342
0.229720
0.229720
0.173783
0.173783
0.095397
0.095397
0.915837
0.915837
0.320240
0.320240
0.260700
0.260700
0.989374
0.989374
0.050837
0.050837
0.058864
0.058864
0.989661
0.989661
0.878568
0.878568
0.186620
0.186620
0.474972
0.474972
0.671075
0.671075
0.243177
0.243177
0.440235
0.440235
0.429795
0.429795
0.372470
0.372470
0.287893
0.287893
0.839402
0.839402
0.600821
0.600821
0.938099
0.938099
0.971841
0.971841
0.965798
0.965798
0.161999
0.161999
0.176018
0.176018
0.046625
0.046625
0.839984
0.839984
0.095335
0.095335
0.838103
0.838103
0.963377
0.963377
0.926988
0.926988
0.395892
0.395892
0.535377
0.535377
0.167756
0.167756
0.442174
0.442174
0.920610
0.920610
0.731569
0.731569
0.683207
0.683207
0.942142
0.942142
0.503765
0.503765
0.710304
0.710304
0.609846
0.609846
0.389203
0.389203
0.023341
0.023341
