0.188595
0.263945
0.944412
0.075382
0.183927
0.540037
0.673371
0.747678
0.380849
0.475913
0.230766
0.003050
0.514161
0.531712
0.675576
0.979756
0.442890
0.115239
0.817551
0.773696
0.906507
0.188595
0.508424
0.569065
0.183927
0.053895
0.079974
0.003995
0.380849
0.624952
0.116237
0.685683
0.514161
0.887316
0.025614
0.979756
0.446233
0.773696
0.518102
0.569065
0.176967
0.044760
0.790021
0.079974
0.080381
0.116237
0.974231
0.995518
0.025614
0.525731
0.058787
0.518102
0.131412
0.207929
0.900439
0.044760
0.283222
0.066573
0.974231
0.429418
0.559686
0.525731
0.724706
0.207929
0.512010
0.904423
0.066573
0.731715
0.683154
0.559686
0.661280
0.512010
0.852683
0.731715
0.074954
0.660501
0.571953
0.852683
0.536258
0.366507
0.660501
0.279767
0.404956
0.366507
0.886154
0.404956
0.081322
0.216256
0.081322
0.792650
0.376309
0.792650
0.959719
0.959719
0.837243
0.433400
0.433400
0.847451
0.299500
0.299500
0.572011
0.726580
0.726580
0.771657
0.771657
0.142070
0.142070
0.337655
0.337655
0.368065
0.368065
0.565266
0.565266
0.120783
0.120783
0.205386
0.205386
0.942602
0.942602
0.529295
0.529295
0.900245
0.900245
0.145869
0.145869
0.923781
0.923781
0.372122
0.372122
0.324869
0.324869
0.507571
0.507571
0.063351
0.063351
0.732352
0.732352
0.353979
0.353979
0.669168
0.669168
0.301488
0.301488
0.069976
0.069976
0.014515
0.014515
0.336090
0.336090
0.170917
0.170917
0.133696
0.133696
0.913255
0.913255
0.263945
0.263945
0.540037
0.540037
0.747678
0.747678
0.230766
0.230766
0.531712
0.531712
0.442890
0.442890
0.817551
0.817551
0.508424
0.508424
0.053895
0.053895
0.003995
0.003995
0.624952
0.624952
0.685683
0.685683
0.887316
0.887316
0.446233
0.446233
0.176967
0.176967
0.790021
0.790021
0.080381
0.080381
0.995518
0.995518
0.058787
0.058787
0.131412
0.131412
0.900439
0.900439
0.283222
0.283222
0.429418
0.429418
0.724706
0.724706
0.904423
0.904423
0.683154
0.683154
0.661280
0.661280
0.074954
0.074954
0.571953
0.571953
0.536258
0.536258
0.279767
0.279767
0.886154
0.886154
0.216256
0.216256
0.376309
0.376309
0.837243
0.837243
0.847451
0.847451
0.572011
0.572011
