0.602798
0.287126
0.115560
0.792627
0.834997
0.412799
0.857925
0.454325
0.848575
0.225095
0.935659
0.762170
0.062900
0.601293
0.568392
0.414248
0.928092
0.903803
0.336312
0.048684
0.588234
0.602798
0.084678
0.415142
0.340165
0.412799
0.891023
0.021584
0.848575
0.890488
0.927647
0.163735
0.062900
0.139649
0.928092
0.431307
0.588234
0.654987
0.050630
0.415142
0.336902
0.465298
0.771261
0.021584
0.631924
0.927647
0.188217
0.052551
0.431307
0.944068
0.349234
0.050630
0.567139
0.549097
0.960002
0.771261
0.100752
0.687815
0.188217
0.400747
0.349234
0.068614
0.940312
0.549097
0.179686
0.315399
0.687815
0.020926
0.943764
0.068614
0.829719
0.179686
0.332715
0.549378
0.943764
0.870237
0.234274
0.332715
0.064414
0.857048
0.234274
0.863143
0.894248
0.857048
0.635593
0.894248
0.107881
0.471557
0.107881
0.747431
0.747431
0.486172
0.380353
0.380353
0.548451
0.612858
0.612858
0.509187
0.367513
0.367513
0.052677
0.650416
0.650416
0.458880
0.458880
0.700993
0.700993
0.323343
0.323343
0.865595
0.865595
0.701910
0.701910
0.609225
0.609225
0.624951
0.624951
0.835966
0.835966
0.189467
0.189467
0.119065
0.119065
0.606057
0.606057
0.247113
0.247113
0.523987
0.523987
0.732305
0.732305
0.410695
0.410695
0.298288
0.298288
0.869514
0.869514
0.732875
0.732875
0.841355
0.841355
0.889063
0.889063
0.546958
0.546958
0.936664
0.936664
0.768806
0.768806
0.086704
0.086704
0.353571
0.353571
0.830116
0.830116
0.287126
0.287126
0.834997
0.834997
0.454325
0.454325
0.935659
0.935659
0.601293
0.601293
0.414248
0.414248
0.336312
0.336312
0.084678
0.084678
0.340165
0.340165
0.891023
0.891023
0.890488
0.890488
0.163735
0.163735
0.139649
0.139649
0.654987
0.654987
0.336902
0.336902
0.465298
0.465298
0.631924
0.631924
0.052551
0.052551
0.944068
0.944068
0.567139
0.567139
0.960002
0.960002
0.100752
0.100752
0.400747
0.400747
0.940312
0.940312
0.315399
0.315399
0.020926
0.020926
0.829719
0.829719
0.549378
0.549378
0.870237
0.870237
0.064414
0.064414
0.863143
0.863143
0.635593
0.635593
0.471557
0.471557
0.486172
0.486172
0.548451
0.548451
0.509187
0.509187
0.052677
0.052677
