0.037876
0.823997
0.736423
0.570401
0.394569
0.155603
0.607351
0.950292
0.874974
0.137304
0.189409
0.589337
0.945982
0.216530
0.029515
0.534745
0.646619
0.961506
0.144211
0.109185
0.395945
0.037876
0.032797
0.804284
0.661349
0.155603
0.496941
0.879011
0.874974
0.674525
0.870911
0.006332
0.945982
0.708241
0.646619
0.797739
0.395945
0.062084
0.601855
0.804284
0.065866
0.845055
0.879011
0.907538
0.550617
0.870911
0.107837
0.538591
0.797739
0.659500
0.915477
0.601855
0.572562
0.146614
0.039807
0.907538
0.973072
0.067140
0.107837
0.579070
0.915477
0.185163
0.507139
0.146614
0.969312
0.275176
0.067140
0.986422
0.803986
0.185163
0.887685
0.969312
0.121994
0.237589
0.803986
0.554277
0.569622
0.121994
0.821161
0.823746
0.569622
0.686916
0.530351
0.823746
0.607661
0.530351
0.560279
0.319610
0.560279
0.146877
0.643418
0.146877
0.638556
0.638556
0.568723
0.577127
0.577127
0.479648
0.413731
0.413731
0.455932
0.568809
0.568809
0.230646
0.230646
0.625794
0.625794
0.079969
0.079969
0.708760
0.708760
0.956721
0.956721
0.758659
0.758659
0.230559
0.230559
0.212507
0.212507
0.753995
0.753995
0.539617
0.539617
0.307550
0.307550
0.069413
0.069413
0.681012
0.681012
0.498705
0.498705
0.887656
0.887656
0.786313
0.786313
0.556230
0.556230
0.293905
0.293905
0.468556
0.468556
0.259538
0.259538
0.144825
0.144825
0.928449
0.928449
0.864016
0.864016
0.309008
0.309008
0.938498
0.938498
0.811867
0.811867
0.823997
0.823997
0.394569
0.394569
0.950292
0.950292
0.189409
0.189409
0.216530
0.216530
0.534745
0.534745
0.144211
0.144211
0.032797
0.032797
0.661349
0.661349
0.496941
0.496941
0.674525
0.674525
0.006332
0.006332
0.708241
0.708241
0.062084
0.062084
0.065866
0.065866
0.845055
0.845055
0.550617
0.550617
0.538591
0.538591
0.659500
0.659500
0.572562
0.572562
0.039807
0.039807
0.973072
0.973072
0.579070
0.579070
0.507139
0.507139
0.275176
0.275176
0.986422
0.986422
0.887685
0.887685
0.237589
0.237589
0.554277
0.554277
0.821161
0.821161
0.686916
0.686916
0.607661
0.607661
0.319610
0.319610
0.643418
0.643418
0.568723
0.568723
0.479648
0.479648
0.455932
0.455932
