0.000518
0.644217
0.097702
0.496957
0.648317
0.247977
0.096047
0.355556
0.535904
0.536560
0.833649
0.303495
0.684869
0.800006
0.250066
0.721663
0.365889
0.319713
0.622011
0.529837
0.421438
0.000518
0.598585
0.811102
0.648317
0.212642
0.118670
0.825810
0.535904
0.891742
0.291725
0.800092
0.303495
0.389862
0.808083
0.721663
0.989685
0.529837
0.783482
0.811102
0.588543
0.522844
0.432412
0.118670
0.814848
0.291725
0.128562
0.692071
0.808083
0.165128
0.166372
0.783482
0.020445
0.556957
0.149703
0.522844
0.943388
0.737627
0.128562
0.761399
0.595718
0.165128
0.550304
0.556957
0.697407
0.791783
0.737627
0.859191
0.253524
0.595718
0.045991
0.697407
0.563415
0.042791
0.859191
0.012277
0.237959
0.563415
0.418901
0.540071
0.012277
0.642074
0.128002
0.540071
0.662256
0.128002
0.417770
0.729653
0.417770
0.621144
0.969503
0.621144
0.079774
0.079774
0.658378
0.269493
0.269493
0.614662
0.601868
0.601868
0.369260
0.083043
0.083043
0.700916
0.700916
0.998219
0.998219
0.025403
0.025403
0.842012
0.842012
0.345385
0.345385
0.659589
0.659589
0.982477
0.982477
0.614844
0.614844
0.014499
0.014499
0.200663
0.200663
0.148428
0.148428
0.868546
0.868546
0.999623
0.999623
0.716174
0.716174
0.294085
0.294085
0.002226
0.002226
0.361825
0.361825
0.412853
0.412853
0.081322
0.081322
0.301753
0.301753
0.717951
0.717951
0.795098
0.795098
0.288614
0.288614
0.782737
0.782737
0.876974
0.876974
0.198545
0.198545
0.097702
0.097702
0.247977
0.247977
0.355556
0.355556
0.833649
0.833649
0.800006
0.800006
0.365889
0.365889
0.622011
0.622011
0.598585
0.598585
0.212642
0.212642
0.825810
0.825810
0.891742
0.891742
0.800092
0.800092
0.389862
0.389862
0.989685
0.989685
0.588543
0.588543
0.432412
0.432412
0.814848
0.814848
0.692071
0.692071
0.166372
0.166372
0.020445
0.020445
0.149703
0.149703
0.943388
0.943388
0.761399
0.761399
0.550304
0.550304
0.791783
0.791783
0.253524
0.253524
0.045991
0.045991
0.042791
0.042791
0.237959
0.237959
0.418901
0.418901
0.642074
0.642074
0.662256
0.662256
0.729653
0.729653
0.969503
0.969503
0.658378
0.658378
0.614662
0.614662
0.369260
0.369260
