0.183635
0.714953
0.540148
0.934330
0.186895
0.110881
0.135417
0.674193
0.776373
0.027789
0.098280
0.439719
0.913831
0.618379
0.342089
0.715950
0.869465
0.366394
0.148047
0.774799
0.438563
0.183635
0.053333
0.979725
0.462744
0.110881
0.995493
0.623744
0.776373
0.732947
0.482700
0.404016
0.913831
0.199816
0.869465
0.949724
0.438563
0.033720
0.560722
0.979725
0.028423
0.452655
0.623744
0.316924
0.550522
0.482700
0.463459
0.218201
0.949724
0.367809
0.168109
0.560722
0.341879
0.085627
0.252446
0.316924
0.549542
0.386037
0.463459
0.629067
0.168109
0.937378
0.129150
0.085627
0.521179
0.868440
0.386037
0.087723
0.338526
0.937378
0.139026
0.521179
0.120344
0.064713
0.338526
0.212191
0.785426
0.120344
0.259051
0.619020
0.785426
0.936864
0.523531
0.619020
0.879622
0.523531
0.737989
0.533322
0.737989
0.019567
0.722188
0.019567
0.812769
0.812769
0.925645
0.886243
0.886243
0.495274
0.426004
0.426004
0.282868
0.481049
0.481049
0.868415
0.868415
0.716222
0.716222
0.676325
0.676325
0.487511
0.487511
0.619583
0.619583
0.031649
0.031649
0.858901
0.858901
0.985661
0.985661
0.368760
0.368760
0.063368
0.063368
0.735602
0.735602
0.875569
0.875569
0.980138
0.980138
0.227725
0.227725
0.935608
0.935608
0.754117
0.754117
0.540965
0.540965
0.511314
0.511314
0.298981
0.298981
0.520409
0.520409
0.311036
0.311036
0.343841
0.343841
0.193901
0.193901
0.667745
0.667745
0.944897
0.944897
0.510072
0.510072
0.714953
0.714953
0.186895
0.186895
0.674193
0.674193
0.098280
0.098280
0.618379
0.618379
0.715950
0.715950
0.148047
0.148047
0.053333
0.053333
0.462744
0.462744
0.995493
0.995493
0.732947
0.732947
0.404016
0.404016
0.199816
0.199816
0.033720
0.033720
0.028423
0.028423
0.452655
0.452655
0.550522
0.550522
0.218201
0.218201
0.367809
0.367809
0.341879
0.341879
0.252446
0.252446
0.549542
0.549542
0.629067
0.629067
0.129150
0.129150
0.868440
0.868440
0.087723
0.087723
0.139026
0.139026
0.064713
0.064713
0.212191
0.212191
0.259051
0.259051
0.936864
0.936864
0.879622
0.879622
0.533322
0.533322
0.722188
0.722188
0.925645
0.925645
0.495274
0.495274
0.282868
0.282868
