0.896503
0.519822
0.053853
0.782380
0.811845
0.475912
0.722826
0.953866
0.664087
0.053524
0.058089
0.836812
0.872371
0.846247
0.291340
0.564515
0.888871
0.357319
0.033324
0.451239
0.978865
0.468750
0.519822
0.053853
0.420998
0.348737
0.144330
0.475912
0.162242
0.204640
0.058089
0.810518
0.600524
0.709897
0.846247
0.350282
0.070198
0.357319
0.311301
0.468750
0.949318
0.348737
0.865254
0.978944
0.162242
0.342962
0.791934
0.600524
0.862545
0.254960
0.070198
0.530981
0.671280
0.949318
0.384936
0.167575
0.750998
0.978944
0.424927
0.882284
0.862545
0.494025
0.923164
0.530981
0.957705
0.167575
0.341199
0.455841
0.424927
0.295540
0.080214
0.923164
0.356666
0.341199
0.365814
0.295540
0.702087
0.966050
0.357155
0.365814
0.706677
0.431310
0.966050
0.034039
0.313555
0.431310
0.156682
0.313555
0.434193
0.511559
0.434193
0.623548
0.861111
0.623548
0.765834
0.765834
0.336945
0.664978
0.664978
0.826143
0.356952
0.356952
0.402116
0.547407
0.547407
0.868067
0.868067
0.867644
0.867644
0.516588
0.516588
0.656927
0.656927
0.675008
0.675008
0.780010
0.780010
0.931228
0.931228
0.289423
0.289423
0.581379
0.581379
0.624281
0.624281
0.954428
0.954428
0.188917
0.188917
0.795924
0.795924
0.968368
0.968368
0.425208
0.425208
0.011301
0.011301
0.719373
0.719373
0.482889
0.482889
0.395717
0.395717
0.654475
0.654475
0.537435
0.537435
0.610292
0.610292
0.618673
0.618673
0.246297
0.246297
0.997696
0.997696
0.896503
0.896503
0.811845
0.811845
0.953866
0.953866
0.053524
0.053524
0.872371
0.872371
0.564515
0.564515
0.033324
0.033324
0.978865
0.978865
0.420998
0.420998
0.144330
0.144330
0.204640
0.204640
0.810518
0.810518
0.709897
0.709897
0.350282
0.350282
0.311301
0.311301
0.865254
0.865254
0.342962
0.342962
0.791934
0.791934
0.254960
0.254960
0.671280
0.671280
0.384936
0.384936
0.750998
0.750998
0.882284
0.882284
0.494025
0.494025
0.957705
0.957705
0.455841
0.455841
0.080214
0.080214
0.356666
0.356666
0.702087
0.702087
0.357155
0.357155
0.706677
0.706677
0.034039
0.034039
0.156682
0.156682
0.511559
0.511559
0.861111
0.861111
0.336945
0.336945
0.826143
0.826143
0.402116
0.402116
