0.873809
0.775119
0.564165
0.497962
0.791025
0.771369
0.967298
0.326555
0.242043
0.821727
0.811279
0.540006
0.192860
0.014403
0.125455
0.230990
0.227282
0.724918
0.085598
0.498775
0.939279
0.873809
0.775119
0.430581
0.373347
0.674178
0.791025
0.336948
0.315668
0.821727
0.834090
0.631058
0.265243
0.192860
0.627749
0.793428
0.227282
0.725674
0.939279
0.787258
0.373347
0.774600
0.092121
0.336948
0.033435
0.887561
0.631058
0.040558
0.743708
0.793428
0.826847
0.614981
0.787258
0.212994
0.610790
0.628753
0.092121
0.547399
0.260066
0.040558
0.959503
0.691232
0.826847
0.839193
0.610790
0.836690
0.435405
0.547399
0.373771
0.429298
0.691232
0.620870
0.836690
0.013885
0.373771
0.652247
0.132671
0.305209
0.013885
0.200561
0.540881
0.132671
0.907359
0.449977
0.540881
0.495078
0.449977
0.764772
0.400332
0.764772
0.520924
0.127100
0.520924
0.455610
0.455610
0.111176
0.570888
0.570888
0.131829
0.327918
0.327918
0.946171
0.368010
0.368010
0.451674
0.451674
0.181570
0.181570
0.092325
0.092325
0.852683
0.852683
0.051187
0.051187
0.673996
0.673996
0.676859
0.676859
0.993945
0.993945
0.808473
0.808473
0.317648
0.317648
0.791947
0.791947
0.485647
0.485647
0.103541
0.103541
0.228628
0.228628
0.940777
0.940777
0.740297
0.740297
0.103908
0.103908
0.507305
0.507305
0.100999
0.100999
0.883085
0.883085
0.806616
0.806616
0.520606
0.520606
0.636267
0.636267
0.821844
0.821844
0.479168
0.479168
0.507603
0.507603
0.497962
0.497962
0.967298
0.967298
0.242043
0.242043
0.540006
0.540006
0.125455
0.125455
0.724918
0.724918
0.498775
0.498775
0.430581
0.430581
0.674178
0.674178
0.315668
0.315668
0.834090
0.834090
0.265243
0.265243
0.627749
0.627749
0.725674
0.725674
0.774600
0.774600
0.033435
0.033435
0.887561
0.887561
0.743708
0.743708
0.614981
0.614981
0.212994
0.212994
0.628753
0.628753
0.260066
0.260066
0.959503
0.959503
0.839193
0.839193
0.435405
0.435405
0.429298
0.429298
0.620870
0.620870
0.652247
0.652247
0.305209
0.305209
0.200561
0.200561
0.907359
0.907359
0.495078
0.495078
0.400332
0.400332
0.127100
0.127100
0.111176
0.111176
0.131829
0.131829
0.946171
0.946171
