0.431593
0.532710
0.290291
0.434438
0.318298
0.818618
0.724251
0.188762
0.223557
0.923343
0.144486
0.073264
0.125905
0.767882
0.804739
0.976901
0.529694
0.150018
0.476565
0.380207
0.024090
0.431593
0.236495
0.662522
0.318298
0.598686
0.722765
0.608954
0.223557
0.177439
0.743605
0.251000
0.125905
0.877533
0.025339
0.976901
0.465893
0.380207
0.586786
0.662522
0.035480
0.063603
0.359169
0.722765
0.151928
0.743605
0.270081
0.852446
0.025339
0.378438
0.372720
0.586786
0.655543
0.188286
0.953427
0.063603
0.680442
0.275060
0.270081
0.305082
0.283269
0.378438
0.560058
0.188286
0.201214
0.793399
0.275060
0.470552
0.341221
0.283269
0.301738
0.201214
0.599112
0.470552
0.337034
0.216130
0.596194
0.599112
0.918879
0.294042
0.216130
0.622205
0.943085
0.294042
0.973407
0.943085
0.766356
0.106536
0.766356
0.952025
0.101367
0.952025
0.513122
0.513122
0.631756
0.241662
0.241662
0.772401
0.251015
0.251015
0.933178
0.169687
0.169687
0.274390
0.274390
0.427478
0.427478
0.750454
0.750454
0.406777
0.406777
0.880026
0.880026
0.584386
0.584386
0.951720
0.951720
0.668956
0.668956
0.651431
0.651431
0.763310
0.763310
0.720371
0.720371
0.594753
0.594753
0.980567
0.980567
0.058654
0.058654
0.481681
0.481681
0.674067
0.674067
0.330676
0.330676
0.507911
0.507911
0.305930
0.305930
0.454132
0.454132
0.688455
0.688455
0.795455
0.795455
0.656444
0.656444
0.676540
0.676540
0.393513
0.393513
0.047235
0.047235
0.532710
0.532710
0.818618
0.818618
0.188762
0.188762
0.144486
0.144486
0.767882
0.767882
0.529694
0.529694
0.476565
0.476565
0.236495
0.236495
0.598686
0.598686
0.608954
0.608954
0.177439
0.177439
0.251000
0.251000
0.877533
0.877533
0.465893
0.465893
0.035480
0.035480
0.359169
0.359169
0.151928
0.151928
0.852446
0.852446
0.372720
0.372720
0.655543
0.655543
0.953427
0.953427
0.680442
0.680442
0.305082
0.305082
0.560058
0.560058
0.793399
0.793399
0.341221
0.341221
0.301738
0.301738
0.337034
0.337034
0.596194
0.596194
0.918879
0.918879
0.622205
0.622205
0.973407
0.973407
0.106536
0.106536
0.101367
0.101367
0.631756
0.631756
0.772401
0.772401
0.933178
0.933178
