0.070767
0.430654
0.094821
0.691682
0.123652
0.622971
0.951308
0.711936
0.078651
0.447990
0.521132
0.187176
0.306630
0.115779
0.289270
0.950746
0.833216
0.412394
0.125021
0.500346
0.247556
0.681159
0.430654
0.094821
0.017091
0.599231
0.192984
0.622971
0.060332
0.048378
0.521132
0.162729
0.873365
0.871263
0.115779
0.233262
0.034587
0.412394
0.213109
0.681159
0.146947
0.599231
0.150529
0.525783
0.060332
0.245432
0.205310
0.873365
0.351916
0.388516
0.034587
0.713357
0.485677
0.146947
0.850879
0.889792
0.325875
0.525783
0.120334
0.003811
0.351916
0.709276
0.653500
0.713357
0.420490
0.889792
0.191484
0.888580
0.120334
0.991841
0.394889
0.653500
0.761572
0.191484
0.711597
0.991841
0.324294
0.689954
0.706157
0.711597
0.179357
0.458238
0.689954
0.982105
0.961325
0.458238
0.657289
0.961325
0.819159
0.955890
0.819159
0.800890
0.178777
0.800890
0.164728
0.164728
0.901833
0.591757
0.591757
0.772124
0.878275
0.878275
0.011974
0.369155
0.369155
0.815485
0.815485
0.306831
0.306831
0.491528
0.491528
0.529769
0.529769
0.483469
0.483469
0.067334
0.067334
0.852277
0.852277
0.222303
0.222303
0.883125
0.883125
0.070954
0.070954
0.504845
0.504845
0.195428
0.195428
0.843805
0.843805
0.529796
0.529796
0.993605
0.993605
0.801758
0.801758
0.495205
0.495205
0.513149
0.513149
0.962278
0.962278
0.423920
0.423920
0.757177
0.757177
0.140738
0.140738
0.580310
0.580310
0.498221
0.498221
0.786454
0.786454
0.070767
0.070767
0.123652
0.123652
0.711936
0.711936
0.447990
0.447990
0.306630
0.306630
0.950746
0.950746
0.125021
0.125021
0.247556
0.247556
0.017091
0.017091
0.192984
0.192984
0.048378
0.048378
0.162729
0.162729
0.871263
0.871263
0.233262
0.233262
0.213109
0.213109
0.150529
0.150529
0.245432
0.245432
0.205310
0.205310
0.388516
0.388516
0.485677
0.485677
0.850879
0.850879
0.325875
0.325875
0.003811
0.003811
0.709276
0.709276
0.420490
0.420490
0.888580
0.888580
0.394889
0.394889
0.761572
0.761572
0.324294
0.324294
0.706157
0.706157
0.179357
0.179357
0.982105
0.982105
0.657289
0.657289
0.955890
0.955890
0.178777
0.178777
0.901833
0.901833
0.772124
0.772124
0.011974
0.011974
