0.508829
0.351665
0.532499
0.953833
0.823989
0.005137
0.759125
0.840851
0.388330
0.977678
0.464617
0.930609
0.874636
0.974516
0.821463
0.115253
0.390266
0.750304
0.757429
0.168527
0.368583
0.928252
0.351665
0.731441
0.669752
0.005137
0.703016
0.842957
0.013985
0.977678
0.190436
0.667875
0.959225
0.974516
0.602579
0.249332
0.390266
0.100180
0.368583
0.076954
0.669752
0.711375
0.839379
0.976673
0.842957
0.469937
0.667875
0.842573
0.632588
0.249332
0.128339
0.648361
0.076954
0.743806
0.614084
0.001533
0.839379
0.525824
0.075439
0.842573
0.275503
0.263926
0.128339
0.482670
0.614084
0.638778
0.976271
0.075439
0.796815
0.342194
0.263926
0.039363
0.638778
0.261390
0.796815
0.417351
0.764544
0.195400
0.261390
0.657307
0.958576
0.764544
0.860915
0.492723
0.958576
0.520191
0.492723
0.157237
0.326980
0.157237
0.799059
0.221795
0.799059
0.118337
0.118337
0.949367
0.191702
0.191702
0.866393
0.344019
0.344019
0.101206
0.135622
0.135622
0.983701
0.983701
0.464447
0.464447
0.683101
0.683101
0.879144
0.879144
0.899077
0.899077
0.178566
0.178566
0.229848
0.229848
0.151503
0.151503
0.567446
0.567446
0.423573
0.423573
0.565323
0.565323
0.487484
0.487484
0.726424
0.726424
0.517190
0.517190
0.935887
0.935887
0.547866
0.547866
0.721755
0.721755
0.982175
0.982175
0.087799
0.087799
0.491393
0.491393
0.494221
0.494221
0.047198
0.047198
0.655689
0.655689
0.098590
0.098590
0.212985
0.212985
0.508829
0.508829
0.532499
0.532499
0.759125
0.759125
0.388330
0.388330
0.930609
0.930609
0.821463
0.821463
0.750304
0.750304
0.168527
0.168527
0.731441
0.731441
0.703016
0.703016
0.013985
0.013985
0.190436
0.190436
0.959225
0.959225
0.602579
0.602579
0.100180
0.100180
0.711375
0.711375
0.976673
0.976673
0.469937
0.469937
0.632588
0.632588
0.648361
0.648361
0.743806
0.743806
0.001533
0.001533
0.525824
0.525824
0.275503
0.275503
0.482670
0.482670
0.976271
0.976271
0.342194
0.342194
0.039363
0.039363
0.417351
0.417351
0.195400
0.195400
0.657307
0.657307
0.860915
0.860915
0.520191
0.520191
0.326980
0.326980
0.221795
0.221795
0.949367
0.949367
0.866393
0.866393
0.101206
0.101206
