0.506840
0.452662
0.153631
0.484704
0.090459
0.978603
0.796210
0.993611
0.385795
0.572135
0.237836
0.552727
0.859698
0.857523
0.684913
0.445021
0.042941
0.936568
0.624592
0.298985
0.850569
0.506840
0.452662
0.777318
0.062488
0.678710
0.090459
0.182405
0.887714
0.572135
0.571786
0.454686
0.859698
0.392028
0.096150
0.498892
0.042941
0.273276
0.850569
0.176895
0.062488
0.966862
0.703094
0.182405
0.821773
0.542034
0.454686
0.328486
0.446900
0.498892
0.965638
0.878469
0.176895
0.166194
0.563301
0.105618
0.703094
0.597336
0.306298
0.328486
0.840744
0.715183
0.965638
0.919084
0.563301
0.279164
0.510938
0.597336
0.451228
0.185271
0.715183
0.859449
0.096928
0.279164
0.878811
0.451228
0.614766
0.280916
0.096928
0.572110
0.231035
0.614766
0.487768
0.371957
0.231035
0.004571
0.371957
0.817038
0.650151
0.817038
0.309198
0.795529
0.309198
0.811950
0.811950
0.831480
0.530433
0.530433
0.679387
0.961054
0.961054
0.942839
0.027204
0.027204
0.224795
0.224795
0.001490
0.001490
0.374190
0.374190
0.337379
0.337379
0.949737
0.949737
0.031212
0.031212
0.379491
0.379491
0.873092
0.873092
0.989613
0.989613
0.238101
0.238101
0.652349
0.652349
0.746406
0.746406
0.513064
0.513064
0.480531
0.480531
0.003714
0.003714
0.422412
0.422412
0.607910
0.607910
0.903611
0.903611
0.857578
0.857578
0.760098
0.760098
0.442182
0.442182
0.344520
0.344520
0.624750
0.624750
0.036888
0.036888
0.433668
0.433668
0.357134
0.357134
0.153631
0.153631
0.796210
0.796210
0.385795
0.385795
0.552727
0.552727
0.684913
0.684913
0.936568
0.936568
0.298985
0.298985
0.777318
0.777318
0.678710
0.678710
0.887714
0.887714
0.571786
0.571786
0.392028
0.392028
0.096150
0.096150
0.273276
0.273276
0.966862
0.966862
0.821773
0.821773
0.542034
0.542034
0.446900
0.446900
0.878469
0.878469
0.166194
0.166194
0.105618
0.105618
0.306298
0.306298
0.840744
0.840744
0.919084
0.919084
0.510938
0.510938
0.185271
0.185271
0.859449
0.859449
0.878811
0.878811
0.280916
0.280916
0.572110
0.572110
0.487768
0.487768
0.004571
0.004571
0.650151
0.650151
0.795529
0.795529
0.831480
0.831480
0.679387
0.679387
0.942839
0.942839
