0.917243
0.258030
0.636889
0.169306
0.536965
0.730895
0.076244
0.154898
0.271766
0.686954
0.545171
0.733828
0.780098
0.783453
0.106210
0.295230
0.485650
0.271600
0.288609
0.949683
0.686546
0.917243
0.258030
0.021484
0.473106
0.359494
0.536965
0.659870
0.121939
0.686954
0.778145
0.196978
0.780098
0.638136
0.059771
0.376599
0.485650
0.711206
0.686546
0.352855
0.473106
0.144822
0.826963
0.659870
0.974445
0.178421
0.196978
0.004436
0.754603
0.376599
0.235346
0.348848
0.352855
0.395152
0.299747
0.522649
0.826963
0.244592
0.121493
0.004436
0.690073
0.559056
0.235346
0.114718
0.299747
0.134608
0.539664
0.244592
0.214696
0.272064
0.559056
0.421666
0.606101
0.134608
0.097434
0.214696
0.864626
0.569017
0.606101
0.427385
0.578672
0.864626
0.366606
0.305261
0.578672
0.215020
0.305261
0.896307
0.159871
0.896307
0.915674
0.239558
0.915674
0.734766
0.734766
0.529756
0.966559
0.966559
0.357868
0.271127
0.271127
0.928502
0.469086
0.469086
0.242611
0.242611
0.387419
0.387419
0.334104
0.334104
0.598702
0.598702
0.578213
0.578213
0.426872
0.426872
0.953698
0.953698
0.934850
0.934850
0.820458
0.820458
0.935400
0.935400
0.011481
0.011481
0.887080
0.887080
0.062469
0.062469
0.225389
0.225389
0.212236
0.212236
0.888377
0.888377
0.405238
0.405238
0.076830
0.076830
0.364715
0.364715
0.265986
0.265986
0.558642
0.558642
0.544847
0.544847
0.726758
0.726758
0.622145
0.622145
0.901937
0.901937
0.560543
0.560543
0.636889
0.636889
0.076244
0.076244
0.271766
0.271766
0.733828
0.733828
0.106210
0.106210
0.271600
0.271600
0.949683
0.949683
0.021484
0.021484
0.359494
0.359494
0.121939
0.121939
0.778145
0.778145
0.638136
0.638136
0.059771
0.059771
0.711206
0.711206
0.144822
0.144822
0.974445
0.974445
0.178421
0.178421
0.754603
0.754603
0.348848
0.348848
0.395152
0.395152
0.522649
0.522649
0.121493
0.121493
0.690073
0.690073
0.114718
0.114718
0.539664
0.539664
0.272064
0.272064
0.421666
0.421666
0.097434
0.097434
0.569017
0.569017
0.427385
0.427385
0.366606
0.366606
0.215020
0.215020
0.159871
0.159871
0.239558
0.239558
0.529756
0.529756
0.357868
0.357868
0.928502
0.928502
