0.373390
0.424083
0.277732
0.854348
0.136102
0.889833
0.545935
0.095915
0.272517
0.912286
0.637378
0.900231
0.104694
0.217629
0.875863
0.066242
0.341167
0.412851
0.814533
0.966235
0.199135
0.373390
0.424083
0.451128
0.627597
0.758948
0.136102
0.208800
0.868270
0.912286
0.140454
0.002060
0.104694
0.212391
0.253939
0.895261
0.341167
0.579241
0.199135
0.472535
0.627597
0.574333
0.329967
0.208800
0.747298
0.378738
0.002060
0.194516
0.992700
0.895261
0.866330
0.799644
0.472535
0.325550
0.266360
0.112257
0.329967
0.088816
0.493540
0.194516
0.130433
0.400261
0.866330
0.915499
0.266360
0.505552
0.332680
0.088816
0.119508
0.554422
0.400261
0.015156
0.843273
0.505552
0.637565
0.119508
0.629484
0.507832
0.843273
0.043158
0.299503
0.629484
0.183293
0.594840
0.299503
0.052255
0.594840
0.402702
0.927968
0.402702
0.148451
0.802605
0.148451
0.986869
0.986869
0.025507
0.230106
0.230106
0.972739
0.765760
0.765760
0.916125
0.360506
0.360506
0.662124
0.662124
0.162706
0.162706
0.840122
0.840122
0.785352
0.785352
0.765896
0.765896
0.440569
0.440569
0.031940
0.031940
0.747099
0.747099
0.994159
0.994159
0.438930
0.438930
0.013679
0.013679
0.626750
0.626750
0.660443
0.660443
0.571423
0.571423
0.333318
0.333318
0.380288
0.380288
0.554096
0.554096
0.943825
0.943825
0.963171
0.963171
0.804889
0.804889
0.106846
0.106846
0.763974
0.763974
0.493063
0.493063
0.474129
0.474129
0.610238
0.610238
0.109128
0.109128
0.277732
0.277732
0.545935
0.545935
0.272517
0.272517
0.900231
0.900231
0.875863
0.875863
0.412851
0.412851
0.966235
0.966235
0.451128
0.451128
0.758948
0.758948
0.868270
0.868270
0.140454
0.140454
0.212391
0.212391
0.253939
0.253939
0.579241
0.579241
0.574333
0.574333
0.747298
0.747298
0.378738
0.378738
0.992700
0.992700
0.799644
0.799644
0.325550
0.325550
0.112257
0.112257
0.493540
0.493540
0.130433
0.130433
0.915499
0.915499
0.332680
0.332680
0.554422
0.554422
0.015156
0.015156
0.637565
0.637565
0.507832
0.507832
0.043158
0.043158
0.183293
0.183293
0.052255
0.052255
0.927968
0.927968
0.802605
0.802605
0.025507
0.025507
0.972739
0.972739
0.916125
0.916125
