0.355725
0.574948
0.212374
0.843164
0.068008
0.573393
0.897056
0.583829
0.272051
0.672223
0.515446
0.584083
0.580686
0.980166
0.110874
0.779399
0.061273
0.869820
0.142273
0.024182
0.951658
0.107123
0.574948
0.212374
0.443166
0.757495
0.897056
0.691906
0.153279
0.125759
0.515446
0.993531
0.590727
0.298578
0.980166
0.012718
0.200032
0.869820
0.688013
0.107123
0.114477
0.757495
0.872844
0.229589
0.274627
0.153279
0.677829
0.590727
0.023901
0.071353
0.200032
0.125093
0.519557
0.114477
0.569343
0.977947
0.211613
0.229589
0.838852
0.853577
0.023901
0.731403
0.515600
0.125093
0.885794
0.977947
0.688196
0.313385
0.853577
0.849822
0.384088
0.515600
0.976642
0.688196
0.252568
0.009254
0.849822
0.176793
0.147932
0.252568
0.071874
0.238815
0.176793
0.766610
0.958292
0.238815
0.331079
0.958292
0.730839
0.079858
0.730839
0.683945
0.920279
0.683945
0.781843
0.781843
0.939410
0.899022
0.899022
0.856711
0.474834
0.474834
0.411812
0.370861
0.370861
0.307871
0.307871
0.162864
0.162864
0.995565
0.995565
0.521482
0.521482
0.393052
0.393052
0.111830
0.111830
0.106592
0.106592
0.359621
0.359621
0.396677
0.396677
0.393479
0.393479
0.404779
0.404779
0.322788
0.322788
0.553516
0.553516
0.980465
0.980465
0.602411
0.602411
0.248308
0.248308
0.085507
0.085507
0.308139
0.308139
0.839288
0.839288
0.658330
0.658330
0.508616
0.508616
0.583020
0.583020
0.589884
0.589884
0.546594
0.546594
0.956905
0.956905
0.355725
0.355725
0.068008
0.068008
0.583829
0.583829
0.672223
0.672223
0.580686
0.580686
0.779399
0.779399
0.142273
0.142273
0.951658
0.951658
0.443166
0.443166
0.691906
0.691906
0.125759
0.125759
0.993531
0.993531
0.298578
0.298578
0.012718
0.012718
0.688013
0.688013
0.872844
0.872844
0.274627
0.274627
0.677829
0.677829
0.071353
0.071353
0.519557
0.519557
0.569343
0.569343
0.211613
0.211613
0.838852
0.838852
0.731403
0.731403
0.885794
0.885794
0.313385
0.313385
0.384088
0.384088
0.976642
0.976642
0.009254
0.009254
0.147932
0.147932
0.071874
0.071874
0.766610
0.766610
0.331079
0.331079
0.079858
0.079858
0.920279
0.920279
0.939410
0.939410
0.856711
0.856711
0.411812
0.411812
