0.258912
0.363591
0.225817
0.112154
0.474007
0.389589
0.098609
0.614302
0.135615
0.557893
0.649415
0.325099
0.984549
0.429392
0.276116
0.861984
0.329933
0.299866
0.159191
0.505627
0.229402
0.455151
0.363591
0.225817
0.357024
0.701396
0.809775
0.389589
0.613610
0.811650
0.649415
0.765604
0.369917
0.429392
0.665501
0.400514
0.636091
0.299866
0.019545
0.455151
0.316811
0.701396
0.559308
0.474359
0.613610
0.906569
0.419027
0.369917
0.471753
0.756039
0.636091
0.961779
0.829921
0.316811
0.740785
0.391338
0.536623
0.474359
0.058891
0.063173
0.471753
0.636178
0.995618
0.961779
0.653302
0.391338
0.299074
0.185182
0.058891
0.419976
0.795796
0.995618
0.890560
0.564791
0.299074
0.672678
0.419976
0.138940
0.342965
0.564791
0.528408
0.214441
0.138940
0.040208
0.845749
0.214441
0.576843
0.845749
0.274664
0.849574
0.274664
0.872621
0.968180
0.872621
0.854367
0.854367
0.181922
0.381629
0.381629
0.703209
0.994971
0.994971
0.747835
0.170363
0.170363
0.596575
0.596575
0.037584
0.037584
0.779692
0.779692
0.056198
0.056198
0.225957
0.225957
0.507224
0.507224
0.438988
0.438988
0.538642
0.538642
0.569822
0.569822
0.175075
0.175075
0.873647
0.873647
0.313337
0.313337
0.910819
0.910819
0.188863
0.188863
0.093785
0.093785
0.163955
0.163955
0.760970
0.760970
0.605053
0.605053
0.364332
0.364332
0.513977
0.513977
0.615088
0.615088
0.137328
0.137328
0.379649
0.379649
0.540560
0.540560
0.326711
0.326711
0.258912
0.258912
0.112154
0.112154
0.614302
0.614302
0.557893
0.557893
0.984549
0.984549
0.861984
0.861984
0.159191
0.159191
0.229402
0.229402
0.357024
0.357024
0.809775
0.809775
0.811650
0.811650
0.765604
0.765604
0.665501
0.665501
0.400514
0.400514
0.019545
0.019545
0.559308
0.559308
0.906569
0.906569
0.419027
0.419027
0.756039
0.756039
0.829921
0.829921
0.740785
0.740785
0.536623
0.536623
0.063173
0.063173
0.636178
0.636178
0.653302
0.653302
0.185182
0.185182
0.795796
0.795796
0.890560
0.890560
0.672678
0.672678
0.342965
0.342965
0.528408
0.528408
0.040208
0.040208
0.576843
0.576843
0.849574
0.849574
0.968180
0.968180
0.181922
0.181922
0.703209
0.703209
0.747835
0.747835
