0.214871
0.966985
0.775462
0.880979
0.746368
0.549269
0.290713
0.674069
0.245871
0.852260
0.580382
0.356496
0.434548
0.300074
0.265374
0.560360
0.502186
0.631453
0.119417
0.771954
0.557203
0.214871
0.966985
0.785553
0.877047
0.107148
0.746368
0.325098
0.507965
0.852260
0.498683
0.285037
0.434548
0.485769
0.068112
0.708179
0.502186
0.464296
0.557203
0.506490
0.877047
0.793645
0.684340
0.325098
0.311845
0.018034
0.285037
0.516851
0.222772
0.708179
0.949731
0.035408
0.506490
0.158577
0.550916
0.096258
0.684340
0.061947
0.861807
0.516851
0.230389
0.704296
0.949731
0.504187
0.550916
0.393108
0.360251
0.061947
0.484779
0.528028
0.704296
0.965368
0.419742
0.393108
0.809677
0.484779
0.719931
0.879821
0.419742
0.317319
0.529011
0.719931
0.382024
0.331938
0.529011
0.572208
0.331938
0.195655
0.040067
0.195655
0.415842
0.379438
0.415842
0.287992
0.287992
0.731149
0.003339
0.003339
0.386011
0.608142
0.608142
0.565308
0.207119
0.207119
0.136697
0.136697
0.016871
0.016871
0.405428
0.405428
0.991185
0.991185
0.002457
0.002457
0.601718
0.601718
0.771176
0.771176
0.367845
0.367845
0.012287
0.012287
0.015303
0.015303
0.029482
0.029482
0.627998
0.627998
0.000743
0.000743
0.512059
0.512059
0.356900
0.356900
0.429058
0.429058
0.811570
0.811570
0.267554
0.267554
0.878738
0.878738
0.324218
0.324218
0.671838
0.671838
0.095905
0.095905
0.144921
0.144921
0.341987
0.341987
0.439210
0.439210
0.381735
0.381735
0.775462
0.775462
0.290713
0.290713
0.245871
0.245871
0.356496
0.356496
0.265374
0.265374
0.631453
0.631453
0.771954
0.771954
0.785553
0.785553
0.107148
0.107148
0.507965
0.507965
0.498683
0.498683
0.485769
0.485769
0.068112
0.068112
0.464296
0.464296
0.793645
0.793645
0.311845
0.311845
0.018034
0.018034
0.222772
0.222772
0.035408
0.035408
0.158577
0.158577
0.096258
0.096258
0.861807
0.861807
0.230389
0.230389
0.504187
0.504187
0.360251
0.360251
0.528028
0.528028
0.965368
0.965368
0.809677
0.809677
0.879821
0.879821
0.317319
0.317319
0.382024
0.382024
0.572208
0.572208
0.040067
0.040067
0.379438
0.379438
0.731149
0.731149
0.386011
0.386011
0.565308
0.565308
