0.384038
0.038991
0.238931
0.783608
0.234148
0.894390
0.229160
0.490721
0.207914
0.101500
0.884106
0.340839
0.875083
0.920823
0.651075
0.354967
0.924075
0.898477
0.953814
0.709041
0.894046
0.384038
0.370550
0.189665
0.065893
0.894390
0.385953
0.700623
0.207914
0.759650
0.514356
0.700035
0.875083
0.938977
0.135040
0.354967
0.502345
0.894046
0.071586
0.189665
0.204440
0.232909
0.226822
0.700623
0.443284
0.514356
0.773915
0.348890
0.135040
0.827518
0.113307
0.071586
0.558440
0.077800
0.748423
0.226822
0.284063
0.399182
0.773915
0.161141
0.113307
0.740536
0.687466
0.077800
0.106120
0.411497
0.399182
0.684385
0.894857
0.740536
0.776867
0.106120
0.050183
0.037022
0.894857
0.130745
0.880735
0.050183
0.137806
0.904755
0.130745
0.360728
0.041767
0.904755
0.328825
0.041767
0.219158
0.009330
0.219158
0.290276
0.915763
0.290276
0.254721
0.254721
0.439280
0.058543
0.058543
0.333636
0.873305
0.873305
0.969508
0.953591
0.953591
0.811904
0.811904
0.962325
0.962325
0.205699
0.205699
0.992796
0.992796
0.617040
0.617040
0.649724
0.649724
0.317499
0.317499
0.327704
0.327704
0.327517
0.327517
0.457347
0.457347
0.397625
0.397625
0.026022
0.026022
0.438259
0.438259
0.025605
0.025605
0.943692
0.943692
0.027990
0.027990
0.545886
0.545886
0.624767
0.624767
0.913353
0.913353
0.531927
0.531927
0.153408
0.153408
0.443438
0.443438
0.504385
0.504385
0.837326
0.837326
0.803701
0.803701
0.071968
0.071968
0.038991
0.038991
0.234148
0.234148
0.490721
0.490721
0.884106
0.884106
0.920823
0.920823
0.924075
0.924075
0.953814
0.953814
0.370550
0.370550
0.065893
0.065893
0.385953
0.385953
0.759650
0.759650
0.700035
0.700035
0.938977
0.938977
0.502345
0.502345
0.204440
0.204440
0.232909
0.232909
0.443284
0.443284
0.348890
0.348890
0.827518
0.827518
0.558440
0.558440
0.748423
0.748423
0.284063
0.284063
0.161141
0.161141
0.687466
0.687466
0.411497
0.411497
0.684385
0.684385
0.776867
0.776867
0.037022
0.037022
0.880735
0.880735
0.137806
0.137806
0.360728
0.360728
0.328825
0.328825
0.009330
0.009330
0.915763
0.915763
0.439280
0.439280
0.333636
0.333636
0.969508
0.969508
