0.450343
0.451542
0.314613
0.317688
0.508848
0.683681
0.034030
0.697441
0.754654
0.954255
0.009059
0.604034
0.946283
0.802776
0.567344
0.850817
0.334971
0.134388
0.558331
0.048499
0.517330
0.450343
0.451542
0.836998
0.674393
0.683681
0.901159
0.291007
0.422617
0.954255
0.597216
0.046829
0.732209
0.946283
0.712928
0.725308
0.334971
0.551018
0.517330
0.689005
0.674393
0.799168
0.986147
0.347857
0.291007
0.461282
0.046829
0.050301
0.111464
0.725308
0.222323
0.011463
0.689005
0.760446
0.808599
0.883232
0.986147
0.502075
0.417775
0.050301
0.506251
0.941429
0.222323
0.741694
0.808599
0.217783
0.399455
0.417775
0.862133
0.320064
0.941429
0.090672
0.217783
0.017828
0.712692
0.862133
0.955270
0.289096
0.017828
0.786689
0.277071
0.955270
0.218934
0.584117
0.277071
0.481488
0.584117
0.348724
0.632650
0.348724
0.349378
0.841801
0.349378
0.006498
0.006498
0.868512
0.246525
0.246525
0.528747
0.826931
0.826931
0.152066
0.345864
0.345864
0.566389
0.566389
0.763829
0.763829
0.301671
0.301671
0.043157
0.043157
0.002118
0.002118
0.445245
0.445245
0.715120
0.715120
0.023177
0.023177
0.656276
0.656276
0.238521
0.238521
0.007206
0.007206
0.883286
0.883286
0.976479
0.976479
0.426707
0.426707
0.464568
0.464568
0.666118
0.666118
0.143924
0.143924
0.867049
0.867049
0.836725
0.836725
0.403167
0.403167
0.742365
0.742365
0.077219
0.077219
0.480580
0.480580
0.703850
0.703850
0.470059
0.470059
0.249307
0.249307
0.317688
0.317688
0.034030
0.034030
0.754654
0.754654
0.604034
0.604034
0.567344
0.567344
0.134388
0.134388
0.048499
0.048499
0.836998
0.836998
0.901159
0.901159
0.422617
0.422617
0.597216
0.597216
0.732209
0.732209
0.712928
0.712928
0.551018
0.551018
0.799168
0.799168
0.347857
0.347857
0.461282
0.461282
0.111464
0.111464
0.011463
0.011463
0.760446
0.760446
0.883232
0.883232
0.502075
0.502075
0.506251
0.506251
0.741694
0.741694
0.399455
0.399455
0.320064
0.320064
0.090672
0.090672
0.712692
0.712692
0.289096
0.289096
0.786689
0.786689
0.218934
0.218934
0.481488
0.481488
0.632650
0.632650
0.841801
0.841801
0.868512
0.868512
0.528747
0.528747
0.152066
0.152066
