0.385945
0.799262
0.757520
0.715458
0.632743
0.317272
0.270562
0.147820
0.901174
0.024484
0.298638
0.018664
0.837788
0.763968
0.841893
0.450671
0.014654
0.910903
0.417394
0.345615
0.505986
0.385945
0.799262
0.687458
0.400250
0.633164
0.632743
0.489710
0.828065
0.024484
0.855303
0.449987
0.837788
0.827770
0.194996
0.824895
0.014654
0.294786
0.505986
0.252403
0.400250
0.373177
0.125392
0.489710
0.843609
0.550856
0.449987
0.155631
0.346618
0.824895
0.795457
0.066596
0.252403
0.786851
0.255721
0.119666
0.125392
0.486204
0.764797
0.155631
0.371583
0.072991
0.795457
0.292220
0.255721
0.835495
0.962089
0.486204
0.996600
0.588861
0.072991
0.532906
0.134403
0.835495
0.031895
0.996600
0.575849
0.223945
0.134403
0.373662
0.953078
0.575849
0.104345
0.641274
0.953078
0.583051
0.641274
0.045647
0.019230
0.045647
0.065310
0.438968
0.065310
0.853296
0.853296
0.550546
0.327943
0.327943
0.604536
0.532701
0.532701
0.286185
0.427854
0.427854
0.666657
0.666657
0.623545
0.623545
0.227462
0.227462
0.158946
0.158946
0.806846
0.806846
0.522719
0.522719
0.699152
0.699152
0.062072
0.062072
0.260738
0.260738
0.985965
0.985965
0.382467
0.382467
0.946122
0.946122
0.834435
0.834435
0.759857
0.759857
0.799865
0.799865
0.067739
0.067739
0.209599
0.209599
0.294763
0.294763
0.182127
0.182127
0.374838
0.374838
0.854553
0.854553
0.008945
0.008945
0.034795
0.034795
0.704889
0.704889
0.424406
0.424406
0.079723
0.079723
0.757520
0.757520
0.270562
0.270562
0.901174
0.901174
0.018664
0.018664
0.841893
0.841893
0.910903
0.910903
0.345615
0.345615
0.687458
0.687458
0.633164
0.633164
0.828065
0.828065
0.855303
0.855303
0.827770
0.827770
0.194996
0.194996
0.294786
0.294786
0.373177
0.373177
0.843609
0.843609
0.550856
0.550856
0.346618
0.346618
0.066596
0.066596
0.786851
0.786851
0.119666
0.119666
0.764797
0.764797
0.371583
0.371583
0.292220
0.292220
0.962089
0.962089
0.588861
0.588861
0.532906
0.532906
0.031895
0.031895
0.223945
0.223945
0.373662
0.373662
0.104345
0.104345
0.583051
0.583051
0.019230
0.019230
0.438968
0.438968
0.550546
0.550546
0.604536
0.604536
0.286185
0.286185
