0.568457
0.531662
0.200202
0.883553
0.001219
0.581435
0.826836
0.696142
0.492649
0.949604
0.039903
0.195568
0.508764
0.369710
0.837625
0.178068
0.632116
0.892431
0.018912
0.031665
0.410515
0.568457
0.556704
0.751512
0.001219
0.675629
0.464514
0.464724
0.492649
0.517406
0.131953
0.791606
0.508764
0.764695
0.525701
0.178068
0.627220
0.031665
0.721969
0.751512
0.612497
0.332249
0.241331
0.464514
0.081042
0.131953
0.538781
0.110660
0.525701
0.390975
0.721360
0.721969
0.156602
0.278018
0.630768
0.332249
0.108635
0.131644
0.538781
0.359454
0.067932
0.390975
0.126065
0.278018
0.843994
0.221125
0.131644
0.974336
0.474254
0.067932
0.121184
0.843994
0.971753
0.974336
0.533724
0.286115
0.095591
0.971753
0.767196
0.663290
0.286115
0.799570
0.544902
0.663290
0.983589
0.544902
0.479244
0.784042
0.479244
0.461023
0.646346
0.461023
0.351535
0.351535
0.691990
0.106669
0.106669
0.951665
0.562479
0.562479
0.777279
0.619561
0.619561
0.372860
0.372860
0.557651
0.557651
0.063564
0.063564
0.972020
0.972020
0.342994
0.342994
0.863476
0.863476
0.654185
0.654185
0.214125
0.214125
0.551862
0.551862
0.821628
0.821628
0.916352
0.916352
0.965691
0.965691
0.992433
0.992433
0.873530
0.873530
0.290402
0.290402
0.040965
0.040965
0.822636
0.822636
0.656758
0.656758
0.230096
0.230096
0.407197
0.407197
0.724139
0.724139
0.048153
0.048153
0.769363
0.769363
0.019127
0.019127
0.698100
0.698100
0.934111
0.934111
0.531662
0.531662
0.581435
0.581435
0.696142
0.696142
0.039903
0.039903
0.369710
0.369710
0.632116
0.632116
0.018912
0.018912
0.556704
0.556704
0.675629
0.675629
0.464724
0.464724
0.517406
0.517406
0.791606
0.791606
0.764695
0.764695
0.627220
0.627220
0.612497
0.612497
0.241331
0.241331
0.081042
0.081042
0.110660
0.110660
0.721360
0.721360
0.156602
0.156602
0.630768
0.630768
0.108635
0.108635
0.359454
0.359454
0.126065
0.126065
0.221125
0.221125
0.474254
0.474254
0.121184
0.121184
0.533724
0.533724
0.095591
0.095591
0.767196
0.767196
0.799570
0.799570
0.983589
0.983589
0.784042
0.784042
0.646346
0.646346
0.691990
0.691990
0.951665
0.951665
0.777279
0.777279
