0.900702
0.220056
0.982625
0.687054
0.777986
0.523895
0.097263
0.507447
0.684279
0.005507
0.195190
0.074281
0.922254
0.553993
0.208572
0.989056
0.641220
0.386546
0.957447
0.850525
0.579702
0.900702
0.094829
0.903133
0.214280
0.523895
0.689939
0.044715
0.684279
0.297457
0.074680
0.347479
0.922254
0.897875
0.641220
0.518506
0.579702
0.857650
0.868761
0.903133
0.011805
0.127692
0.044715
0.464418
0.553935
0.074680
0.342409
0.073139
0.518506
0.000061
0.924071
0.868761
0.987895
0.942197
0.596218
0.464418
0.661395
0.197375
0.342409
0.598947
0.924071
0.178007
0.283972
0.942197
0.324611
0.609686
0.197375
0.705600
0.419894
0.178007
0.628501
0.324611
0.188419
0.666235
0.419894
0.021535
0.210506
0.188419
0.107897
0.624581
0.210506
0.915374
0.855553
0.624581
0.377896
0.855553
0.800319
0.937269
0.800319
0.396505
0.950844
0.396505
0.969734
0.969734
0.852710
0.828688
0.828688
0.719999
0.558013
0.558013
0.126961
0.926957
0.926957
0.855279
0.855279
0.785618
0.785618
0.395611
0.395611
0.168644
0.168644
0.686662
0.686662
0.335127
0.335127
0.730912
0.730912
0.525397
0.525397
0.435454
0.435454
0.772528
0.772528
0.910398
0.910398
0.255788
0.255788
0.920975
0.920975
0.735104
0.735104
0.167571
0.167571
0.359902
0.359902
0.601330
0.601330
0.881945
0.881945
0.756690
0.756690
0.141360
0.141360
0.465651
0.465651
0.072780
0.072780
0.108532
0.108532
0.540425
0.540425
0.106363
0.106363
0.354049
0.354049
0.220056
0.220056
0.777986
0.777986
0.507447
0.507447
0.195190
0.195190
0.553993
0.553993
0.989056
0.989056
0.957447
0.957447
0.094829
0.094829
0.214280
0.214280
0.689939
0.689939
0.297457
0.297457
0.347479
0.347479
0.897875
0.897875
0.857650
0.857650
0.011805
0.011805
0.127692
0.127692
0.553935
0.553935
0.073139
0.073139
0.000061
0.000061
0.987895
0.987895
0.596218
0.596218
0.661395
0.661395
0.598947
0.598947
0.283972
0.283972
0.609686
0.609686
0.705600
0.705600
0.628501
0.628501
0.666235
0.666235
0.021535
0.021535
0.107897
0.107897
0.915374
0.915374
0.377896
0.377896
0.937269
0.937269
0.950844
0.950844
0.852710
0.852710
0.719999
0.719999
0.126961
0.126961
