0.264736
0.361077
0.698707
0.097625
0.590246
0.854818
0.646222
0.837018
0.028637
0.758562
0.542506
0.924431
0.054316
0.348417
0.026469
0.811466
0.107983
0.689167
0.241925
0.742980
0.601814
0.264736
0.733370
0.612679
0.590246
0.610379
0.153323
0.894917
0.028637
0.539174
0.017931
0.308301
0.054316
0.154108
0.109193
0.811466
0.028986
0.742980
0.843773
0.612679
0.833920
0.922645
0.373002
0.153323
0.835546
0.017931
0.246660
0.799887
0.109193
0.772217
0.429517
0.843773
0.551212
0.037573
0.226763
0.922645
0.496860
0.091644
0.246660
0.190373
0.781320
0.772217
0.183856
0.037573
0.103885
0.151460
0.091644
0.387794
0.358699
0.781320
0.488097
0.103885
0.374018
0.387794
0.672710
0.762532
0.988196
0.374018
0.069634
0.853643
0.762532
0.146485
0.705720
0.853643
0.418952
0.705720
0.875289
0.239644
0.875289
0.003761
0.511652
0.003761
0.028395
0.028395
0.222771
0.307964
0.307964
0.003666
0.490542
0.490542
0.700549
0.958752
0.958752
0.123553
0.123553
0.187497
0.187497
0.960021
0.960021
0.236719
0.236719
0.962994
0.962994
0.213034
0.213034
0.932232
0.932232
0.084798
0.084798
0.710037
0.710037
0.236683
0.236683
0.348870
0.348870
0.283477
0.283477
0.292650
0.292650
0.719222
0.719222
0.817028
0.817028
0.410514
0.410514
0.663552
0.663552
0.304932
0.304932
0.727719
0.727719
0.215250
0.215250
0.767941
0.767941
0.194014
0.194014
0.088364
0.088364
0.770770
0.770770
0.585160
0.585160
0.776950
0.776950
0.361077
0.361077
0.854818
0.854818
0.837018
0.837018
0.542506
0.542506
0.348417
0.348417
0.107983
0.107983
0.241925
0.241925
0.733370
0.733370
0.610379
0.610379
0.894917
0.894917
0.539174
0.539174
0.308301
0.308301
0.154108
0.154108
0.028986
0.028986
0.833920
0.833920
0.373002
0.373002
0.835546
0.835546
0.799887
0.799887
0.429517
0.429517
0.551212
0.551212
0.226763
0.226763
0.496860
0.496860
0.190373
0.190373
0.183856
0.183856
0.151460
0.151460
0.358699
0.358699
0.488097
0.488097
0.672710
0.672710
0.988196
0.988196
0.069634
0.069634
0.146485
0.146485
0.418952
0.418952
0.239644
0.239644
0.511652
0.511652
0.222771
0.222771
0.003666
0.003666
0.700549
0.700549
