0.128932
0.791142
0.252729
0.625219
0.925119
0.593719
0.322853
0.919770
0.291789
0.477759
0.167909
0.186813
0.781065
0.381904
0.254958
0.858272
0.053991
0.143134
0.565989
0.594761
0.741852
0.855869
0.791142
0.252729
0.529956
0.861454
0.505419
0.593719
0.331502
0.711734
0.167909
0.956404
0.486746
0.225467
0.381904
0.621676
0.517194
0.143134
0.104028
0.855869
0.307681
0.861454
0.368225
0.715994
0.331502
0.844638
0.755946
0.486746
0.320018
0.112725
0.517194
0.086534
0.275464
0.307681
0.546825
0.135908
0.956460
0.715994
0.745262
0.579072
0.320018
0.583322
0.489926
0.086534
0.631036
0.135908
0.089461
0.633527
0.745262
0.950129
0.967357
0.489926
0.866878
0.089461
0.295417
0.950129
0.908634
0.425174
0.292243
0.295417
0.778160
0.881750
0.425174
0.556644
0.233797
0.881750
0.064174
0.233797
0.133138
0.456127
0.133138
0.531227
0.524178
0.531227
0.781921
0.781921
0.704413
0.236636
0.236636
0.381826
0.052243
0.052243
0.164514
0.697478
0.697478
0.603456
0.603456
0.275551
0.275551
0.030461
0.030461
0.152091
0.152091
0.077077
0.077077
0.181047
0.181047
0.276502
0.276502
0.302054
0.302054
0.372729
0.372729
0.303556
0.303556
0.624510
0.624510
0.706755
0.706755
0.449014
0.449014
0.704749
0.704749
0.105005
0.105005
0.775024
0.775024
0.907915
0.907915
0.605637
0.605637
0.947588
0.947588
0.932455
0.932455
0.366163
0.366163
0.728297
0.728297
0.869611
0.869611
0.207270
0.207270
0.310370
0.310370
0.128932
0.128932
0.925119
0.925119
0.919770
0.919770
0.477759
0.477759
0.781065
0.781065
0.858272
0.858272
0.565989
0.565989
0.741852
0.741852
0.529956
0.529956
0.505419
0.505419
0.711734
0.711734
0.956404
0.956404
0.225467
0.225467
0.621676
0.621676
0.104028
0.104028
0.368225
0.368225
0.844638
0.844638
0.755946
0.755946
0.112725
0.112725
0.275464
0.275464
0.546825
0.546825
0.956460
0.956460
0.579072
0.579072
0.583322
0.583322
0.631036
0.631036
0.633527
0.633527
0.967357
0.967357
0.866878
0.866878
0.908634
0.908634
0.292243
0.292243
0.778160
0.778160
0.556644
0.556644
0.064174
0.064174
0.456127
0.456127
0.524178
0.524178
0.704413
0.704413
0.381826
0.381826
0.164514
0.164514
