0.244765
0.778452
0.489130
0.376699
0.633243
0.548818
0.773223
0.004034
0.615670
0.458313
0.824199
0.304520
0.533718
0.517553
0.024575
0.310013
0.953271
0.852644
0.057081
0.562347
0.941428
0.244765
0.630861
0.883235
0.633243
0.235455
0.676157
0.071566
0.615670
0.584831
0.843888
0.252571
0.533718
0.936921
0.390861
0.310013
0.571381
0.562347
0.625673
0.883235
0.621686
0.219435
0.196820
0.676157
0.492250
0.843888
0.105795
0.808637
0.390861
0.019536
0.713094
0.625673
0.240923
0.891259
0.751584
0.219435
0.993332
0.233018
0.105795
0.989718
0.149626
0.019536
0.270260
0.891259
0.981844
0.978918
0.233018
0.929421
0.047793
0.149626
0.208025
0.981844
0.616375
0.929421
0.340731
0.813638
0.070030
0.616375
0.304032
0.352121
0.813638
0.280556
0.475255
0.352121
0.535900
0.475255
0.920627
0.007134
0.920627
0.748432
0.861560
0.748432
0.792032
0.792032
0.215149
0.728406
0.728406
0.520977
0.886346
0.886346
0.993075
0.086683
0.086683
0.816363
0.816363
0.466641
0.466641
0.309893
0.309893
0.603488
0.603488
0.777303
0.777303
0.208062
0.208062
0.981155
0.981155
0.695727
0.695727
0.420563
0.420563
0.406475
0.406475
0.735793
0.735793
0.657117
0.657117
0.694640
0.694640
0.258398
0.258398
0.322346
0.322346
0.985871
0.985871
0.125614
0.125614
0.105022
0.105022
0.798122
0.798122
0.874043
0.874043
0.124919
0.124919
0.267461
0.267461
0.593974
0.593974
0.723543
0.723543
0.023984
0.023984
0.345792
0.345792
0.778452
0.778452
0.548818
0.548818
0.004034
0.004034
0.824199
0.824199
0.517553
0.517553
0.953271
0.953271
0.057081
0.057081
0.630861
0.630861
0.235455
0.235455
0.071566
0.071566
0.584831
0.584831
0.252571
0.252571
0.936921
0.936921
0.571381
0.571381
0.621686
0.621686
0.196820
0.196820
0.492250
0.492250
0.808637
0.808637
0.713094
0.713094
0.240923
0.240923
0.751584
0.751584
0.993332
0.993332
0.989718
0.989718
0.270260
0.270260
0.978918
0.978918
0.047793
0.047793
0.208025
0.208025
0.340731
0.340731
0.070030
0.070030
0.304032
0.304032
0.280556
0.280556
0.535900
0.535900
0.007134
0.007134
0.861560
0.861560
0.215149
0.215149
0.520977
0.520977
0.993075
0.993075
