0.816766
0.407837
0.772418
0.477072
0.964797
0.153679
0.288113
0.898429
0.977241
0.341124
0.606830
0.420339
0.478261
0.111322
0.899490
0.511149
0.565804
0.736803
0.657901
0.005410
0.620022
0.816766
0.708028
0.550367
0.632948
0.153679
0.034185
0.787278
0.977241
0.692613
0.771019
0.402567
0.478261
0.580007
0.565804
0.001277
0.620022
0.561281
0.838033
0.550367
0.280650
0.828475
0.787278
0.138627
0.081865
0.771019
0.346027
0.785793
0.001277
0.584812
0.659304
0.838033
0.397861
0.867750
0.945764
0.138627
0.799886
0.093956
0.346027
0.188156
0.659304
0.491883
0.911547
0.867750
0.343212
0.944155
0.093956
0.549402
0.568292
0.491883
0.560894
0.343212
0.122544
0.332058
0.568292
0.591634
0.244180
0.122544
0.212889
0.158349
0.244180
0.698616
0.453252
0.158349
0.754663
0.453252
0.727693
0.046418
0.727693
0.372420
0.213270
0.372420
0.338505
0.338505
0.677836
0.279500
0.279500
0.255653
0.065024
0.065024
0.041555
0.277639
0.277639
0.102262
0.102262
0.777258
0.777258
0.986695
0.986695
0.261481
0.261481
0.578198
0.578198
0.704596
0.704596
0.333267
0.333267
0.579574
0.579574
0.699273
0.699273
0.574446
0.574446
0.846200
0.846200
0.834304
0.834304
0.607682
0.607682
0.977053
0.977053
0.098503
0.098503
0.397564
0.397564
0.473336
0.473336
0.525064
0.525064
0.279309
0.279309
0.406654
0.406654
0.175359
0.175359
0.944597
0.944597
0.385717
0.385717
0.820653
0.820653
0.169370
0.169370
0.351717
0.351717
0.407837
0.407837
0.964797
0.964797
0.898429
0.898429
0.606830
0.606830
0.111322
0.111322
0.511149
0.511149
0.657901
0.657901
0.708028
0.708028
0.632948
0.632948
0.034185
0.034185
0.692613
0.692613
0.402567
0.402567
0.580007
0.580007
0.561281
0.561281
0.280650
0.280650
0.828475
0.828475
0.081865
0.081865
0.785793
0.785793
0.584812
0.584812
0.397861
0.397861
0.945764
0.945764
0.799886
0.799886
0.188156
0.188156
0.911547
0.911547
0.944155
0.944155
0.549402
0.549402
0.560894
0.560894
0.332058
0.332058
0.591634
0.591634
0.212889
0.212889
0.698616
0.698616
0.754663
0.754663
0.046418
0.046418
0.213270
0.213270
0.677836
0.677836
0.255653
0.255653
0.041555
0.041555
