0.954839
0.007296
0.334650
0.321657
0.742249
0.970241
0.177752
0.823635
0.262423
0.046857
0.263251
0.354234
0.198722
0.065258
0.720758
0.227576
0.116283
0.302029
0.253427
0.360383
0.521713
0.954839
0.007296
0.577351
0.585282
0.970241
0.377454
0.550935
0.530063
0.046857
0.262013
0.811553
0.015699
0.198722
0.332620
0.536918
0.116283
0.275246
0.521713
0.533682
0.585282
0.163878
0.054704
0.877254
0.550935
0.021969
0.811553
0.904547
0.948362
0.536918
0.714340
0.410650
0.533682
0.156908
0.604720
0.763689
0.054704
0.265542
0.214855
0.904547
0.506726
0.214973
0.714340
0.151934
0.604720
0.079734
0.724195
0.214855
0.791181
0.860547
0.214973
0.160925
0.079734
0.221185
0.265667
0.791181
0.131916
0.446784
0.221185
0.330042
0.033081
0.131916
0.017221
0.922074
0.033081
0.075671
0.922074
0.328568
0.093491
0.328568
0.528103
0.200812
0.528103
0.384131
0.384131
0.544957
0.089861
0.089861
0.038101
0.000624
0.000624
0.257280
0.443090
0.443090
0.589781
0.589781
0.290930
0.290930
0.170893
0.170893
0.318808
0.318808
0.519121
0.519121
0.313899
0.313899
0.214334
0.214334
0.487465
0.487465
0.033607
0.033607
0.175740
0.175740
0.262725
0.262725
0.639670
0.639670
0.242964
0.242964
0.681318
0.681318
0.040310
0.040310
0.243596
0.243596
0.157682
0.157682
0.551280
0.551280
0.209036
0.209036
0.499661
0.499661
0.661770
0.661770
0.734634
0.734634
0.838521
0.838521
0.564948
0.564948
0.030420
0.030420
0.858051
0.858051
0.321657
0.321657
0.177752
0.177752
0.262423
0.262423
0.354234
0.354234
0.720758
0.720758
0.302029
0.302029
0.360383
0.360383
0.577351
0.577351
0.377454
0.377454
0.530063
0.530063
0.262013
0.262013
0.015699
0.015699
0.332620
0.332620
0.275246
0.275246
0.163878
0.163878
0.877254
0.877254
0.021969
0.021969
0.948362
0.948362
0.410650
0.410650
0.156908
0.156908
0.763689
0.763689
0.265542
0.265542
0.506726
0.506726
0.151934
0.151934
0.724195
0.724195
0.860547
0.860547
0.160925
0.160925
0.265667
0.265667
0.446784
0.446784
0.330042
0.330042
0.017221
0.017221
0.075671
0.075671
0.093491
0.093491
0.200812
0.200812
0.544957
0.544957
0.038101
0.038101
0.257280
0.257280
