0.026637
0.800666
0.904407
0.059614
0.692208
0.312097
0.590538
0.384286
0.868667
0.367715
0.177992
0.241471
0.449873
0.115017
0.765444
0.879985
0.342061
0.379619
0.640193
0.332504
0.949644
0.026637
0.083361
0.930856
0.046315
0.312097
0.120706
0.812909
0.868667
0.651804
0.789094
0.543607
0.449873
0.081322
0.342061
0.506352
0.949644
0.410237
0.727478
0.930856
0.412426
0.431546
0.812909
0.220392
0.844005
0.789094
0.156014
0.589669
0.506352
0.168432
0.225430
0.727478
0.924643
0.599042
0.865341
0.220392
0.932624
0.586489
0.156014
0.170069
0.225430
0.968766
0.878797
0.599042
0.193258
0.608924
0.586489
0.757875
0.875410
0.968766
0.621198
0.193258
0.464221
0.724760
0.875410
0.463826
0.124815
0.464221
0.279857
0.175227
0.124815
0.666289
0.966463
0.175227
0.639923
0.966463
0.348432
0.538258
0.348432
0.183049
0.222461
0.183049
0.274975
0.274975
0.118484
0.738935
0.738935
0.633189
0.298806
0.298806
0.593419
0.913074
0.913074
0.446381
0.446381
0.563168
0.563168
0.249921
0.249921
0.898270
0.898270
0.630266
0.630266
0.801425
0.801425
0.924153
0.924153
0.044046
0.044046
0.822809
0.822809
0.967203
0.967203
0.133869
0.133869
0.694293
0.694293
0.098293
0.098293
0.835507
0.835507
0.084146
0.084146
0.855456
0.855456
0.341420
0.341420
0.340091
0.340091
0.329944
0.329944
0.943613
0.943613
0.063709
0.063709
0.803855
0.803855
0.612981
0.612981
0.271021
0.271021
0.629702
0.629702
0.696683
0.696683
0.800666
0.800666
0.692208
0.692208
0.384286
0.384286
0.177992
0.177992
0.115017
0.115017
0.879985
0.879985
0.640193
0.640193
0.083361
0.083361
0.046315
0.046315
0.120706
0.120706
0.651804
0.651804
0.543607
0.543607
0.081322
0.081322
0.410237
0.410237
0.412426
0.412426
0.431546
0.431546
0.844005
0.844005
0.589669
0.589669
0.168432
0.168432
0.924643
0.924643
0.865341
0.865341
0.932624
0.932624
0.170069
0.170069
0.878797
0.878797
0.608924
0.608924
0.757875
0.757875
0.621198
0.621198
0.724760
0.724760
0.463826
0.463826
0.279857
0.279857
0.666289
0.666289
0.639923
0.639923
0.538258
0.538258
0.222461
0.222461
0.118484
0.118484
0.633189
0.633189
0.593419
0.593419
