0.274662
0.807100
0.486723
0.175050
0.306949
0.470339
0.804947
0.954750
0.562984
0.994973
0.562432
0.341442
0.206683
0.766941
0.607880
0.860081
0.855751
0.065280
0.012950
0.858827
0.592621
0.274662
0.992222
0.848587
0.234184
0.470339
0.634189
0.409128
0.562984
0.400581
0.227667
0.628434
0.206683
0.336774
0.755310
0.860081
0.371215
0.592621
0.280907
0.848587
0.391925
0.429538
0.896757
0.409128
0.462855
0.227667
0.830444
0.201765
0.755310
0.303635
0.648138
0.280907
0.657272
0.017658
0.415248
0.896757
0.259408
0.777835
0.830444
0.569965
0.648138
0.164410
0.214828
0.017658
0.856673
0.978228
0.777835
0.070497
0.177425
0.164410
0.235350
0.856673
0.260472
0.036219
0.177425
0.204835
0.941373
0.260472
0.740003
0.340031
0.204835
0.285071
0.739576
0.340031
0.066673
0.739576
0.971986
0.603785
0.971986
0.523067
0.478845
0.523067
0.864107
0.864107
0.460652
0.202539
0.202539
0.248958
0.331922
0.331922
0.028545
0.392471
0.392471
0.333705
0.333705
0.130940
0.130940
0.524499
0.524499
0.014498
0.014498
0.448655
0.448655
0.347922
0.347922
0.554592
0.554592
0.347392
0.347392
0.996720
0.996720
0.126953
0.126953
0.924444
0.924444
0.365713
0.365713
0.988952
0.988952
0.170653
0.170653
0.652390
0.652390
0.428196
0.428196
0.575754
0.575754
0.828135
0.828135
0.662022
0.662022
0.974424
0.974424
0.277175
0.277175
0.041654
0.041654
0.587805
0.587805
0.638951
0.638951
0.380796
0.380796
0.990290
0.990290
0.807100
0.807100
0.306949
0.306949
0.954750
0.954750
0.562432
0.562432
0.766941
0.766941
0.855751
0.855751
0.012950
0.012950
0.992222
0.992222
0.234184
0.234184
0.634189
0.634189
0.400581
0.400581
0.628434
0.628434
0.336774
0.336774
0.371215
0.371215
0.391925
0.391925
0.429538
0.429538
0.462855
0.462855
0.201765
0.201765
0.303635
0.303635
0.657272
0.657272
0.415248
0.415248
0.259408
0.259408
0.569965
0.569965
0.214828
0.214828
0.978228
0.978228
0.070497
0.070497
0.235350
0.235350
0.036219
0.036219
0.941373
0.941373
0.740003
0.740003
0.285071
0.285071
0.066673
0.066673
0.603785
0.603785
0.478845
0.478845
0.460652
0.460652
0.248958
0.248958
0.028545
0.028545
