0.429072
0.903674
0.467829
0.632666
0.259621
0.771017
0.175108
0.563305
0.617610
0.595040
0.350333
0.919124
0.209334
0.276606
0.078756
0.797900
0.835923
0.270040
0.370937
0.280829
0.410337
0.158693
0.903674
0.467829
0.725217
0.873398
0.175108
0.937045
0.184981
0.858468
0.350333
0.557756
0.170255
0.523744
0.276606
0.058773
0.948113
0.270040
0.722122
0.158693
0.536742
0.873398
0.862903
0.590669
0.754779
0.184981
0.761888
0.170255
0.929753
0.515632
0.948113
0.862852
0.173998
0.536742
0.197912
0.063295
0.632666
0.590669
0.685056
0.105098
0.929753
0.184964
0.250703
0.862852
0.094706
0.063295
0.909285
0.529294
0.105098
0.828316
0.342179
0.250703
0.055643
0.909285
0.791793
0.530739
0.828316
0.846633
0.397218
0.791793
0.234270
0.899648
0.846633
0.097809
0.634762
0.899648
0.180370
0.634762
0.303625
0.324682
0.303625
0.839958
0.198185
0.839958
0.994721
0.994721
0.908608
0.244688
0.244688
0.696776
0.137549
0.137549
0.374899
0.267823
0.267823
0.060373
0.060373
0.617720
0.617720
0.472152
0.472152
0.801679
0.801679
0.734145
0.734145
0.916705
0.916705
0.369616
0.369616
0.645502
0.645502
0.923132
0.923132
0.389281
0.389281
0.591898
0.591898
0.621769
0.621769
0.749393
0.749393
0.797763
0.797763
0.287921
0.287921
0.580434
0.580434
0.711962
0.711962
0.915283
0.915283
0.579485
0.579485
0.951410
0.951410
0.109448
0.109448
0.168806
0.168806
0.741389
0.741389
0.773191
0.773191
0.317325
0.317325
0.429072
0.429072
0.259621
0.259621
0.563305
0.563305
0.595040
0.595040
0.209334
0.209334
0.797900
0.797900
0.370937
0.370937
0.410337
0.410337
0.725217
0.725217
0.937045
0.937045
0.858468
0.858468
0.557756
0.557756
0.523744
0.523744
0.058773
0.058773
0.722122
0.722122
0.862903
0.862903
0.754779
0.754779
0.761888
0.761888
0.515632
0.515632
0.173998
0.173998
0.197912
0.197912
0.632666
0.632666
0.685056
0.685056
0.184964
0.184964
0.094706
0.094706
0.529294
0.529294
0.342179
0.342179
0.055643
0.055643
0.530739
0.530739
0.397218
0.397218
0.234270
0.234270
0.097809
0.097809
0.180370
0.180370
0.324682
0.324682
0.198185
0.198185
0.908608
0.908608
0.696776
0.696776
0.374899
0.374899
