0.357839
0.430809
0.093154
0.777012
0.269231
0.370417
0.363654
0.531915
0.065425
0.403221
0.778826
0.242361
0.388020
0.680276
0.154832
0.723871
0.763353
0.365019
0.031259
0.329352
0.335577
0.357839
0.054458
0.582283
0.055199
0.370417
0.768222
0.670824
0.065425
0.573273
0.983440
0.134116
0.388020
0.631104
0.822967
0.723871
0.044417
0.335577
0.383682
0.582283
0.991616
0.973006
0.357777
0.670824
0.558667
0.983440
0.331458
0.354198
0.822967
0.753351
0.001554
0.383682
0.991680
0.588970
0.202680
0.357777
0.200076
0.267282
0.331458
0.225800
0.001554
0.436177
0.928322
0.588970
0.092955
0.159202
0.267282
0.656321
0.908019
0.436177
0.098274
0.092955
0.350651
0.004035
0.908019
0.007780
0.602738
0.350651
0.214099
0.970674
0.007780
0.947484
0.575090
0.970674
0.031169
0.575090
0.856026
0.603353
0.856026
0.182314
0.519242
0.182314
0.785911
0.785911
0.463429
0.223549
0.223549
0.588681
0.085577
0.085577
0.468491
0.362757
0.362757
0.047676
0.047676
0.939999
0.939999
0.948436
0.948436
0.171298
0.171298
0.779736
0.779736
0.658984
0.658984
0.278705
0.278705
0.064388
0.064388
0.059253
0.059253
0.079304
0.079304
0.852410
0.852410
0.530714
0.530714
0.651579
0.651579
0.933513
0.933513
0.019528
0.019528
0.233902
0.233902
0.699229
0.699229
0.505068
0.505068
0.529298
0.529298
0.256073
0.256073
0.763253
0.763253
0.223872
0.223872
0.305343
0.305343
0.751362
0.751362
0.343665
0.343665
0.227159
0.227159
0.430809
0.430809
0.269231
0.269231
0.531915
0.531915
0.778826
0.778826
0.680276
0.680276
0.763353
0.763353
0.031259
0.031259
0.054458
0.054458
0.055199
0.055199
0.768222
0.768222
0.573273
0.573273
0.134116
0.134116
0.631104
0.631104
0.044417
0.044417
0.991616
0.991616
0.973006
0.973006
0.558667
0.558667
0.354198
0.354198
0.753351
0.753351
0.991680
0.991680
0.202680
0.202680
0.200076
0.200076
0.225800
0.225800
0.928322
0.928322
0.159202
0.159202
0.656321
0.656321
0.098274
0.098274
0.004035
0.004035
0.602738
0.602738
0.214099
0.214099
0.947484
0.947484
0.031169
0.031169
0.603353
0.603353
0.519242
0.519242
0.463429
0.463429
0.588681
0.588681
0.468491
0.468491
