0.742714
0.589703
0.979774
0.227646
0.229168
0.880173
0.855778
0.091957
0.096969
0.551604
0.979520
0.471587
0.899715
0.170130
0.373596
0.066999
0.686917
0.904442
0.609198
0.098500
0.027303
0.742714
0.335479
0.579735
0.925383
0.880173
0.151101
0.161824
0.096969
0.516173
0.171791
0.382961
0.899715
0.552149
0.686917
0.685362
0.027303
0.073391
0.158539
0.579735
0.320143
0.212104
0.350152
0.161824
0.658752
0.171791
0.365739
0.427045
0.685362
0.234556
0.171327
0.158539
0.689876
0.181823
0.752216
0.350152
0.293411
0.800415
0.365739
0.547944
0.171327
0.430102
0.410407
0.181823
0.064024
0.003040
0.800415
0.599743
0.810042
0.430102
0.750502
0.064024
0.574473
0.534295
0.810042
0.024409
0.385799
0.574473
0.609701
0.051331
0.385799
0.208642
0.136640
0.051331
0.133848
0.136640
0.383749
0.007483
0.383749
0.074580
0.074580
0.356292
0.852353
0.852353
0.221462
0.765783
0.765783
0.959671
0.518620
0.518620
0.107172
0.329137
0.329137
0.116502
0.116502
0.268098
0.268098
0.741464
0.741464
0.846352
0.846352
0.294480
0.294480
0.393384
0.393384
0.086256
0.086256
0.948700
0.948700
0.239109
0.239109
0.695382
0.695382
0.064428
0.064428
0.911188
0.911188
0.377619
0.377619
0.549139
0.549139
0.243227
0.243227
0.433747
0.433747
0.770799
0.770799
0.599276
0.599276
0.185083
0.185083
0.045074
0.045074
0.302454
0.302454
0.090033
0.090033
0.909384
0.909384
0.969142
0.969142
0.656232
0.656232
0.984796
0.984796
0.589703
0.589703
0.229168
0.229168
0.091957
0.091957
0.979520
0.979520
0.170130
0.170130
0.066999
0.066999
0.609198
0.609198
0.335479
0.335479
0.925383
0.925383
0.151101
0.151101
0.516173
0.516173
0.382961
0.382961
0.552149
0.552149
0.073391
0.073391
0.320143
0.320143
0.212104
0.212104
0.658752
0.658752
0.427045
0.427045
0.234556
0.234556
0.689876
0.689876
0.752216
0.752216
0.293411
0.293411
0.547944
0.547944
0.410407
0.410407
0.003040
0.003040
0.599743
0.599743
0.750502
0.750502
0.534295
0.534295
0.024409
0.024409
0.609701
0.609701
0.208642
0.208642
0.133848
0.133848
0.007483
0.007483
0.356292
0.356292
0.221462
0.221462
0.959671
0.959671
0.107172
0.107172
