0.415898
0.340072
0.224785
0.114118
0.038261
0.657121
0.512089
0.282356
0.782471
0.124669
0.509633
0.745767
0.901971
0.717410
0.896769
0.790004
0.148531
0.385741
0.442155
0.396143
0.464732
0.415898
0.999096
0.591758
0.664642
0.657121
0.165727
0.614834
0.782471
0.133808
0.951678
0.823878
0.901971
0.497053
0.148531
0.069187
0.464732
0.065976
0.987967
0.591758
0.952903
0.391099
0.614834
0.461492
0.298813
0.951678
0.102711
0.014763
0.069187
0.791732
0.712570
0.987967
0.069932
0.543033
0.693571
0.461492
0.482704
0.181858
0.102711
0.140499
0.712570
0.305234
0.259694
0.543033
0.507535
0.182571
0.181858
0.502692
0.749956
0.305234
0.498410
0.507535
0.046851
0.327931
0.749956
0.534886
0.319790
0.046851
0.489848
0.983592
0.319790
0.848508
0.489717
0.983592
0.189900
0.489717
0.775619
0.765611
0.775619
0.459442
0.214347
0.459442
0.031414
0.031414
0.088401
0.871578
0.871578
0.285981
0.352879
0.352879
0.490247
0.575162
0.575162
0.695171
0.695171
0.730733
0.730733
0.307693
0.307693
0.556838
0.556838
0.543062
0.543062
0.851776
0.851776
0.929740
0.929740
0.395024
0.395024
0.968111
0.968111
0.703739
0.703739
0.100130
0.100130
0.794128
0.794128
0.746454
0.746454
0.657308
0.657308
0.942028
0.942028
0.189607
0.189607
0.846818
0.846818
0.845295
0.845295
0.223408
0.223408
0.622881
0.622881
0.724581
0.724581
0.833519
0.833519
0.725404
0.725404
0.165936
0.165936
0.211141
0.211141
0.370058
0.370058
0.340072
0.340072
0.038261
0.038261
0.282356
0.282356
0.509633
0.509633
0.717410
0.717410
0.790004
0.790004
0.442155
0.442155
0.999096
0.999096
0.664642
0.664642
0.165727
0.165727
0.133808
0.133808
0.823878
0.823878
0.497053
0.497053
0.065976
0.065976
0.952903
0.952903
0.391099
0.391099
0.298813
0.298813
0.014763
0.014763
0.791732
0.791732
0.069932
0.069932
0.693571
0.693571
0.482704
0.482704
0.140499
0.140499
0.259694
0.259694
0.182571
0.182571
0.502692
0.502692
0.498410
0.498410
0.327931
0.327931
0.534886
0.534886
0.489848
0.489848
0.848508
0.848508
0.189900
0.189900
0.765611
0.765611
0.214347
0.214347
0.088401
0.088401
0.285981
0.285981
0.490247
0.490247
