0.165013
0.434488
0.126997
0.790701
0.426197
0.690906
0.637990
0.196578
0.336286
0.622318
0.335840
0.762584
0.875123
0.999498
0.387132
0.985591
0.920827
0.529096
0.714492
0.500433
0.175136
0.165013
0.005120
0.242628
0.037557
0.690906
0.902197
0.519683
0.336286
0.842479
0.146101
0.214774
0.875123
0.765061
0.920827
0.783890
0.175136
0.002014
0.493755
0.242628
0.384630
0.645902
0.703347
0.519683
0.205820
0.146101
0.476667
0.745984
0.783890
0.900743
0.343942
0.493755
0.036932
0.480088
0.963443
0.703347
0.044969
0.430817
0.476667
0.280475
0.343942
0.824060
0.356985
0.480088
0.211105
0.104844
0.430817
0.156457
0.980045
0.824060
0.704445
0.211105
0.938016
0.864425
0.980045
0.476278
0.129507
0.938016
0.282841
0.944687
0.129507
0.743954
0.033216
0.944687
0.243990
0.033216
0.738384
0.709208
0.738384
0.326084
0.326084
0.381325
0.992691
0.992691
0.828908
0.031539
0.031539
0.778253
0.513334
0.513334
0.173808
0.223790
0.223790
0.213668
0.213668
0.492868
0.492868
0.622423
0.622423
0.018912
0.018912
0.266523
0.266523
0.215822
0.215822
0.390844
0.390844
0.159311
0.159311
0.204097
0.204097
0.071951
0.071951
0.589558
0.589558
0.548903
0.548903
0.190537
0.190537
0.575726
0.575726
0.189730
0.189730
0.088456
0.088456
0.408735
0.408735
0.959773
0.959773
0.078479
0.078479
0.142742
0.142742
0.231003
0.231003
0.079932
0.079932
0.788775
0.788775
0.728396
0.728396
0.671092
0.671092
0.165912
0.165912
0.434488
0.434488
0.426197
0.426197
0.196578
0.196578
0.335840
0.335840
0.999498
0.999498
0.985591
0.985591
0.714492
0.714492
0.005120
0.005120
0.037557
0.037557
0.902197
0.902197
0.842479
0.842479
0.214774
0.214774
0.765061
0.765061
0.002014
0.002014
0.384630
0.384630
0.645902
0.645902
0.205820
0.205820
0.745984
0.745984
0.900743
0.900743
0.036932
0.036932
0.963443
0.963443
0.044969
0.044969
0.280475
0.280475
0.356985
0.356985
0.104844
0.104844
0.156457
0.156457
0.704445
0.704445
0.864425
0.864425
0.476278
0.476278
0.282841
0.282841
0.743954
0.743954
0.243990
0.243990
0.709208
0.709208
0.381325
0.381325
0.828908
0.828908
0.778253
0.778253
0.173808
0.173808
