0.206282
0.355107
0.942175
0.840379
0.321313
0.645898
0.557227
0.203678
0.611166
0.347720
0.731082
0.082141
0.157000
0.708402
0.330020
0.657280
0.316827
0.501674
0.555911
0.815660
0.471449
0.332763
0.355107
0.942175
0.308106
0.752504
0.557227
0.357453
0.617525
0.541409
0.731082
0.949918
0.185878
0.287912
0.708402
0.319523
0.571739
0.501674
0.430090
0.332763
0.553361
0.752504
0.250831
0.420086
0.458046
0.617525
0.327194
0.185878
0.801189
0.827535
0.571739
0.681175
0.929841
0.553361
0.220996
0.565397
0.873777
0.420086
0.030703
0.075013
0.801189
0.002590
0.786226
0.681175
0.078969
0.565397
0.555898
0.107370
0.075013
0.128851
0.740604
0.786226
0.550745
0.555898
0.651982
0.847177
0.128851
0.289018
0.767868
0.651982
0.914038
0.990689
0.289018
0.233890
0.567443
0.990689
0.791507
0.567443
0.975641
0.811563
0.975641
0.218740
0.379526
0.218740
0.716297
0.716297
0.994494
0.511085
0.511085
0.118277
0.242242
0.242242
0.645155
0.699621
0.699621
0.615545
0.615545
0.385562
0.385562
0.214177
0.214177
0.832400
0.832400
0.060984
0.060984
0.596062
0.596062
0.962529
0.962529
0.160162
0.160162
0.749710
0.749710
0.670143
0.670143
0.494780
0.494780
0.363474
0.363474
0.936475
0.936475
0.883991
0.883991
0.306986
0.306986
0.481592
0.481592
0.624983
0.624983
0.821307
0.821307
0.723507
0.723507
0.397657
0.397657
0.048222
0.048222
0.267134
0.267134
0.037066
0.037066
0.821518
0.821518
0.496063
0.496063
0.206282
0.206282
0.321313
0.321313
0.203678
0.203678
0.347720
0.347720
0.157000
0.157000
0.657280
0.657280
0.555911
0.555911
0.471449
0.471449
0.308106
0.308106
0.357453
0.357453
0.541409
0.541409
0.949918
0.949918
0.287912
0.287912
0.319523
0.319523
0.430090
0.430090
0.250831
0.250831
0.458046
0.458046
0.327194
0.327194
0.827535
0.827535
0.929841
0.929841
0.220996
0.220996
0.873777
0.873777
0.030703
0.030703
0.002590
0.002590
0.078969
0.078969
0.107370
0.107370
0.740604
0.740604
0.550745
0.550745
0.847177
0.847177
0.767868
0.767868
0.914038
0.914038
0.233890
0.233890
0.791507
0.791507
0.811563
0.811563
0.379526
0.379526
0.994494
0.994494
0.118277
0.118277
0.645155
0.645155
