0.014149
0.046964
0.456475
0.140084
0.979681
0.592956
0.041796
0.228487
0.139939
0.954103
0.784365
0.321844
0.054357
0.003777
0.825713
0.992870
0.057583
0.389281
0.590336
0.621708
0.213490
0.014149
0.850323
0.624635
0.391689
0.592956
0.340671
0.631953
0.139939
0.700934
0.784944
0.305737
0.054357
0.205824
0.057583
0.288936
0.213490
0.084587
0.048034
0.624635
0.871431
0.607981
0.032048
0.631953
0.875706
0.784944
0.807827
0.659153
0.288936
0.283059
0.971137
0.048034
0.700261
0.524147
0.538850
0.032048
0.719844
0.155334
0.807827
0.580710
0.971137
0.820631
0.551739
0.524147
0.950493
0.964845
0.155334
0.335190
0.605959
0.820631
0.973692
0.950493
0.572878
0.864383
0.605959
0.272395
0.006356
0.572878
0.281695
0.324407
0.006356
0.450132
0.145665
0.324407
0.899140
0.145665
0.427295
0.619868
0.427295
0.690184
0.690184
0.980747
0.169345
0.169345
0.437391
0.645011
0.645011
0.739459
0.829863
0.829863
0.718116
0.792694
0.792694
0.717820
0.717820
0.922550
0.922550
0.257613
0.257613
0.381848
0.381848
0.490334
0.490334
0.125639
0.125639
0.736845
0.736845
0.499189
0.499189
0.559583
0.559583
0.993721
0.993721
0.287984
0.287984
0.642707
0.642707
0.980720
0.980720
0.911640
0.911640
0.413450
0.413450
0.706292
0.706292
0.688347
0.688347
0.592171
0.592171
0.267586
0.267586
0.551968
0.551968
0.792841
0.792841
0.243707
0.243707
0.264893
0.264893
0.947799
0.947799
0.280604
0.280604
0.329785
0.329785
0.046964
0.046964
0.979681
0.979681
0.228487
0.228487
0.784365
0.784365
0.003777
0.003777
0.992870
0.992870
0.590336
0.590336
0.850323
0.850323
0.391689
0.391689
0.340671
0.340671
0.700934
0.700934
0.305737
0.305737
0.205824
0.205824
0.084587
0.084587
0.871431
0.871431
0.607981
0.607981
0.875706
0.875706
0.659153
0.659153
0.283059
0.283059
0.700261
0.700261
0.538850
0.538850
0.719844
0.719844
0.580710
0.580710
0.551739
0.551739
0.964845
0.964845
0.335190
0.335190
0.973692
0.973692
0.864383
0.864383
0.272395
0.272395
0.281695
0.281695
0.450132
0.450132
0.899140
0.899140
0.619868
0.619868
0.980747
0.980747
0.437391
0.437391
0.739459
0.739459
0.718116
0.718116
