0.975119
0.294571
0.579011
0.794296
0.358457
0.318553
0.478718
0.921486
0.872532
0.654076
0.324725
0.718682
0.283559
0.444524
0.197816
0.094368
0.990717
0.007802
0.743611
0.042626
0.919284
0.975119
0.710951
0.312395
0.622338
0.318553
0.487853
0.151047
0.872532
0.200902
0.509228
0.846747
0.283559
0.619000
0.323048
0.094368
0.960602
0.919284
0.412893
0.312395
0.736084
0.033748
0.960215
0.151047
0.512172
0.509228
0.005089
0.610282
0.323048
0.494279
0.931915
0.412893
0.496736
0.979348
0.482244
0.960215
0.065809
0.151530
0.005089
0.314298
0.931915
0.356823
0.260721
0.979348
0.731374
0.287922
0.151530
0.893220
0.098220
0.356823
0.955984
0.731374
0.249340
0.851342
0.098220
0.523369
0.013819
0.249340
0.063024
0.480859
0.523369
0.341408
0.597030
0.480859
0.651708
0.597030
0.584364
0.576355
0.584364
0.967688
0.963334
0.967688
0.229382
0.229382
0.990343
0.137410
0.137410
0.033995
0.843766
0.843766
0.606150
0.813594
0.813594
0.999870
0.999870
0.638015
0.638015
0.973630
0.973630
0.130604
0.130604
0.982487
0.982487
0.319838
0.319838
0.141744
0.141744
0.639046
0.639046
0.615634
0.615634
0.735257
0.735257
0.743953
0.743953
0.796506
0.796506
0.789350
0.789350
0.687708
0.687708
0.402313
0.402313
0.008243
0.008243
0.124531
0.124531
0.036089
0.036089
0.764998
0.764998
0.235286
0.235286
0.808386
0.808386
0.464847
0.464847
0.718894
0.718894
0.803223
0.803223
0.560995
0.560995
0.825997
0.825997
0.294571
0.294571
0.358457
0.358457
0.921486
0.921486
0.324725
0.324725
0.444524
0.444524
0.990717
0.990717
0.743611
0.743611
0.710951
0.710951
0.622338
0.622338
0.487853
0.487853
0.200902
0.200902
0.846747
0.846747
0.619000
0.619000
0.960602
0.960602
0.736084
0.736084
0.033748
0.033748
0.512172
0.512172
0.610282
0.610282
0.494279
0.494279
0.496736
0.496736
0.482244
0.482244
0.065809
0.065809
0.314298
0.314298
0.260721
0.260721
0.287922
0.287922
0.893220
0.893220
0.955984
0.955984
0.851342
0.851342
0.013819
0.013819
0.063024
0.063024
0.341408
0.341408
0.651708
0.651708
0.576355
0.576355
0.963334
0.963334
0.990343
0.990343
0.033995
0.033995
0.606150
0.606150
