0.480619
0.574262
0.368594
0.385035
0.664613
0.593817
0.042824
0.366854
0.605925
0.499274
0.109383
0.449691
0.909044
0.740478
0.389358
0.252680
0.124060
0.103576
0.254343
0.452591
0.893859
0.480619
0.057984
0.573583
0.381038
0.593817
0.805780
0.468735
0.605925
0.815519
0.353758
0.700736
0.909044
0.359861
0.124060
0.735217
0.893859
0.766909
0.756496
0.573583
0.904296
0.853503
0.468735
0.851396
0.647555
0.353758
0.198710
0.628597
0.735217
0.536143
0.139496
0.756496
0.784176
0.217530
0.089586
0.851396
0.292649
0.741414
0.198710
0.191735
0.139496
0.231928
0.485906
0.217530
0.646802
0.161719
0.741414
0.458810
0.471222
0.231928
0.293880
0.646802
0.360500
0.833483
0.471222
0.349593
0.453994
0.360500
0.106151
0.300358
0.453994
0.664021
0.626040
0.300358
0.925081
0.626040
0.361488
0.219413
0.361488
0.117394
0.343179
0.117394
0.787830
0.787830
0.273778
0.494614
0.494614
0.391911
0.383340
0.383340
0.229091
0.597682
0.597682
0.939695
0.939695
0.110564
0.110564
0.380608
0.380608
0.966717
0.966717
0.618523
0.618523
0.526907
0.526907
0.567171
0.567171
0.156146
0.156146
0.706720
0.706720
0.382731
0.382731
0.729248
0.729248
0.953942
0.953942
0.059740
0.059740
0.163400
0.163400
0.413377
0.413377
0.993417
0.993417
0.767108
0.767108
0.010273
0.010273
0.775227
0.775227
0.785364
0.785364
0.305913
0.305913
0.271543
0.271543
0.857074
0.857074
0.484796
0.484796
0.809705
0.809705
0.168982
0.168982
0.574262
0.574262
0.664613
0.664613
0.366854
0.366854
0.109383
0.109383
0.740478
0.740478
0.252680
0.252680
0.254343
0.254343
0.057984
0.057984
0.381038
0.381038
0.805780
0.805780
0.815519
0.815519
0.700736
0.700736
0.359861
0.359861
0.766909
0.766909
0.904296
0.904296
0.853503
0.853503
0.647555
0.647555
0.628597
0.628597
0.536143
0.536143
0.784176
0.784176
0.089586
0.089586
0.292649
0.292649
0.191735
0.191735
0.485906
0.485906
0.161719
0.161719
0.458810
0.458810
0.293880
0.293880
0.833483
0.833483
0.349593
0.349593
0.106151
0.106151
0.664021
0.664021
0.925081
0.925081
0.219413
0.219413
0.343179
0.343179
0.273778
0.273778
0.391911
0.391911
0.229091
0.229091
