0.756351
0.972252
0.372181
0.773678
0.565182
0.590119
0.377732
0.019598
0.235352
0.743195
0.735852
0.675464
0.212492
0.184768
0.967818
0.188928
0.137289
0.664311
0.292800
0.644430
0.302793
0.822505
0.972252
0.372181
0.749936
0.930170
0.576142
0.590119
0.579332
0.081091
0.735852
0.062230
0.029278
0.057839
0.184768
0.799824
0.707670
0.664311
0.849515
0.822505
0.355900
0.930170
0.102130
0.690057
0.579332
0.022832
0.404162
0.029278
0.067550
0.683987
0.707670
0.533646
0.316157
0.355900
0.372971
0.273172
0.543448
0.690057
0.851617
0.867939
0.067550
0.917637
0.403157
0.533646
0.762284
0.273172
0.173544
0.998104
0.851617
0.082025
0.114608
0.403157
0.892969
0.173544
0.959278
0.082025
0.266186
0.593850
0.502811
0.959278
0.159846
0.557770
0.593850
0.245557
0.247294
0.557770
0.866806
0.247294
0.085153
0.531955
0.085153
0.799551
0.168284
0.799551
0.246643
0.246643
0.964827
0.172354
0.172354
0.183657
0.111998
0.111998
0.016794
0.051214
0.051214
0.504173
0.504173
0.006741
0.006741
0.261244
0.261244
0.284682
0.284682
0.236379
0.236379
0.481271
0.481271
0.967117
0.967117
0.318429
0.318429
0.252699
0.252699
0.796119
0.796119
0.165188
0.165188
0.101900
0.101900
0.545335
0.545335
0.468033
0.468033
0.190895
0.190895
0.240578
0.240578
0.245659
0.245659
0.008564
0.008564
0.914823
0.914823
0.621624
0.621624
0.813731
0.813731
0.146766
0.146766
0.456135
0.456135
0.156781
0.156781
0.679030
0.679030
0.756351
0.756351
0.565182
0.565182
0.019598
0.019598
0.743195
0.743195
0.212492
0.212492
0.188928
0.188928
0.292800
0.292800
0.302793
0.302793
0.749936
0.749936
0.576142
0.576142
0.081091
0.081091
0.062230
0.062230
0.057839
0.057839
0.799824
0.799824
0.849515
0.849515
0.102130
0.102130
0.022832
0.022832
0.404162
0.404162
0.683987
0.683987
0.316157
0.316157
0.372971
0.372971
0.543448
0.543448
0.867939
0.867939
0.917637
0.917637
0.762284
0.762284
0.998104
0.998104
0.114608
0.114608
0.892969
0.892969
0.266186
0.266186
0.502811
0.502811
0.159846
0.159846
0.245557
0.245557
0.866806
0.866806
0.531955
0.531955
0.168284
0.168284
0.964827
0.964827
0.183657
0.183657
0.016794
0.016794
