0.310913
0.774675
0.021528
0.793671
0.155340
0.044589
0.943254
0.456182
0.923637
0.168306
0.643773
0.410901
0.325079
0.980399
0.717935
0.222223
0.959218
0.670691
0.450939
0.982627
0.160209
0.775574
0.774675
0.021528
0.067328
0.519265
0.818409
0.044589
0.301552
0.360685
0.643773
0.245035
0.010909
0.980399
0.001016
0.938850
0.045656
0.670691
0.430601
0.775574
0.051200
0.519265
0.966606
0.273727
0.301552
0.943956
0.858798
0.010909
0.275516
0.875603
0.045656
0.339934
0.850943
0.051200
0.288436
0.472098
0.007851
0.273727
0.333453
0.616717
0.275516
0.834421
0.115554
0.339934
0.091362
0.472098
0.768772
0.830072
0.333453
0.969317
0.196368
0.115554
0.063945
0.198435
0.768772
0.710303
0.969317
0.321889
0.185731
0.198435
0.879302
0.888930
0.321889
0.907266
0.766817
0.888930
0.134191
0.766817
0.727988
0.312932
0.727988
0.572061
0.840074
0.572061
0.863724
0.863724
0.619025
0.217897
0.217897
0.826788
0.365092
0.365092
0.491188
0.638850
0.638850
0.193760
0.193760
0.000919
0.000919
0.466524
0.466524
0.357964
0.357964
0.980226
0.980226
0.031922
0.031922
0.849529
0.849529
0.994831
0.994831
0.725798
0.725798
0.350200
0.350200
0.430369
0.430369
0.430210
0.430210
0.141189
0.141189
0.649099
0.649099
0.108435
0.108435
0.821330
0.821330
0.988598
0.988598
0.293084
0.293084
0.901583
0.901583
0.399233
0.399233
0.486575
0.486575
0.148759
0.148759
0.111484
0.111484
0.240711
0.240711
0.961899
0.961899
0.310913
0.310913
0.793671
0.793671
0.456182
0.456182
0.168306
0.168306
0.325079
0.325079
0.222223
0.222223
0.450939
0.450939
0.160209
0.160209
0.067328
0.067328
0.818409
0.818409
0.360685
0.360685
0.245035
0.245035
0.001016
0.001016
0.938850
0.938850
0.430601
0.430601
0.966606
0.966606
0.943956
0.943956
0.858798
0.858798
0.875603
0.875603
0.850943
0.850943
0.288436
0.288436
0.007851
0.007851
0.616717
0.616717
0.834421
0.834421
0.091362
0.091362
0.830072
0.830072
0.196368
0.196368
0.063945
0.063945
0.710303
0.710303
0.185731
0.185731
0.879302
0.879302
0.907266
0.907266
0.134191
0.134191
0.312932
0.312932
0.840074
0.840074
0.619025
0.619025
0.826788
0.826788
0.491188
0.491188
