0.689898
0.331133
0.445341
0.465051
0.070966
0.985088
0.391759
0.933285
0.274777
0.951998
0.251275
0.711858
0.191339
0.742411
0.467879
0.779092
0.152900
0.589397
0.971435
0.809226
0.035039
0.689898
0.331133
0.221593
0.146375
0.369823
0.070966
0.355961
0.632935
0.951998
0.336122
0.329472
0.036797
0.191339
0.646057
0.458335
0.152900
0.957539
0.035039
0.265845
0.146375
0.628960
0.508721
0.355961
0.857876
0.570227
0.329472
0.141980
0.787605
0.458335
0.072079
0.147740
0.265845
0.098525
0.076882
0.894444
0.508721
0.680472
0.138130
0.141980
0.337024
0.433046
0.072079
0.459508
0.076882
0.542587
0.382773
0.680472
0.901881
0.893495
0.433046
0.238181
0.542587
0.651787
0.901881
0.691574
0.164179
0.386019
0.651787
0.645731
0.184033
0.164179
0.485474
0.979725
0.184033
0.732602
0.979725
0.921251
0.305934
0.921251
0.694363
0.530448
0.694363
0.086140
0.086140
0.395580
0.608693
0.608693
0.815479
0.839903
0.839903
0.938035
0.052293
0.052293
0.808994
0.808994
0.219373
0.219373
0.413987
0.413987
0.775766
0.775766
0.864688
0.864688
0.297520
0.297520
0.166715
0.166715
0.708129
0.708129
0.297118
0.297118
0.263477
0.263477
0.297020
0.297020
0.429933
0.429933
0.790076
0.790076
0.144403
0.144403
0.052204
0.052204
0.979363
0.979363
0.127742
0.127742
0.335109
0.335109
0.804584
0.804584
0.043926
0.043926
0.288874
0.288874
0.975132
0.975132
0.555220
0.555220
0.258132
0.258132
0.325636
0.325636
0.737145
0.737145
0.465051
0.465051
0.391759
0.391759
0.274777
0.274777
0.711858
0.711858
0.467879
0.467879
0.589397
0.589397
0.809226
0.809226
0.221593
0.221593
0.369823
0.369823
0.632935
0.632935
0.336122
0.336122
0.036797
0.036797
0.646057
0.646057
0.957539
0.957539
0.628960
0.628960
0.857876
0.857876
0.570227
0.570227
0.787605
0.787605
0.147740
0.147740
0.098525
0.098525
0.894444
0.894444
0.138130
0.138130
0.337024
0.337024
0.459508
0.459508
0.382773
0.382773
0.893495
0.893495
0.238181
0.238181
0.691574
0.691574
0.386019
0.386019
0.645731
0.645731
0.485474
0.485474
0.732602
0.732602
0.305934
0.305934
0.530448
0.530448
0.395580
0.395580
0.815479
0.815479
0.938035
0.938035
