0.349498
0.119225
0.455745
0.095737
0.422076
0.431216
0.355059
0.764619
0.001539
0.812686
0.225123
0.365650
0.401162
0.617621
0.763398
0.815892
0.292277
0.649304
0.187873
0.316940
0.605968
0.349498
0.119225
0.568219
0.615229
0.067251
0.422076
0.091477
0.679370
0.812686
0.662720
0.667654
0.638978
0.401162
0.697596
0.864088
0.292277
0.087205
0.605968
0.110992
0.615229
0.692745
0.117514
0.091477
0.658064
0.049753
0.667654
0.668627
0.650757
0.864088
0.349590
0.794572
0.110992
0.037595
0.500072
0.513497
0.117514
0.174329
0.360833
0.668627
0.158126
0.216585
0.349590
0.611628
0.500072
0.718585
0.332299
0.174329
0.835513
0.967320
0.216585
0.210610
0.718585
0.914700
0.835513
0.137182
0.196607
0.507426
0.914700
0.256906
0.128342
0.196607
0.865480
0.874600
0.128342
0.844370
0.874600
0.979130
0.448840
0.979130
0.915034
0.192082
0.915034
0.762952
0.762952
0.302012
0.813957
0.813957
0.917481
0.666259
0.666259
0.668481
0.013298
0.013298
0.905126
0.905126
0.460561
0.460561
0.327767
0.327767
0.196764
0.196764
0.490013
0.490013
0.720499
0.720499
0.500430
0.500430
0.195790
0.195790
0.109791
0.109791
0.833710
0.833710
0.119671
0.119671
0.753348
0.753348
0.407783
0.407783
0.934374
0.934374
0.426379
0.426379
0.270404
0.270404
0.284582
0.284582
0.512446
0.512446
0.203325
0.203325
0.539226
0.539226
0.615437
0.615437
0.474067
0.474067
0.933813
0.933813
0.318962
0.318962
0.269178
0.269178
0.177807
0.177807
0.095737
0.095737
0.355059
0.355059
0.001539
0.001539
0.365650
0.365650
0.763398
0.763398
0.649304
0.649304
0.316940
0.316940
0.568219
0.568219
0.067251
0.067251
0.679370
0.679370
0.662720
0.662720
0.638978
0.638978
0.697596
0.697596
0.087205
0.087205
0.692745
0.692745
0.658064
0.658064
0.049753
0.049753
0.650757
0.650757
0.794572
0.794572
0.037595
0.037595
0.513497
0.513497
0.360833
0.360833
0.158126
0.158126
0.611628
0.611628
0.332299
0.332299
0.967320
0.967320
0.210610
0.210610
0.137182
0.137182
0.507426
0.507426
0.256906
0.256906
0.865480
0.865480
0.844370
0.844370
0.448840
0.448840
0.192082
0.192082
0.302012
0.302012
0.917481
0.917481
0.668481
0.668481
