0.336811
0.673345
0.923456
0.153461
0.603021
0.217172
0.128955
0.324895
0.771208
0.382819
0.203132
0.810585
0.213316
0.548142
0.548818
0.881049
0.159184
0.231972
0.554139
0.399897
0.912224
0.431150
0.673345
0.923456
0.870727
0.638379
0.089986
0.217172
0.065350
0.311488
0.203132
0.359427
0.817528
0.174694
0.548142
0.052758
0.482652
0.231972
0.442346
0.431150
0.722665
0.638379
0.839635
0.954178
0.065350
0.606165
0.370693
0.817528
0.170471
0.037595
0.482652
0.065310
0.327039
0.722665
0.176534
0.746936
0.367318
0.954178
0.561681
0.495613
0.170471
0.557404
0.217258
0.065310
0.995160
0.746936
0.061006
0.496788
0.561681
0.393322
0.199701
0.217258
0.960959
0.061006
0.800180
0.393322
0.640752
0.489408
0.442195
0.800180
0.379440
0.725255
0.489408
0.974278
0.798900
0.725255
0.574169
0.798900
0.502175
0.146010
0.502175
0.285811
0.316494
0.285811
0.568605
0.568605
0.441078
0.758065
0.758065
0.403676
0.346831
0.346831
0.849919
0.774415
0.774415
0.413341
0.413341
0.084317
0.084317
0.189034
0.189034
0.739617
0.739617
0.268335
0.268335
0.631271
0.631271
0.923647
0.923647
0.898478
0.898478
0.092230
0.092230
0.133750
0.133750
0.783154
0.783154
0.350719
0.350719
0.754001
0.754001
0.384508
0.384508
0.101934
0.101934
0.599503
0.599503
0.884873
0.884873
0.516874
0.516874
0.690955
0.690955
0.713764
0.713764
0.364803
0.364803
0.474674
0.474674
0.013276
0.013276
0.484315
0.484315
0.080119
0.080119
0.336811
0.336811
0.603021
0.603021
0.324895
0.324895
0.382819
0.382819
0.213316
0.213316
0.881049
0.881049
0.554139
0.554139
0.912224
0.912224
0.870727
0.870727
0.089986
0.089986
0.311488
0.311488
0.359427
0.359427
0.174694
0.174694
0.052758
0.052758
0.442346
0.442346
0.839635
0.839635
0.606165
0.606165
0.370693
0.370693
0.037595
0.037595
0.327039
0.327039
0.176534
0.176534
0.367318
0.367318
0.495613
0.495613
0.557404
0.557404
0.995160
0.995160
0.496788
0.496788
0.199701
0.199701
0.960959
0.960959
0.640752
0.640752
0.442195
0.442195
0.379440
0.379440
0.974278
0.974278
0.574169
0.574169
0.146010
0.146010
0.316494
0.316494
0.441078
0.441078
0.403676
0.403676
0.849919
0.849919
