0.579084
0.076151
0.968518
0.957870
0.961627
0.111749
0.375169
0.054874
0.105691
0.537543
0.772453
0.207482
0.200171
0.879876
0.564913
0.391696
0.630811
0.188702
0.407835
0.143679
0.912142
0.503308
0.076151
0.968518
0.554375
0.501884
0.375169
0.133805
0.272925
0.035010
0.772453
0.908730
0.178446
0.605380
0.879876
0.803727
0.650125
0.188702
0.073200
0.503308
0.196409
0.501884
0.692721
0.010465
0.753358
0.272925
0.080509
0.178446
0.272280
0.586017
0.650125
0.893114
0.052853
0.196409
0.544032
0.564817
0.416038
0.010465
0.675575
0.972577
0.272280
0.057295
0.320677
0.893114
0.717050
0.564817
0.942334
0.029755
0.972577
0.206056
0.229627
0.320677
0.716946
0.942334
0.168653
0.462808
0.206056
0.065191
0.233063
0.168653
0.897491
0.421501
0.065191
0.682771
0.264286
0.421501
0.793295
0.264286
0.374839
0.403888
0.374839
0.577603
0.800964
0.577603
0.889820
0.889820
0.296202
0.382478
0.382478
0.225274
0.758504
0.758504
0.151570
0.685325
0.685325
0.935877
0.935877
0.045388
0.045388
0.703393
0.703393
0.714636
0.714636
0.554669
0.554669
0.650593
0.650593
0.619756
0.619756
0.281382
0.281382
0.067842
0.067842
0.215868
0.215868
0.409512
0.409512
0.067780
0.067780
0.451627
0.451627
0.828350
0.828350
0.810715
0.810715
0.476363
0.476363
0.490499
0.490499
0.960759
0.960759
0.320335
0.320335
0.141935
0.141935
0.838627
0.838627
0.585486
0.585486
0.846123
0.846123
0.361586
0.361586
0.121285
0.121285
0.579084
0.579084
0.961627
0.961627
0.054874
0.054874
0.537543
0.537543
0.200171
0.200171
0.391696
0.391696
0.407835
0.407835
0.912142
0.912142
0.554375
0.554375
0.133805
0.133805
0.035010
0.035010
0.908730
0.908730
0.605380
0.605380
0.803727
0.803727
0.073200
0.073200
0.692721
0.692721
0.753358
0.753358
0.080509
0.080509
0.586017
0.586017
0.052853
0.052853
0.544032
0.544032
0.416038
0.416038
0.675575
0.675575
0.057295
0.057295
0.717050
0.717050
0.029755
0.029755
0.229627
0.229627
0.716946
0.716946
0.462808
0.462808
0.233063
0.233063
0.897491
0.897491
0.682771
0.682771
0.793295
0.793295
0.403888
0.403888
0.800964
0.800964
0.296202
0.296202
0.225274
0.225274
0.151570
0.151570
