0.417602
0.618197
0.171700
0.438692
0.657407
0.851018
0.866484
0.331952
0.782280
0.320853
0.132550
0.959521
0.564638
0.010185
0.087931
0.778867
0.737762
0.484717
0.371020
0.393531
0.780953
0.399846
0.618197
0.171700
0.024935
0.521687
0.866484
0.661656
0.517878
0.505598
0.132550
0.777399
0.443189
0.316975
0.010185
0.326962
0.695906
0.484717
0.307744
0.399846
0.239064
0.521687
0.319339
0.613999
0.538349
0.517878
0.824525
0.443189
0.521773
0.198365
0.695906
0.636703
0.759467
0.239064
0.639291
0.729094
0.353532
0.613999
0.369683
0.693334
0.521773
0.543829
0.931330
0.636703
0.682465
0.729094
0.884067
0.003077
0.693334
0.160176
0.729831
0.931330
0.776901
0.884067
0.106277
0.785462
0.160176
0.482805
0.779310
0.106277
0.260791
0.331781
0.482805
0.051768
0.912795
0.331781
0.364478
0.912795
0.188862
0.154680
0.188862
0.540615
0.506373
0.540615
0.653023
0.653023
0.835050
0.886056
0.886056
0.916946
0.803828
0.803828
0.770716
0.409316
0.409316
0.727955
0.727955
0.108348
0.108348
0.043066
0.043066
0.097763
0.097763
0.860281
0.860281
0.638238
0.638238
0.580703
0.580703
0.414414
0.414414
0.285105
0.285105
0.783831
0.783831
0.119028
0.119028
0.334633
0.334633
0.853303
0.853303
0.798395
0.798395
0.327421
0.327421
0.652191
0.652191
0.269472
0.269472
0.774438
0.774438
0.397733
0.397733
0.314409
0.314409
0.514886
0.514886
0.212564
0.212564
0.800879
0.800879
0.295049
0.295049
0.828172
0.828172
0.417602
0.417602
0.657407
0.657407
0.331952
0.331952
0.320853
0.320853
0.564638
0.564638
0.778867
0.778867
0.371020
0.371020
0.780953
0.780953
0.024935
0.024935
0.661656
0.661656
0.505598
0.505598
0.777399
0.777399
0.316975
0.316975
0.326962
0.326962
0.307744
0.307744
0.319339
0.319339
0.538349
0.538349
0.824525
0.824525
0.198365
0.198365
0.759467
0.759467
0.639291
0.639291
0.353532
0.353532
0.369683
0.369683
0.543829
0.543829
0.682465
0.682465
0.003077
0.003077
0.729831
0.729831
0.776901
0.776901
0.785462
0.785462
0.779310
0.779310
0.260791
0.260791
0.051768
0.051768
0.364478
0.364478
0.154680
0.154680
0.506373
0.506373
0.835050
0.835050
0.916946
0.916946
0.770716
0.770716
