0.780941
0.437913
0.293249
0.317470
0.109630
0.108906
0.825369
0.414112
0.384473
0.318758
0.472033
0.131489
0.893993
0.857162
0.708705
0.117372
0.317387
0.521938
0.414896
0.221086
0.566649
0.780941
0.855443
0.138645
0.477174
0.108906
0.044522
0.871150
0.384473
0.221167
0.052308
0.805369
0.893993
0.301915
0.317387
0.747344
0.566649
0.438712
0.022249
0.138645
0.767796
0.118982
0.871150
0.812986
0.990405
0.052308
0.755819
0.416079
0.747344
0.980506
0.263410
0.022249
0.996193
0.718825
0.304311
0.812986
0.617707
0.620759
0.755819
0.945542
0.263410
0.634743
0.420896
0.718825
0.944584
0.346433
0.620759
0.946743
0.728399
0.634743
0.507036
0.944584
0.792145
0.796291
0.728399
0.235533
0.623991
0.792145
0.408321
0.699921
0.623991
0.643782
0.675125
0.699921
0.444191
0.675125
0.924001
0.656001
0.924001
0.703226
0.430518
0.703226
0.748585
0.748585
0.181283
0.680639
0.680639
0.438967
0.151800
0.151800
0.554239
0.126838
0.126838
0.966342
0.966342
0.037196
0.037196
0.925195
0.925195
0.935807
0.935807
0.760370
0.760370
0.533972
0.533972
0.460146
0.460146
0.542769
0.542769
0.480378
0.480378
0.776472
0.776472
0.720987
0.720987
0.558916
0.558916
0.524529
0.524529
0.795369
0.795369
0.789987
0.789987
0.215641
0.215641
0.326537
0.326537
0.476097
0.476097
0.330654
0.330654
0.890350
0.890350
0.377654
0.377654
0.818922
0.818922
0.909280
0.909280
0.750257
0.750257
0.163534
0.163534
0.761760
0.761760
0.437913
0.437913
0.109630
0.109630
0.414112
0.414112
0.472033
0.472033
0.857162
0.857162
0.117372
0.117372
0.414896
0.414896
0.855443
0.855443
0.477174
0.477174
0.044522
0.044522
0.221167
0.221167
0.805369
0.805369
0.301915
0.301915
0.438712
0.438712
0.767796
0.767796
0.118982
0.118982
0.990405
0.990405
0.416079
0.416079
0.980506
0.980506
0.996193
0.996193
0.304311
0.304311
0.617707
0.617707
0.945542
0.945542
0.420896
0.420896
0.346433
0.346433
0.946743
0.946743
0.507036
0.507036
0.796291
0.796291
0.235533
0.235533
0.408321
0.408321
0.643782
0.643782
0.444191
0.444191
0.656001
0.656001
0.430518
0.430518
0.181283
0.181283
0.438967
0.438967
0.554239
0.554239
