0.938110
0.934195
0.440238
0.806968
0.796095
0.486783
0.302157
0.659015
0.608410
0.644363
0.869946
0.849501
0.933254
0.658117
0.933647
0.738551
0.926863
0.678408
0.524076
0.025120
0.132183
0.938110
0.258386
0.123168
0.982527
0.486783
0.918092
0.442769
0.608410
0.253700
0.390719
0.228026
0.933254
0.501574
0.272842
0.738551
0.050784
0.132183
0.311561
0.123168
0.368704
0.010168
0.399558
0.442769
0.282985
0.390719
0.294670
0.347499
0.272842
0.056871
0.338375
0.311561
0.526925
0.377882
0.645014
0.399558
0.790296
0.988515
0.294670
0.300426
0.338375
0.505302
0.410968
0.377882
0.787568
0.699792
0.988515
0.556715
0.928567
0.505302
0.120556
0.787568
0.793903
0.236506
0.928567
0.809319
0.128473
0.793903
0.318218
0.222140
0.809319
0.644309
0.260431
0.222140
0.621307
0.260431
0.535730
0.887145
0.535730
0.412747
0.903126
0.412747
0.823293
0.823293
0.652396
0.389859
0.389859
0.101766
0.682803
0.682803
0.172898
0.206076
0.206076
0.058609
0.058609
0.852836
0.852836
0.702222
0.702222
0.637344
0.637344
0.836578
0.836578
0.675030
0.675030
0.563611
0.563611
0.544268
0.544268
0.093243
0.093243
0.345318
0.345318
0.663566
0.663566
0.542689
0.542689
0.938278
0.938278
0.919659
0.919659
0.142406
0.142406
0.307681
0.307681
0.276070
0.276070
0.899010
0.899010
0.933399
0.933399
0.540538
0.540538
0.510775
0.510775
0.462189
0.462189
0.847433
0.847433
0.056974
0.056974
0.400911
0.400911
0.118779
0.118779
0.934195
0.934195
0.796095
0.796095
0.659015
0.659015
0.869946
0.869946
0.658117
0.658117
0.926863
0.926863
0.524076
0.524076
0.258386
0.258386
0.982527
0.982527
0.918092
0.918092
0.253700
0.253700
0.228026
0.228026
0.501574
0.501574
0.050784
0.050784
0.368704
0.368704
0.010168
0.010168
0.282985
0.282985
0.347499
0.347499
0.056871
0.056871
0.526925
0.526925
0.645014
0.645014
0.790296
0.790296
0.300426
0.300426
0.410968
0.410968
0.699792
0.699792
0.556715
0.556715
0.120556
0.120556
0.236506
0.236506
0.128473
0.128473
0.318218
0.318218
0.644309
0.644309
0.621307
0.621307
0.887145
0.887145
0.903126
0.903126
0.652396
0.652396
0.101766
0.101766
0.172898
0.172898
