0.582367
0.173769
0.325209
0.366554
0.299169
0.244252
0.276013
0.376765
0.371462
0.346318
0.134219
0.348086
0.024818
0.282608
0.324457
0.422074
0.027004
0.045164
0.039939
0.990237
0.932499
0.582367
0.173769
0.936260
0.428844
0.310778
0.299169
0.936775
0.825124
0.346318
0.854567
0.012787
0.024818
0.312932
0.905572
0.662300
0.027004
0.277410
0.932499
0.073906
0.428844
0.219724
0.424205
0.936775
0.708408
0.016107
0.012787
0.880444
0.459924
0.662300
0.258590
0.693690
0.073906
0.367340
0.777178
0.825470
0.424205
0.721599
0.192706
0.880444
0.879016
0.507202
0.258590
0.964893
0.777178
0.463540
0.121179
0.721599
0.545606
0.437795
0.507202
0.682873
0.759599
0.463540
0.688038
0.545606
0.873862
0.661246
0.759599
0.269954
0.983661
0.873862
0.026825
0.236207
0.983661
0.238569
0.236207
0.034198
0.465253
0.034198
0.588932
0.235986
0.588932
0.597417
0.597417
0.405138
0.834606
0.834606
0.186979
0.690230
0.690230
0.073530
0.308889
0.308889
0.229454
0.229454
0.739425
0.739425
0.020836
0.020836
0.393741
0.393741
0.992587
0.992587
0.684112
0.684112
0.299043
0.299043
0.046360
0.046360
0.983154
0.983154
0.613286
0.613286
0.270792
0.270792
0.866949
0.866949
0.064851
0.064851
0.589011
0.589011
0.531084
0.531084
0.761249
0.761249
0.014019
0.014019
0.339242
0.339242
0.136230
0.136230
0.617671
0.617671
0.282722
0.282722
0.669383
0.669383
0.128307
0.128307
0.367571
0.367571
0.624175
0.624175
0.958258
0.958258
0.325209
0.325209
0.276013
0.276013
0.371462
0.371462
0.348086
0.348086
0.324457
0.324457
0.045164
0.045164
0.990237
0.990237
0.936260
0.936260
0.310778
0.310778
0.825124
0.825124
0.854567
0.854567
0.312932
0.312932
0.905572
0.905572
0.277410
0.277410
0.219724
0.219724
0.708408
0.708408
0.016107
0.016107
0.459924
0.459924
0.693690
0.693690
0.367340
0.367340
0.825470
0.825470
0.192706
0.192706
0.879016
0.879016
0.964893
0.964893
0.121179
0.121179
0.437795
0.437795
0.682873
0.682873
0.688038
0.688038
0.661246
0.661246
0.269954
0.269954
0.026825
0.026825
0.238569
0.238569
0.465253
0.465253
0.235986
0.235986
0.405138
0.405138
0.186979
0.186979
0.073530
0.073530
