0.833690
0.676147
0.789980
0.011249
0.587970
0.256147
0.949362
0.321984
0.140279
0.762603
0.838507
0.018657
0.157505
0.023764
0.835633
0.707340
0.547321
0.394809
0.016982
0.622333
0.959865
0.833690
0.676147
0.281925
0.769510
0.177538
0.587970
0.449802
0.900796
0.762603
0.122754
0.172700
0.067849
0.157505
0.344218
0.012854
0.547321
0.818398
0.959865
0.431962
0.769510
0.761465
0.790247
0.449802
0.300095
0.737107
0.172700
0.315847
0.242091
0.012854
0.337304
0.550659
0.431962
0.395559
0.370782
0.851471
0.790247
0.326640
0.548708
0.315847
0.171027
0.445970
0.337304
0.245754
0.370782
0.750168
0.956969
0.326640
0.602544
0.771990
0.445970
0.817702
0.750168
0.390456
0.602544
0.139698
0.515923
0.719003
0.390456
0.325624
0.987629
0.515923
0.260784
0.778759
0.987629
0.445885
0.778759
0.969477
0.192111
0.969477
0.691140
0.681245
0.691140
0.954195
0.954195
0.830883
0.561587
0.561587
0.908769
0.633312
0.633312
0.967842
0.568436
0.568436
0.809383
0.809383
0.084307
0.084307
0.190782
0.190782
0.954373
0.954373
0.011470
0.011470
0.741580
0.741580
0.164982
0.164982
0.477155
0.477155
0.560740
0.560740
0.868281
0.868281
0.454926
0.454926
0.854854
0.854854
0.284140
0.284140
0.476076
0.476076
0.102759
0.102759
0.183346
0.183346
0.362345
0.362345
0.920096
0.920096
0.941337
0.941337
0.479839
0.479839
0.225277
0.225277
0.339276
0.339276
0.620119
0.620119
0.596065
0.596065
0.257163
0.257163
0.588215
0.588215
0.011249
0.011249
0.949362
0.949362
0.140279
0.140279
0.018657
0.018657
0.835633
0.835633
0.394809
0.394809
0.622333
0.622333
0.281925
0.281925
0.177538
0.177538
0.900796
0.900796
0.122754
0.122754
0.067849
0.067849
0.344218
0.344218
0.818398
0.818398
0.761465
0.761465
0.300095
0.300095
0.737107
0.737107
0.242091
0.242091
0.550659
0.550659
0.395559
0.395559
0.851471
0.851471
0.548708
0.548708
0.171027
0.171027
0.245754
0.245754
0.956969
0.956969
0.771990
0.771990
0.817702
0.817702
0.139698
0.139698
0.719003
0.719003
0.325624
0.325624
0.260784
0.260784
0.445885
0.445885
0.192111
0.192111
0.681245
0.681245
0.830883
0.830883
0.908769
0.908769
0.967842
0.967842
