0.947576
0.952119
0.552733
0.758553
0.586911
0.824854
0.748227
0.345632
0.979143
0.189492
0.225904
0.422987
0.984242
0.509420
0.876075
0.661383
0.795218
0.073477
0.303850
0.715876
0.596223
0.808659
0.952119
0.552733
0.311046
0.878693
0.748227
0.693152
0.828590
0.592478
0.225904
0.362358
0.905865
0.844166
0.509420
0.464825
0.045088
0.073477
0.640491
0.808659
0.682973
0.878693
0.975081
0.280085
0.798374
0.828590
0.229801
0.905865
0.190357
0.451439
0.045088
0.593479
0.085357
0.682973
0.348414
0.743154
0.960729
0.280085
0.622264
0.992503
0.190357
0.169843
0.859332
0.593479
0.778289
0.743154
0.069301
0.727443
0.992503
0.566575
0.180200
0.859332
0.504453
0.069301
0.620709
0.573046
0.566575
0.825768
0.305466
0.620709
0.541128
0.467312
0.825768
0.581013
0.576548
0.467312
0.885581
0.576548
0.328444
0.824484
0.328444
0.900667
0.474060
0.900667
0.796625
0.796625
0.828814
0.013189
0.013189
0.579079
0.189664
0.189664
0.568471
0.923343
0.923343
0.606719
0.606719
0.092950
0.092950
0.289922
0.289922
0.809480
0.809480
0.427763
0.427763
0.258124
0.258124
0.225299
0.225299
0.377608
0.377608
0.000693
0.000693
0.013705
0.013705
0.945426
0.945426
0.143351
0.143351
0.448915
0.448915
0.533271
0.533271
0.985472
0.985472
0.294857
0.294857
0.994478
0.994478
0.478950
0.478950
0.417477
0.417477
0.035099
0.035099
0.080593
0.080593
0.995955
0.995955
0.457182
0.457182
0.401354
0.401354
0.003286
0.003286
0.947576
0.947576
0.586911
0.586911
0.345632
0.345632
0.189492
0.189492
0.984242
0.984242
0.661383
0.661383
0.303850
0.303850
0.596223
0.596223
0.311046
0.311046
0.693152
0.693152
0.592478
0.592478
0.362358
0.362358
0.844166
0.844166
0.464825
0.464825
0.640491
0.640491
0.975081
0.975081
0.798374
0.798374
0.229801
0.229801
0.451439
0.451439
0.085357
0.085357
0.348414
0.348414
0.960729
0.960729
0.622264
0.622264
0.169843
0.169843
0.778289
0.778289
0.727443
0.727443
0.180200
0.180200
0.504453
0.504453
0.573046
0.573046
0.305466
0.305466
0.541128
0.541128
0.581013
0.581013
0.885581
0.885581
0.824484
0.824484
0.474060
0.474060
0.828814
0.828814
0.579079
0.579079
0.568471
0.568471
