0.393766
0.843637
0.312553
0.120444
0.373624
0.987829
0.145274
0.813106
0.714267
0.638651
0.795263
0.900139
0.396898
0.557216
0.492580
0.912617
0.725132
0.155291
0.764083
0.869257
0.778211
0.393766
0.843637
0.734918
0.730621
0.987829
0.330836
0.883563
0.490215
0.638651
0.204753
0.093162
0.173593
0.396898
0.782455
0.836824
0.725132
0.658796
0.778211
0.199424
0.730621
0.749043
0.764825
0.634531
0.883563
0.408789
0.093162
0.581788
0.071880
0.836824
0.051990
0.129167
0.199424
0.144282
0.472809
0.802194
0.764825
0.683559
0.116302
0.581788
0.763305
0.643447
0.051990
0.078719
0.472809
0.695229
0.993642
0.116302
0.578492
0.057906
0.643447
0.196224
0.695229
0.605582
0.183019
0.578492
0.402496
0.056383
0.605582
0.125724
0.472712
0.402496
0.476806
0.269929
0.472712
0.883697
0.269929
0.579852
0.610453
0.579852
0.435475
0.143389
0.435475
0.059758
0.059758
0.816514
0.109725
0.109725
0.673339
0.485647
0.485647
0.128321
0.026842
0.026842
0.626208
0.626208
0.445293
0.445293
0.377349
0.377349
0.908816
0.908816
0.826804
0.826804
0.604460
0.604460
0.900169
0.900169
0.871342
0.871342
0.648680
0.648680
0.119731
0.119731
0.875102
0.875102
0.806925
0.806925
0.188980
0.188980
0.169600
0.169600
0.531137
0.531137
0.743979
0.743979
0.015029
0.015029
0.658981
0.658981
0.556221
0.556221
0.002657
0.002657
0.374137
0.374137
0.253885
0.253885
0.606504
0.606504
0.681096
0.681096
0.016347
0.016347
0.591126
0.591126
0.120444
0.120444
0.145274
0.145274
0.714267
0.714267
0.900139
0.900139
0.492580
0.492580
0.155291
0.155291
0.869257
0.869257
0.734918
0.734918
0.330836
0.330836
0.490215
0.490215
0.204753
0.204753
0.173593
0.173593
0.782455
0.782455
0.658796
0.658796
0.749043
0.749043
0.634531
0.634531
0.408789
0.408789
0.071880
0.071880
0.129167
0.129167
0.144282
0.144282
0.802194
0.802194
0.683559
0.683559
0.763305
0.763305
0.078719
0.078719
0.993642
0.993642
0.057906
0.057906
0.196224
0.196224
0.183019
0.183019
0.056383
0.056383
0.125724
0.125724
0.476806
0.476806
0.883697
0.883697
0.610453
0.610453
0.143389
0.143389
0.816514
0.816514
0.673339
0.673339
0.128321
0.128321
