0.354819
0.239443
0.646075
0.782529
0.038815
0.696751
0.613133
0.940745
0.573323
0.605527
0.254631
0.301843
0.897420
0.882708
0.795101
0.747247
0.090915
0.884969
0.438624
0.250939
0.569791
0.354819
0.239443
0.086915
0.136530
0.039978
0.038815
0.996381
0.467377
0.605527
0.868824
0.184923
0.897420
0.437627
0.351116
0.383068
0.090915
0.854740
0.569791
0.646269
0.136530
0.342415
0.359889
0.996381
0.594457
0.182975
0.184923
0.303072
0.915675
0.383068
0.158326
0.351501
0.646269
0.086077
0.021005
0.716417
0.359889
0.100873
0.142800
0.303072
0.661888
0.862174
0.158326
0.531354
0.021005
0.206309
0.082952
0.100873
0.519616
0.950649
0.862174
0.966524
0.536263
0.206309
0.321397
0.519616
0.946671
0.290762
0.536263
0.046804
0.846860
0.946671
0.654180
0.332737
0.846860
0.116682
0.332737
0.491354
0.048331
0.491354
0.561277
0.068056
0.561277
0.229446
0.229446
0.519716
0.823844
0.823844
0.220647
0.223704
0.223704
0.295456
0.925374
0.925374
0.146751
0.146751
0.342010
0.342010
0.807305
0.807305
0.110330
0.110330
0.268257
0.268257
0.146139
0.146139
0.674043
0.674043
0.156751
0.156751
0.206759
0.206759
0.399599
0.399599
0.702268
0.702268
0.578605
0.578605
0.905681
0.905681
0.126072
0.126072
0.059488
0.059488
0.808931
0.808931
0.964944
0.964944
0.424429
0.424429
0.308966
0.308966
0.039179
0.039179
0.445084
0.445084
0.981964
0.981964
0.283127
0.283127
0.249531
0.249531
0.851750
0.851750
0.591804
0.591804
0.646075
0.646075
0.613133
0.613133
0.573323
0.573323
0.301843
0.301843
0.795101
0.795101
0.884969
0.884969
0.250939
0.250939
0.086915
0.086915
0.039978
0.039978
0.467377
0.467377
0.868824
0.868824
0.437627
0.437627
0.351116
0.351116
0.854740
0.854740
0.342415
0.342415
0.594457
0.594457
0.182975
0.182975
0.915675
0.915675
0.351501
0.351501
0.086077
0.086077
0.716417
0.716417
0.142800
0.142800
0.661888
0.661888
0.531354
0.531354
0.082952
0.082952
0.950649
0.950649
0.966524
0.966524
0.321397
0.321397
0.290762
0.290762
0.046804
0.046804
0.654180
0.654180
0.116682
0.116682
0.048331
0.048331
0.068056
0.068056
0.519716
0.519716
0.220647
0.220647
0.295456
0.295456
