0.099830
0.210953
0.707527
0.559873
0.147385
0.675762
0.096006
0.407558
0.140640
0.378488
0.702527
0.281294
0.667723
0.316148
0.840690
0.721614
0.492136
0.929221
0.813616
0.763274
0.913167
0.099830
0.364799
0.695750
0.645096
0.675762
0.589011
0.279455
0.140640
0.672314
0.771195
0.881065
0.667723
0.476561
0.492136
0.308324
0.913167
0.250507
0.094611
0.695750
0.489193
0.251466
0.322570
0.279455
0.100862
0.771195
0.968137
0.480052
0.308324
0.923241
0.093225
0.094611
0.728495
0.522457
0.643730
0.322570
0.994473
0.969927
0.968137
0.533170
0.093225
0.512679
0.672463
0.522457
0.606809
0.315835
0.969927
0.912294
0.575973
0.512679
0.299015
0.606809
0.774916
0.002207
0.575973
0.353451
0.196074
0.774916
0.562704
0.994171
0.196074
0.315627
0.188464
0.994171
0.476818
0.188464
0.744118
0.379932
0.744118
0.853669
0.853669
0.565739
0.428982
0.428982
0.203328
0.356154
0.356154
0.316815
0.074852
0.074852
0.865320
0.940091
0.940091
0.501791
0.501791
0.846491
0.846491
0.548312
0.548312
0.763465
0.763465
0.952364
0.952364
0.099708
0.099708
0.132357
0.132357
0.516630
0.516630
0.752532
0.752532
0.239397
0.239397
0.584422
0.584422
0.595614
0.595614
0.082622
0.082622
0.683882
0.683882
0.118736
0.118736
0.557624
0.557624
0.527283
0.527283
0.604680
0.604680
0.743187
0.743187
0.917937
0.917937
0.467615
0.467615
0.640008
0.640008
0.675474
0.675474
0.776652
0.776652
0.515298
0.515298
0.205985
0.205985
0.210953
0.210953
0.147385
0.147385
0.407558
0.407558
0.702527
0.702527
0.316148
0.316148
0.721614
0.721614
0.813616
0.813616
0.364799
0.364799
0.645096
0.645096
0.589011
0.589011
0.672314
0.672314
0.881065
0.881065
0.476561
0.476561
0.250507
0.250507
0.489193
0.489193
0.251466
0.251466
0.100862
0.100862
0.480052
0.480052
0.923241
0.923241
0.728495
0.728495
0.643730
0.643730
0.994473
0.994473
0.533170
0.533170
0.672463
0.672463
0.315835
0.315835
0.912294
0.912294
0.299015
0.299015
0.002207
0.002207
0.353451
0.353451
0.562704
0.562704
0.315627
0.315627
0.476818
0.476818
0.379932
0.379932
0.565739
0.565739
0.203328
0.203328
0.316815
0.316815
0.865320
0.865320
