0.074560
0.148464
0.337308
0.789417
0.539001
0.666358
0.589350
0.734629
0.974868
0.327911
0.877879
0.229076
0.505513
0.256625
0.951884
0.143307
0.605599
0.064930
0.022168
0.323699
0.066943
0.074560
0.148464
0.829646
0.808396
0.572663
0.539001
0.313483
0.617520
0.327911
0.901599
0.451315
0.624161
0.505513
0.498116
0.552674
0.605599
0.974510
0.066943
0.733277
0.808396
0.208783
0.945360
0.313483
0.802761
0.546639
0.451315
0.601609
0.586040
0.552674
0.532054
0.985122
0.733277
0.431265
0.240644
0.230199
0.945360
0.806504
0.335590
0.601609
0.609106
0.934943
0.532054
0.596811
0.240644
0.905070
0.502394
0.806504
0.910319
0.461174
0.934943
0.750409
0.905070
0.826449
0.910319
0.365439
0.972176
0.076248
0.826449
0.139599
0.835238
0.972176
0.623195
0.915037
0.835238
0.717244
0.915037
0.475380
0.532792
0.475380
0.680049
0.562977
0.680049
0.538506
0.538506
0.885996
0.045762
0.045762
0.243422
0.987515
0.987515
0.770759
0.417964
0.417964
0.709351
0.709351
0.418861
0.418861
0.425066
0.425066
0.548650
0.548650
0.339265
0.339265
0.492571
0.492571
0.380031
0.380031
0.856694
0.856694
0.754367
0.754367
0.758536
0.758536
0.738016
0.738016
0.611180
0.611180
0.355978
0.355978
0.871855
0.871855
0.587962
0.587962
0.897263
0.897263
0.734748
0.734748
0.159093
0.159093
0.838965
0.838965
0.864933
0.864933
0.728137
0.728137
0.989467
0.989467
0.690800
0.690800
0.221062
0.221062
0.620461
0.620461
0.168776
0.168776
0.789417
0.789417
0.589350
0.589350
0.974868
0.974868
0.229076
0.229076
0.951884
0.951884
0.064930
0.064930
0.323699
0.323699
0.829646
0.829646
0.572663
0.572663
0.617520
0.617520
0.901599
0.901599
0.624161
0.624161
0.498116
0.498116
0.974510
0.974510
0.208783
0.208783
0.802761
0.802761
0.546639
0.546639
0.586040
0.586040
0.985122
0.985122
0.431265
0.431265
0.230199
0.230199
0.335590
0.335590
0.609106
0.609106
0.596811
0.596811
0.502394
0.502394
0.461174
0.461174
0.750409
0.750409
0.365439
0.365439
0.076248
0.076248
0.139599
0.139599
0.623195
0.623195
0.717244
0.717244
0.532792
0.532792
0.562977
0.562977
0.885996
0.885996
0.243422
0.243422
0.770759
0.770759
