0.958566
0.792050
0.742271
0.995988
0.890527
0.056348
0.408189
0.876142
0.782957
0.217749
0.173583
0.096153
0.361018
0.716393
0.032187
0.851687
0.724500
0.599667
0.529219
0.230238
0.786111
0.958566
0.792050
0.857599
0.941556
0.547102
0.890527
0.345918
0.329187
0.217749
0.117340
0.910578
0.110895
0.361018
0.056292
0.234469
0.724500
0.614221
0.786111
0.912396
0.941556
0.427441
0.608836
0.345918
0.036998
0.898973
0.910578
0.656694
0.349520
0.234469
0.093364
0.788824
0.912396
0.463102
0.965916
0.298014
0.608836
0.979143
0.966465
0.656694
0.716808
0.797453
0.093364
0.705871
0.965916
0.797999
0.154344
0.979143
0.021421
0.957878
0.797453
0.709627
0.797999
0.187818
0.021421
0.106207
0.628545
0.082126
0.187818
0.878996
0.181385
0.628545
0.275718
0.135359
0.181385
0.700203
0.135359
0.315027
0.437565
0.315027
0.519382
0.678548
0.519382
0.249343
0.249343
0.555706
0.439944
0.439944
0.443808
0.368401
0.368401
0.285578
0.752698
0.752698
0.853089
0.853089
0.510389
0.510389
0.416164
0.416164
0.037128
0.037128
0.294307
0.294307
0.219483
0.219483
0.677364
0.677364
0.006492
0.006492
0.110297
0.110297
0.392505
0.392505
0.664164
0.664164
0.715570
0.715570
0.161932
0.161932
0.009695
0.009695
0.581964
0.581964
0.493241
0.493241
0.381660
0.381660
0.427941
0.427941
0.249498
0.249498
0.071277
0.071277
0.642820
0.642820
0.951970
0.951970
0.584036
0.584036
0.913945
0.913945
0.062489
0.062489
0.268777
0.268777
0.995988
0.995988
0.408189
0.408189
0.782957
0.782957
0.096153
0.096153
0.032187
0.032187
0.599667
0.599667
0.230238
0.230238
0.857599
0.857599
0.547102
0.547102
0.329187
0.329187
0.117340
0.117340
0.110895
0.110895
0.056292
0.056292
0.614221
0.614221
0.427441
0.427441
0.036998
0.036998
0.898973
0.898973
0.349520
0.349520
0.788824
0.788824
0.463102
0.463102
0.298014
0.298014
0.966465
0.966465
0.716808
0.716808
0.705871
0.705871
0.154344
0.154344
0.957878
0.957878
0.709627
0.709627
0.106207
0.106207
0.082126
0.082126
0.878996
0.878996
0.275718
0.275718
0.700203
0.700203
0.437565
0.437565
0.678548
0.678548
0.555706
0.555706
0.443808
0.443808
0.285578
0.285578
