0.875668
0.258483
0.836025
0.634326
0.769708
0.497134
0.754263
0.783565
0.590461
0.499102
0.603521
0.437745
0.302494
0.215088
0.987588
0.998836
0.308776
0.826729
0.355842
0.459097
0.575956
0.875668
0.901624
0.847171
0.376395
0.497134
0.440483
0.639693
0.590461
0.494609
0.294638
0.531517
0.302494
0.444710
0.457258
0.998836
0.148000
0.575956
0.888911
0.847171
0.261982
0.759393
0.596344
0.639693
0.572950
0.294638
0.623470
0.505201
0.457258
0.402195
0.844566
0.888911
0.950420
0.383610
0.295442
0.596344
0.395419
0.090132
0.623470
0.607811
0.844566
0.247385
0.887298
0.383610
0.313345
0.898600
0.090132
0.257687
0.368468
0.247385
0.847526
0.313345
0.484282
0.157545
0.368468
0.225056
0.989780
0.484282
0.942576
0.738381
0.225056
0.740118
0.389344
0.738381
0.235271
0.389344
0.010757
0.441422
0.010757
0.773230
0.926183
0.773230
0.767065
0.767065
0.968449
0.804100
0.804100
0.440504
0.440953
0.440953
0.615258
0.478778
0.478778
0.603506
0.603506
0.122382
0.122382
0.047760
0.047760
0.473265
0.473265
0.253775
0.253775
0.690588
0.690588
0.130980
0.130980
0.559254
0.559254
0.798384
0.798384
0.474043
0.474043
0.116573
0.116573
0.059281
0.059281
0.386495
0.386495
0.784740
0.784740
0.480075
0.480075
0.358181
0.358181
0.858440
0.858440
0.061250
0.061250
0.120999
0.120999
0.699218
0.699218
0.693494
0.693494
0.881595
0.881595
0.362053
0.362053
0.289107
0.289107
0.775211
0.775211
0.688312
0.688312
0.258483
0.258483
0.769708
0.769708
0.783565
0.783565
0.603521
0.603521
0.215088
0.215088
0.308776
0.308776
0.355842
0.355842
0.901624
0.901624
0.376395
0.376395
0.440483
0.440483
0.494609
0.494609
0.531517
0.531517
0.444710
0.444710
0.148000
0.148000
0.261982
0.261982
0.759393
0.759393
0.572950
0.572950
0.505201
0.505201
0.402195
0.402195
0.950420
0.950420
0.295442
0.295442
0.395419
0.395419
0.607811
0.607811
0.887298
0.887298
0.898600
0.898600
0.257687
0.257687
0.847526
0.847526
0.157545
0.157545
0.989780
0.989780
0.942576
0.942576
0.740118
0.740118
0.235271
0.235271
0.441422
0.441422
0.926183
0.926183
0.968449
0.968449
0.440504
0.440504
0.615258
0.615258
