0.929967
0.854165
0.707862
0.788378
0.878460
0.149694
0.926371
0.519440
0.745101
0.278783
0.366733
0.109338
0.354253
0.388380
0.606285
0.354850
0.454766
0.176497
0.567245
0.837726
0.887308
0.929967
0.854165
0.152064
0.892841
0.997334
0.878460
0.645714
0.397373
0.278783
0.613335
0.176415
0.354253
0.170928
0.339073
0.591645
0.454766
0.317785
0.887308
0.853440
0.892841
0.994093
0.176365
0.645714
0.070722
0.853058
0.176415
0.012948
0.278672
0.591645
0.587992
0.833995
0.853440
0.242172
0.956847
0.958433
0.176365
0.363785
0.883961
0.012948
0.330038
0.947193
0.587992
0.045066
0.956847
0.264252
0.819729
0.363785
0.729003
0.094028
0.947193
0.835297
0.057327
0.264252
0.964632
0.729003
0.340945
0.804062
0.057327
0.421699
0.200352
0.340945
0.164873
0.517925
0.200352
0.307251
0.517925
0.490277
0.706527
0.490277
0.524502
0.203032
0.524502
0.982864
0.982864
0.658298
0.042742
0.042742
0.074263
0.658616
0.658616
0.235926
0.090247
0.090247
0.690419
0.690419
0.503752
0.503752
0.522601
0.522601
0.178088
0.178088
0.645481
0.645481
0.086767
0.086767
0.878174
0.878174
0.351337
0.351337
0.560235
0.560235
0.720763
0.720763
0.124727
0.124727
0.400766
0.400766
0.586723
0.586723
0.380593
0.380593
0.819389
0.819389
0.484232
0.484232
0.134465
0.134465
0.893364
0.893364
0.149756
0.149756
0.580067
0.580067
0.496566
0.496566
0.288226
0.288226
0.935651
0.935651
0.991634
0.991634
0.060052
0.060052
0.499341
0.499341
0.707862
0.707862
0.926371
0.926371
0.745101
0.745101
0.109338
0.109338
0.606285
0.606285
0.176497
0.176497
0.837726
0.837726
0.152064
0.152064
0.997334
0.997334
0.397373
0.397373
0.613335
0.613335
0.170928
0.170928
0.339073
0.339073
0.317785
0.317785
0.994093
0.994093
0.070722
0.070722
0.853058
0.853058
0.278672
0.278672
0.833995
0.833995
0.242172
0.242172
0.958433
0.958433
0.883961
0.883961
0.330038
0.330038
0.045066
0.045066
0.819729
0.819729
0.094028
0.094028
0.835297
0.835297
0.964632
0.964632
0.804062
0.804062
0.421699
0.421699
0.164873
0.164873
0.307251
0.307251
0.706527
0.706527
0.203032
0.203032
0.658298
0.658298
0.074263
0.074263
0.235926
0.235926
