0.449777
0.348972
0.352693
0.283456
0.522743
0.359310
0.928310
0.420910
0.180979
0.528096
0.475419
0.546519
0.876913
0.649999
0.308075
0.960266
0.682615
0.205181
0.298814
0.693542
0.355397
0.449777
0.348972
0.306601
0.113953
0.157599
0.522743
0.338609
0.774708
0.528096
0.838666
0.233192
0.876913
0.449294
0.928575
0.495791
0.682615
0.181175
0.355397
0.132311
0.113953
0.964851
0.288839
0.338609
0.004091
0.418404
0.233192
0.393748
0.337506
0.495791
0.823441
0.429317
0.132311
0.446772
0.766191
0.535811
0.288839
0.881272
0.632895
0.393748
0.714657
0.755188
0.823441
0.901882
0.766191
0.821018
0.925477
0.881272
0.442599
0.421438
0.755188
0.752094
0.352463
0.821018
0.731705
0.442599
0.043365
0.614651
0.352463
0.113663
0.511124
0.043365
0.206095
0.903162
0.511124
0.836573
0.903162
0.316232
0.999029
0.316232
0.347511
0.233290
0.347511
0.532018
0.532018
0.937350
0.372070
0.372070
0.548723
0.270546
0.270546
0.374036
0.943393
0.943393
0.715869
0.715869
0.036261
0.036261
0.815139
0.815139
0.108692
0.108692
0.031290
0.031290
0.822966
0.822966
0.231623
0.231623
0.070069
0.070069
0.813473
0.813473
0.046627
0.046627
0.411850
0.411850
0.043077
0.043077
0.417908
0.417908
0.674691
0.674691
0.687094
0.687094
0.320752
0.320752
0.444139
0.444139
0.346646
0.346646
0.996130
0.996130
0.233382
0.233382
0.905978
0.905978
0.276749
0.276749
0.783762
0.783762
0.421672
0.421672
0.117894
0.117894
0.525904
0.525904
0.352693
0.352693
0.928310
0.928310
0.180979
0.180979
0.546519
0.546519
0.308075
0.308075
0.205181
0.205181
0.693542
0.693542
0.306601
0.306601
0.157599
0.157599
0.774708
0.774708
0.838666
0.838666
0.449294
0.449294
0.928575
0.928575
0.181175
0.181175
0.964851
0.964851
0.004091
0.004091
0.418404
0.418404
0.337506
0.337506
0.429317
0.429317
0.446772
0.446772
0.535811
0.535811
0.632895
0.632895
0.714657
0.714657
0.901882
0.901882
0.925477
0.925477
0.421438
0.421438
0.752094
0.752094
0.731705
0.731705
0.614651
0.614651
0.113663
0.113663
0.206095
0.206095
0.836573
0.836573
0.999029
0.999029
0.233290
0.233290
0.937350
0.937350
0.548723
0.548723
0.374036
0.374036
