0.690495
0.246805
0.245069
0.449709
0.403662
0.248764
0.953532
0.148228
0.766464
0.632528
0.727756
0.826181
0.836419
0.882226
0.366645
0.289054
0.586931
0.197899
0.367736
0.065218
0.465634
0.975317
0.246805
0.245069
0.506716
0.665526
0.108812
0.248764
0.153444
0.102131
0.727756
0.406028
0.858277
0.882226
0.273392
0.319745
0.371036
0.197899
0.180354
0.975317
0.382697
0.665526
0.404168
0.840015
0.153444
0.885112
0.077533
0.858277
0.108239
0.750838
0.371036
0.868435
0.997911
0.382697
0.014780
0.366466
0.325220
0.840015
0.121886
0.895808
0.108239
0.990291
0.372049
0.868435
0.181853
0.366466
0.248192
0.630734
0.121886
0.105767
0.401214
0.372049
0.517843
0.926360
0.248192
0.237658
0.105767
0.420902
0.864186
0.926360
0.582589
0.870971
0.420902
0.404288
0.008216
0.870971
0.497605
0.008216
0.748534
0.827620
0.748534
0.702927
0.669586
0.702927
0.811573
0.811573
0.731059
0.016603
0.016603
0.769836
0.053791
0.053791
0.804491
0.288562
0.288562
0.492214
0.492214
0.730598
0.730598
0.431755
0.431755
0.394822
0.394822
0.289671
0.289671
0.367270
0.367270
0.996810
0.996810
0.342530
0.342530
0.759014
0.759014
0.967773
0.967773
0.112866
0.112866
0.126899
0.126899
0.176712
0.176712
0.141203
0.141203
0.902720
0.902720
0.799556
0.799556
0.743990
0.743990
0.534522
0.534522
0.017996
0.017996
0.295392
0.295392
0.309364
0.309364
0.314971
0.314971
0.541370
0.541370
0.463318
0.463318
0.369540
0.369540
0.690495
0.690495
0.449709
0.449709
0.148228
0.148228
0.632528
0.632528
0.836419
0.836419
0.289054
0.289054
0.367736
0.367736
0.465634
0.465634
0.506716
0.506716
0.108812
0.108812
0.102131
0.102131
0.406028
0.406028
0.273392
0.273392
0.319745
0.319745
0.180354
0.180354
0.404168
0.404168
0.885112
0.885112
0.077533
0.077533
0.750838
0.750838
0.997911
0.997911
0.014780
0.014780
0.325220
0.325220
0.895808
0.895808
0.990291
0.990291
0.181853
0.181853
0.630734
0.630734
0.401214
0.401214
0.517843
0.517843
0.237658
0.237658
0.864186
0.864186
0.582589
0.582589
0.404288
0.404288
0.497605
0.497605
0.827620
0.827620
0.669586
0.669586
0.731059
0.731059
0.769836
0.769836
0.804491
0.804491
