0.211605
0.487580
0.980450
0.293170
0.889565
0.214833
0.278308
0.526066
0.728415
0.640580
0.074378
0.294456
0.087524
0.297716
0.897739
0.720944
0.187015
0.380421
0.708476
0.726157
0.600309
0.211605
0.487580
0.639584
0.763636
0.214833
0.310574
0.451118
0.824968
0.640580
0.819458
0.655519
0.426887
0.087524
0.522101
0.772160
0.187015
0.952291
0.600309
0.793963
0.763636
0.309590
0.465625
0.560533
0.451118
0.246294
0.655519
0.822210
0.645403
0.772160
0.733783
0.532975
0.793963
0.681896
0.794755
0.304014
0.465625
0.782139
0.004273
0.822210
0.902070
0.230036
0.733783
0.688867
0.794755
0.468726
0.494080
0.004273
0.295982
0.637343
0.230036
0.661968
0.468726
0.071712
0.023887
0.295982
0.210848
0.851493
0.071712
0.482082
0.538079
0.210848
0.911484
0.725643
0.538079
0.303058
0.725643
0.081184
0.138211
0.081184
0.941128
0.188798
0.941128
0.570836
0.570836
0.908272
0.403847
0.403847
0.141114
0.104380
0.104380
0.326099
0.254286
0.254286
0.211693
0.211693
0.924539
0.924539
0.211456
0.211456
0.332346
0.332346
0.111566
0.111566
0.315539
0.315539
0.413253
0.413253
0.575390
0.575390
0.032862
0.032862
0.637519
0.637519
0.247058
0.247058
0.208593
0.208593
0.869731
0.869731
0.032259
0.032259
0.609346
0.609346
0.209601
0.209601
0.200578
0.200578
0.868566
0.868566
0.361820
0.361820
0.777891
0.777891
0.011752
0.011752
0.399171
0.399171
0.904222
0.904222
0.921265
0.921265
0.804095
0.804095
0.093443
0.093443
0.293170
0.293170
0.278308
0.278308
0.728415
0.728415
0.294456
0.294456
0.897739
0.897739
0.380421
0.380421
0.726157
0.726157
0.639584
0.639584
0.310574
0.310574
0.824968
0.824968
0.819458
0.819458
0.426887
0.426887
0.522101
0.522101
0.952291
0.952291
0.309590
0.309590
0.560533
0.560533
0.246294
0.246294
0.645403
0.645403
0.532975
0.532975
0.681896
0.681896
0.304014
0.304014
0.782139
0.782139
0.902070
0.902070
0.688867
0.688867
0.494080
0.494080
0.637343
0.637343
0.661968
0.661968
0.023887
0.023887
0.851493
0.851493
0.482082
0.482082
0.911484
0.911484
0.303058
0.303058
0.138211
0.138211
0.188798
0.188798
0.908272
0.908272
0.141114
0.141114
0.326099
0.326099
