0.544083
0.977576
0.444105
0.872244
0.421541
0.766487
0.894118
0.125067
0.834270
0.358862
0.929949
0.452238
0.228976
0.993345
0.461531
0.649044
0.141694
0.794083
0.342084
0.213968
0.053395
0.544083
0.311828
0.979247
0.111964
0.766487
0.023646
0.304012
0.834270
0.326781
0.998028
0.524517
0.228976
0.980283
0.141694
0.718656
0.053395
0.000667
0.790883
0.979247
0.356108
0.604297
0.338844
0.304012
0.388776
0.998028
0.447901
0.331320
0.718656
0.936689
0.749805
0.790883
0.169641
0.004054
0.784819
0.338844
0.324863
0.927870
0.447901
0.458704
0.749805
0.839940
0.960285
0.004054
0.090376
0.301209
0.927870
0.763067
0.142221
0.839940
0.053787
0.090376
0.278071
0.849760
0.142221
0.475826
0.000640
0.278071
0.028127
0.404767
0.000640
0.109675
0.775856
0.404767
0.875429
0.775856
0.960475
0.607058
0.960475
0.212344
0.212344
0.684648
0.302442
0.302442
0.286447
0.349567
0.349567
0.951901
0.729434
0.729434
0.120179
0.108371
0.108371
0.636583
0.636583
0.886066
0.886066
0.729076
0.729076
0.429186
0.429186
0.086852
0.086852
0.466407
0.466407
0.097196
0.097196
0.689987
0.689987
0.667436
0.667436
0.485726
0.485726
0.440326
0.440326
0.175284
0.175284
0.562242
0.562242
0.032138
0.032138
0.258329
0.258329
0.030094
0.030094
0.533731
0.533731
0.036954
0.036954
0.410193
0.410193
0.691371
0.691371
0.732269
0.732269
0.402290
0.402290
0.341535
0.341535
0.219381
0.219381
0.185246
0.185246
0.751534
0.751534
0.977576
0.977576
0.421541
0.421541
0.125067
0.125067
0.929949
0.929949
0.993345
0.993345
0.649044
0.649044
0.342084
0.342084
0.311828
0.311828
0.111964
0.111964
0.023646
0.023646
0.326781
0.326781
0.524517
0.524517
0.980283
0.980283
0.000667
0.000667
0.356108
0.356108
0.604297
0.604297
0.388776
0.388776
0.331320
0.331320
0.936689
0.936689
0.169641
0.169641
0.784819
0.784819
0.324863
0.324863
0.458704
0.458704
0.960285
0.960285
0.301209
0.301209
0.763067
0.763067
0.053787
0.053787
0.849760
0.849760
0.475826
0.475826
0.028127
0.028127
0.109675
0.109675
0.875429
0.875429
0.607058
0.607058
0.684648
0.684648
0.286447
0.286447
0.951901
0.951901
0.120179
0.120179
