0.564351
0.173634
0.134493
0.174839
0.766900
0.755596
0.039902
0.261211
0.962581
0.160441
0.339830
0.033857
0.346584
0.132310
0.580726
0.680412
0.467494
0.729277
0.575307
0.711037
0.985184
0.564351
0.173634
0.885664
0.420151
0.755596
0.893490
0.229713
0.826848
0.160441
0.950721
0.322814
0.145935
0.346584
0.709212
0.993751
0.467494
0.157082
0.985184
0.827255
0.420151
0.599072
0.628291
0.778238
0.229713
0.837243
0.322814
0.536042
0.630046
0.993751
0.066065
0.988509
0.827255
0.894809
0.095681
0.233220
0.628291
0.552407
0.011265
0.536042
0.500567
0.020653
0.066065
0.071825
0.095681
0.951497
0.051865
0.011265
0.372562
0.144387
0.020653
0.462215
0.951497
0.337433
0.255760
0.372562
0.604172
0.289952
0.337433
0.800010
0.698573
0.604172
0.869006
0.475632
0.698573
0.697895
0.475632
0.346061
0.764023
0.346061
0.051813
0.166663
0.051813
0.417827
0.417827
0.293660
0.991793
0.991793
0.206761
0.347842
0.347842
0.870297
0.057199
0.057199
0.783971
0.783971
0.028814
0.028814
0.805390
0.805390
0.786839
0.786839
0.977927
0.977927
0.098856
0.098856
0.413449
0.413449
0.021275
0.021275
0.909203
0.909203
0.636280
0.636280
0.377332
0.377332
0.664451
0.664451
0.870160
0.870160
0.555624
0.555624
0.889417
0.889417
0.959417
0.959417
0.609353
0.609353
0.851991
0.851991
0.792771
0.792771
0.961854
0.961854
0.121206
0.121206
0.159962
0.159962
0.524153
0.524153
0.218808
0.218808
0.420909
0.420909
0.135404
0.135404
0.174839
0.174839
0.039902
0.039902
0.962581
0.962581
0.033857
0.033857
0.580726
0.580726
0.729277
0.729277
0.711037
0.711037
0.885664
0.885664
0.893490
0.893490
0.826848
0.826848
0.950721
0.950721
0.145935
0.145935
0.709212
0.709212
0.157082
0.157082
0.599072
0.599072
0.778238
0.778238
0.837243
0.837243
0.630046
0.630046
0.988509
0.988509
0.894809
0.894809
0.233220
0.233220
0.552407
0.552407
0.500567
0.500567
0.071825
0.071825
0.051865
0.051865
0.144387
0.144387
0.462215
0.462215
0.255760
0.255760
0.289952
0.289952
0.800010
0.800010
0.869006
0.869006
0.697895
0.697895
0.764023
0.764023
0.166663
0.166663
0.293660
0.293660
0.206761
0.206761
0.870297
0.870297
