0.965692
0.830670
0.467070
0.155124
0.310099
0.180608
0.427708
0.077068
0.861418
0.290539
0.843566
0.917415
0.829021
0.524644
0.036884
0.605570
0.474074
0.080546
0.149648
0.127641
0.321874
0.965692
0.171982
0.421291
0.328351
0.180608
0.080134
0.077307
0.861418
0.915868
0.315305
0.764074
0.829021
0.015310
0.037623
0.605570
0.008261
0.321874
0.692159
0.421291
0.175247
0.722453
0.724454
0.077307
0.488272
0.315305
0.831299
0.373562
0.037623
0.751239
0.259649
0.692159
0.651552
0.253882
0.812475
0.724454
0.037206
0.418424
0.831299
0.568718
0.259649
0.929557
0.625792
0.253882
0.822372
0.398238
0.418424
0.522861
0.975603
0.929557
0.189356
0.822372
0.578562
0.779332
0.975603
0.229996
0.590029
0.578562
0.120225
0.999127
0.229996
0.646813
0.525328
0.999127
0.986455
0.525328
0.082422
0.213596
0.082422
0.816804
0.037278
0.816804
0.071093
0.071093
0.064105
0.152833
0.152833
0.222169
0.787958
0.787958
0.935971
0.317934
0.317934
0.951866
0.951866
0.602055
0.602055
0.539817
0.539817
0.899137
0.899137
0.725017
0.725017
0.313087
0.313087
0.823752
0.823752
0.525956
0.525956
0.666809
0.666809
0.661177
0.661177
0.087308
0.087308
0.412727
0.412727
0.023969
0.023969
0.019615
0.019615
0.979778
0.979778
0.579901
0.579901
0.689315
0.689315
0.085795
0.085795
0.294499
0.294499
0.951046
0.951046
0.698348
0.698348
0.847367
0.847367
0.482905
0.482905
0.854745
0.854745
0.336789
0.336789
0.851962
0.851962
0.830670
0.830670
0.310099
0.310099
0.077068
0.077068
0.843566
0.843566
0.524644
0.524644
0.474074
0.474074
0.149648
0.149648
0.171982
0.171982
0.328351
0.328351
0.080134
0.080134
0.915868
0.915868
0.764074
0.764074
0.015310
0.015310
0.008261
0.008261
0.175247
0.175247
0.722453
0.722453
0.488272
0.488272
0.373562
0.373562
0.751239
0.751239
0.651552
0.651552
0.812475
0.812475
0.037206
0.037206
0.568718
0.568718
0.625792
0.625792
0.398238
0.398238
0.522861
0.522861
0.189356
0.189356
0.779332
0.779332
0.590029
0.590029
0.120225
0.120225
0.646813
0.646813
0.986455
0.986455
0.213596
0.213596
0.037278
0.037278
0.064105
0.064105
0.222169
0.222169
0.935971
0.935971
