0.185428
0.540234
0.821721
0.288528
0.058900
0.272459
0.185513
0.425883
0.374993
0.080755
0.527178
0.911485
0.894619
0.292761
0.435578
0.068653
0.406594
0.120019
0.619501
0.248250
0.405498
0.185428
0.540234
0.963877
0.550300
0.272459
0.287246
0.819214
0.494941
0.080755
0.558860
0.473034
0.187301
0.894619
0.209212
0.490578
0.406594
0.031180
0.405498
0.287118
0.550300
0.916538
0.815791
0.901509
0.819214
0.572390
0.473034
0.792179
0.615646
0.490578
0.692430
0.570795
0.287118
0.849458
0.179498
0.261037
0.815791
0.682987
0.772478
0.792179
0.658121
0.219095
0.692430
0.453871
0.179498
0.118275
0.556651
0.772478
0.145369
0.514460
0.219095
0.757376
0.118275
0.198884
0.225917
0.145369
0.854789
0.322771
0.198884
0.410509
0.987881
0.854789
0.434038
0.041829
0.987881
0.900685
0.041829
0.184234
0.417336
0.184234
0.896238
0.923329
0.896238
0.206709
0.206709
0.988926
0.260444
0.260444
0.714621
0.682279
0.682279
0.568171
0.981059
0.981059
0.908378
0.908378
0.104330
0.104330
0.079315
0.079315
0.237168
0.237168
0.331506
0.331506
0.371547
0.371547
0.899177
0.899177
0.421582
0.421582
0.649047
0.649047
0.173514
0.173514
0.144942
0.144942
0.844454
0.844454
0.781596
0.781596
0.709807
0.709807
0.286808
0.286808
0.233395
0.233395
0.185819
0.185819
0.041010
0.041010
0.546653
0.546653
0.587673
0.587673
0.748387
0.748387
0.919154
0.919154
0.065248
0.065248
0.333937
0.333937
0.653860
0.653860
0.908667
0.908667
0.288528
0.288528
0.185513
0.185513
0.374993
0.374993
0.911485
0.911485
0.435578
0.435578
0.120019
0.120019
0.248250
0.248250
0.963877
0.963877
0.287246
0.287246
0.494941
0.494941
0.558860
0.558860
0.187301
0.187301
0.209212
0.209212
0.031180
0.031180
0.916538
0.916538
0.901509
0.901509
0.572390
0.572390
0.615646
0.615646
0.570795
0.570795
0.849458
0.849458
0.261037
0.261037
0.682987
0.682987
0.658121
0.658121
0.453871
0.453871
0.556651
0.556651
0.514460
0.514460
0.757376
0.757376
0.225917
0.225917
0.322771
0.322771
0.410509
0.410509
0.434038
0.434038
0.900685
0.900685
0.417336
0.417336
0.923329
0.923329
0.988926
0.988926
0.714621
0.714621
0.568171
0.568171
