0.663440
0.031050
0.794802
0.894831
0.391525
0.558234
0.266897
0.199352
0.292157
0.041465
0.834917
0.581290
0.918346
0.330913
0.146975
0.025596
0.580030
0.952459
0.184897
0.209522
0.346175
0.663440
0.031050
0.384923
0.636486
0.136903
0.391525
0.093810
0.033161
0.041465
0.630154
0.358711
0.771651
0.918346
0.022877
0.038392
0.580030
0.183972
0.346175
0.321196
0.636486
0.947614
0.854556
0.093810
0.522547
0.552039
0.358711
0.336359
0.678631
0.038392
0.846393
0.247354
0.321196
0.349661
0.158735
0.061373
0.854556
0.005062
0.732919
0.336359
0.741137
0.033204
0.846393
0.321077
0.158735
0.338366
0.255749
0.005062
0.875123
0.651213
0.033204
0.241754
0.338366
0.777499
0.875123
0.939421
0.124793
0.254789
0.777499
0.775876
0.897480
0.124793
0.072203
0.159451
0.897480
0.329565
0.159451
0.036207
0.145861
0.036207
0.995107
0.077876
0.995107
0.136313
0.136313
0.616484
0.371284
0.371284
0.206682
0.310816
0.310816
0.489400
0.634453
0.634453
0.410465
0.410465
0.374985
0.374985
0.167634
0.167634
0.114153
0.114153
0.168693
0.168693
0.801220
0.801220
0.385345
0.385345
0.778284
0.778284
0.178344
0.178344
0.777154
0.777154
0.444438
0.444438
0.483098
0.483098
0.597330
0.597330
0.994680
0.994680
0.339511
0.339511
0.299126
0.299126
0.180966
0.180966
0.001893
0.001893
0.711640
0.711640
0.608743
0.608743
0.390017
0.390017
0.680048
0.680048
0.046093
0.046093
0.199337
0.199337
0.639034
0.639034
0.585326
0.585326
0.894831
0.894831
0.266897
0.266897
0.292157
0.292157
0.581290
0.581290
0.146975
0.146975
0.952459
0.952459
0.209522
0.209522
0.384923
0.384923
0.136903
0.136903
0.033161
0.033161
0.630154
0.630154
0.771651
0.771651
0.022877
0.022877
0.183972
0.183972
0.947614
0.947614
0.522547
0.522547
0.552039
0.552039
0.678631
0.678631
0.247354
0.247354
0.349661
0.349661
0.061373
0.061373
0.732919
0.732919
0.741137
0.741137
0.321077
0.321077
0.255749
0.255749
0.651213
0.651213
0.241754
0.241754
0.939421
0.939421
0.254789
0.254789
0.775876
0.775876
0.072203
0.072203
0.329565
0.329565
0.145861
0.145861
0.077876
0.077876
0.616484
0.616484
0.206682
0.206682
0.489400
0.489400
