0.269760
0.583589
0.367256
0.228508
0.468070
0.878958
0.753926
0.207485
0.670038
0.759731
0.230354
0.673600
0.456585
0.246335
0.913568
0.503787
0.622298
0.498061
0.022688
0.679877
0.851212
0.269760
0.583589
0.457763
0.139415
0.299196
0.468070
0.309564
0.192527
0.759731
0.239762
0.620872
0.456585
0.086728
0.387294
0.250010
0.622298
0.016270
0.851212
0.366239
0.139415
0.861528
0.169979
0.309564
0.101693
0.557056
0.620872
0.013529
0.769390
0.250010
0.520481
0.638916
0.366239
0.731244
0.867682
0.543491
0.169979
0.327818
0.320261
0.013529
0.680115
0.598410
0.520481
0.307467
0.867682
0.970431
0.342810
0.327818
0.906895
0.544086
0.598410
0.880906
0.144288
0.970431
0.416217
0.906895
0.530583
0.848735
0.144288
0.507526
0.419723
0.530583
0.554622
0.991169
0.419723
0.908990
0.991169
0.995275
0.732217
0.995275
0.942080
0.448087
0.942080
0.677496
0.677496
0.985258
0.506630
0.506630
0.975288
0.977881
0.977881
0.068422
0.390206
0.390206
0.977340
0.977340
0.424894
0.424894
0.258769
0.258769
0.848841
0.848841
0.319578
0.319578
0.467148
0.467148
0.654350
0.654350
0.074876
0.074876
0.268741
0.268741
0.375031
0.375031
0.093109
0.093109
0.507789
0.507789
0.642197
0.642197
0.087960
0.087960
0.620875
0.620875
0.881388
0.881388
0.370011
0.370011
0.075189
0.075189
0.178004
0.178004
0.518237
0.518237
0.895163
0.895163
0.358827
0.358827
0.337363
0.337363
0.733699
0.733699
0.039792
0.039792
0.158430
0.158430
0.367256
0.367256
0.753926
0.753926
0.670038
0.670038
0.673600
0.673600
0.913568
0.913568
0.498061
0.498061
0.679877
0.679877
0.457763
0.457763
0.299196
0.299196
0.192527
0.192527
0.239762
0.239762
0.086728
0.086728
0.387294
0.387294
0.016270
0.016270
0.861528
0.861528
0.101693
0.101693
0.557056
0.557056
0.769390
0.769390
0.638916
0.638916
0.731244
0.731244
0.543491
0.543491
0.320261
0.320261
0.680115
0.680115
0.307467
0.307467
0.342810
0.342810
0.544086
0.544086
0.880906
0.880906
0.416217
0.416217
0.848735
0.848735
0.507526
0.507526
0.554622
0.554622
0.908990
0.908990
0.732217
0.732217
0.448087
0.448087
0.985258
0.985258
0.975288
0.975288
0.068422
0.068422
