0.895714
0.258246
0.223078
0.020413
0.814389
0.238094
0.437690
0.235203
0.557948
0.243733
0.935729
0.973083
0.848554
0.322886
0.489197
0.896021
0.672745
0.286563
0.496246
0.068755
0.493327
0.895714
0.425379
0.614180
0.489405
0.238094
0.672202
0.513059
0.557948
0.165140
0.206688
0.722852
0.848554
0.897334
0.672745
0.324188
0.493327
0.901341
0.791315
0.614180
0.085998
0.226440
0.325743
0.513059
0.187712
0.206688
0.876432
0.497029
0.324188
0.743296
0.193917
0.791315
0.629895
0.666494
0.556972
0.325743
0.000738
0.228556
0.876432
0.143846
0.193917
0.196192
0.760967
0.666494
0.442422
0.444613
0.228556
0.441574
0.928594
0.196192
0.009251
0.442422
0.795464
0.121148
0.928594
0.295869
0.390406
0.795464
0.593894
0.071272
0.390406
0.913805
0.425838
0.071272
0.294451
0.425838
0.445427
0.556187
0.445427
0.415576
0.415576
0.253816
0.344455
0.344455
0.497595
0.315578
0.315578
0.526089
0.046505
0.046505
0.668738
0.798869
0.798869
0.290693
0.290693
0.576845
0.576845
0.226759
0.226759
0.730611
0.730611
0.283716
0.283716
0.601166
0.601166
0.884498
0.884498
0.479631
0.479631
0.810815
0.810815
0.479933
0.479933
0.966881
0.966881
0.246721
0.246721
0.937572
0.937572
0.754743
0.754743
0.333063
0.333063
0.016471
0.016471
0.260266
0.260266
0.071534
0.071534
0.141608
0.141608
0.254623
0.254623
0.158961
0.158961
0.684620
0.684620
0.935175
0.935175
0.718991
0.718991
0.883138
0.883138
0.330533
0.330533
0.258246
0.258246
0.814389
0.814389
0.235203
0.235203
0.935729
0.935729
0.322886
0.322886
0.896021
0.896021
0.496246
0.496246
0.425379
0.425379
0.489405
0.489405
0.672202
0.672202
0.165140
0.165140
0.722852
0.722852
0.897334
0.897334
0.901341
0.901341
0.085998
0.085998
0.226440
0.226440
0.187712
0.187712
0.497029
0.497029
0.743296
0.743296
0.629895
0.629895
0.556972
0.556972
0.000738
0.000738
0.143846
0.143846
0.760967
0.760967
0.444613
0.444613
0.441574
0.441574
0.009251
0.009251
0.121148
0.121148
0.295869
0.295869
0.593894
0.593894
0.913805
0.913805
0.294451
0.294451
0.556187
0.556187
0.253816
0.253816
0.497595
0.497595
0.526089
0.526089
0.668738
0.668738
