0.508538
0.759055
0.640406
0.526786
0.151805
0.290046
0.516544
0.150803
0.222607
0.339037
0.027726
0.136091
0.374938
0.065958
0.615082
0.901369
0.563400
0.306935
0.962947
0.534657
0.799596
0.508538
0.877716
0.984735
0.151805
0.612654
0.321961
0.013931
0.222607
0.486131
0.364225
0.365036
0.374938
0.987815
0.608910
0.901369
0.904392
0.534657
0.362140
0.984735
0.675520
0.006810
0.829051
0.321961
0.374385
0.364225
0.387133
0.278093
0.608910
0.921005
0.042197
0.362140
0.305502
0.715428
0.304215
0.006810
0.528539
0.675855
0.387133
0.165994
0.039685
0.921005
0.498389
0.715428
0.648577
0.358484
0.675855
0.533253
0.629838
0.039685
0.774921
0.648577
0.074429
0.533253
0.902437
0.286989
0.283953
0.074429
0.969139
0.567367
0.286989
0.125367
0.458003
0.567367
0.429746
0.458003
0.734325
0.063728
0.734325
0.628041
0.769246
0.628041
0.879484
0.879484
0.316863
0.644503
0.644503
0.179791
0.511664
0.511664
0.561866
0.261568
0.261568
0.897312
0.897312
0.402486
0.402486
0.526815
0.526815
0.246689
0.246689
0.364068
0.364068
0.413215
0.413215
0.162730
0.162730
0.649962
0.649962
0.431362
0.431362
0.428815
0.428815
0.660882
0.660882
0.429618
0.429618
0.181224
0.181224
0.902827
0.902827
0.258781
0.258781
0.532253
0.532253
0.184807
0.184807
0.668019
0.668019
0.976151
0.976151
0.419510
0.419510
0.714749
0.714749
0.092762
0.092762
0.792789
0.792789
0.570994
0.570994
0.333050
0.333050
0.432589
0.432589
0.759055
0.759055
0.290046
0.290046
0.150803
0.150803
0.027726
0.027726
0.065958
0.065958
0.563400
0.563400
0.962947
0.962947
0.877716
0.877716
0.612654
0.612654
0.013931
0.013931
0.486131
0.486131
0.365036
0.365036
0.987815
0.987815
0.904392
0.904392
0.675520
0.675520
0.829051
0.829051
0.374385
0.374385
0.278093
0.278093
0.042197
0.042197
0.305502
0.305502
0.304215
0.304215
0.528539
0.528539
0.165994
0.165994
0.498389
0.498389
0.358484
0.358484
0.629838
0.629838
0.774921
0.774921
0.902437
0.902437
0.283953
0.283953
0.969139
0.969139
0.125367
0.125367
0.429746
0.429746
0.063728
0.063728
0.769246
0.769246
0.316863
0.316863
0.179791
0.179791
0.561866
0.561866
