0.694554
0.624347
0.884872
0.133891
0.553123
0.776419
0.721111
0.391023
0.131936
0.951912
0.897044
0.856122
0.117264
0.628593
0.097082
0.544651
0.800418
0.130087
0.218998
0.817874
0.511799
0.694554
0.889625
0.428642
0.242718
0.776419
0.001514
0.098165
0.131936
0.958087
0.556974
0.134407
0.117264
0.407720
0.800418
0.808465
0.511799
0.722704
0.454494
0.428642
0.730013
0.765431
0.398523
0.098165
0.154126
0.556974
0.698154
0.576112
0.808465
0.179282
0.062107
0.454494
0.546048
0.072644
0.495261
0.398523
0.683380
0.476542
0.698154
0.141629
0.062107
0.476503
0.445360
0.072644
0.515813
0.473590
0.476542
0.192706
0.053425
0.476503
0.541138
0.515813
0.541408
0.043735
0.053425
0.962429
0.376797
0.541408
0.019870
0.010722
0.376797
0.931889
0.528243
0.010722
0.081583
0.528243
0.998671
0.079448
0.998671
0.038721
0.038721
0.059498
0.335654
0.335654
0.406205
0.867708
0.867708
0.345252
0.614921
0.614921
0.289010
0.206958
0.206958
0.326767
0.326767
0.539081
0.539081
0.322647
0.322647
0.653338
0.653338
0.334718
0.334718
0.626057
0.626057
0.372863
0.372863
0.086104
0.086104
0.872592
0.872592
0.494653
0.494653
0.488013
0.488013
0.514619
0.514619
0.576689
0.576689
0.151469
0.151469
0.183981
0.183981
0.489947
0.489947
0.158410
0.158410
0.899402
0.899402
0.271629
0.271629
0.809433
0.809433
0.113202
0.113202
0.033633
0.033633
0.858625
0.858625
0.927430
0.927430
0.062430
0.062430
0.226444
0.226444
0.624347
0.624347
0.553123
0.553123
0.391023
0.391023
0.897044
0.897044
0.628593
0.628593
0.544651
0.544651
0.218998
0.218998
0.889625
0.889625
0.242718
0.242718
0.001514
0.001514
0.958087
0.958087
0.134407
0.134407
0.407720
0.407720
0.722704
0.722704
0.730013
0.730013
0.765431
0.765431
0.154126
0.154126
0.576112
0.576112
0.179282
0.179282
0.546048
0.546048
0.495261
0.495261
0.683380
0.683380
0.141629
0.141629
0.445360
0.445360
0.473590
0.473590
0.192706
0.192706
0.541138
0.541138
0.043735
0.043735
0.962429
0.962429
0.019870
0.019870
0.931889
0.931889
0.081583
0.081583
0.079448
0.079448
0.059498
0.059498
0.406205
0.406205
0.345252
0.345252
0.289010
0.289010
