0.570952
0.886416
0.509605
0.181280
0.623961
0.100311
0.684541
0.004428
0.604220
0.961317
0.956959
0.268234
0.443219
0.105701
0.311041
0.065374
0.920513
0.159850
0.495936
0.048181
0.345133
0.570952
0.953126
0.545825
0.623961
0.997040
0.370160
0.852726
0.604220
0.920856
0.506618
0.778226
0.443219
0.808771
0.176651
0.065374
0.161124
0.048181
0.576440
0.545825
0.926416
0.558819
0.128609
0.370160
0.656785
0.506618
0.896353
0.171707
0.176651
0.048695
0.273733
0.576440
0.789557
0.859038
0.378818
0.558819
0.066118
0.278323
0.896353
0.681669
0.296341
0.048695
0.391711
0.859038
0.299438
0.878753
0.278323
0.169489
0.378933
0.296341
0.391281
0.299438
0.867301
0.169489
0.599659
0.194065
0.538887
0.867301
0.447713
0.152988
0.194065
0.172333
0.695279
0.152988
0.836599
0.695279
0.218641
0.224399
0.218641
0.346223
0.926828
0.346223
0.086604
0.086604
0.802265
0.423934
0.423934
0.117714
0.173764
0.173764
0.130078
0.201276
0.201276
0.527632
0.527632
0.571130
0.571130
0.656298
0.656298
0.400390
0.400390
0.195557
0.195557
0.698929
0.698929
0.813503
0.813503
0.511966
0.511966
0.431140
0.431140
0.499438
0.499438
0.411448
0.411448
0.825268
0.825268
0.712418
0.712418
0.391959
0.391959
0.978189
0.978189
0.082238
0.082238
0.774938
0.774938
0.629850
0.629850
0.590434
0.590434
0.317391
0.317391
0.739811
0.739811
0.738891
0.738891
0.307265
0.307265
0.288294
0.288294
0.393984
0.393984
0.165964
0.165964
0.886416
0.886416
0.100311
0.100311
0.004428
0.004428
0.956959
0.956959
0.105701
0.105701
0.920513
0.920513
0.495936
0.495936
0.953126
0.953126
0.997040
0.997040
0.852726
0.852726
0.920856
0.920856
0.778226
0.778226
0.808771
0.808771
0.161124
0.161124
0.926416
0.926416
0.128609
0.128609
0.656785
0.656785
0.171707
0.171707
0.273733
0.273733
0.789557
0.789557
0.378818
0.378818
0.066118
0.066118
0.681669
0.681669
0.391711
0.391711
0.878753
0.878753
0.378933
0.378933
0.391281
0.391281
0.599659
0.599659
0.538887
0.538887
0.447713
0.447713
0.172333
0.172333
0.836599
0.836599
0.224399
0.224399
0.926828
0.926828
0.802265
0.802265
0.117714
0.117714
0.130078
0.130078
