0.225114
0.948039
0.167353
0.610195
0.246248
0.254012
0.003913
0.803051
0.775481
0.556360
0.696943
0.202148
0.981388
0.787565
0.482485
0.051059
0.826334
0.235192
0.501524
0.877039
0.248471
0.225114
0.306858
0.207545
0.366124
0.254012
0.772975
0.387712
0.775481
0.501418
0.472480
0.215474
0.981388
0.144184
0.826334
0.127899
0.248471
0.190004
0.660582
0.207545
0.156877
0.805619
0.387712
0.703166
0.999188
0.472480
0.818745
0.654169
0.127899
0.175384
0.194554
0.660582
0.554664
0.859199
0.228658
0.703166
0.319091
0.994162
0.818745
0.266788
0.194554
0.523130
0.934835
0.859199
0.096062
0.817171
0.994162
0.524831
0.880177
0.523130
0.111461
0.096062
0.362623
0.169245
0.880177
0.788109
0.707099
0.362623
0.152697
0.994030
0.707099
0.913932
0.340709
0.994030
0.207557
0.340709
0.928224
0.090716
0.928224
0.157994
0.680257
0.157994
0.172868
0.172868
0.087678
0.485659
0.485659
0.352478
0.115262
0.115262
0.748635
0.997922
0.997922
0.141346
0.141346
0.679284
0.679284
0.431649
0.431649
0.814617
0.814617
0.714238
0.714238
0.421614
0.421614
0.340201
0.340201
0.070369
0.070369
0.373536
0.373536
0.148441
0.148441
0.519165
0.519165
0.021241
0.021241
0.013204
0.013204
0.588919
0.588919
0.145715
0.145715
0.221402
0.221402
0.642636
0.642636
0.106925
0.106925
0.326789
0.326789
0.532377
0.532377
0.773133
0.773133
0.581165
0.581165
0.875881
0.875881
0.487208
0.487208
0.162944
0.162944
0.747420
0.747420
0.948039
0.948039
0.246248
0.246248
0.803051
0.803051
0.696943
0.696943
0.787565
0.787565
0.051059
0.051059
0.501524
0.501524
0.306858
0.306858
0.366124
0.366124
0.772975
0.772975
0.501418
0.501418
0.215474
0.215474
0.144184
0.144184
0.190004
0.190004
0.156877
0.156877
0.805619
0.805619
0.999188
0.999188
0.654169
0.654169
0.175384
0.175384
0.554664
0.554664
0.228658
0.228658
0.319091
0.319091
0.266788
0.266788
0.934835
0.934835
0.817171
0.817171
0.524831
0.524831
0.111461
0.111461
0.169245
0.169245
0.788109
0.788109
0.152697
0.152697
0.913932
0.913932
0.207557
0.207557
0.090716
0.090716
0.680257
0.680257
0.087678
0.087678
0.352478
0.352478
0.748635
0.748635
