0.456707
0.968605
0.132355
0.699571
0.042700
0.330691
0.432895
0.686438
0.542928
0.611307
0.297384
0.218218
0.107801
0.459670
0.426307
0.874756
0.791105
0.121889
0.626408
0.773876
0.297168
0.456707
0.249512
0.001721
0.252136
0.330691
0.319384
0.836155
0.542928
0.165098
0.107842
0.329901
0.107801
0.041008
0.791105
0.496415
0.297168
0.516906
0.256005
0.001721
0.467818
0.425992
0.836155
0.029408
0.891168
0.107842
0.380281
0.601662
0.496415
0.960842
0.959489
0.256005
0.619179
0.757938
0.487830
0.029408
0.908723
0.475393
0.380281
0.777666
0.959489
0.684656
0.225178
0.757938
0.980766
0.972702
0.475393
0.167320
0.666147
0.684656
0.558999
0.980766
0.549462
0.919848
0.666147
0.836590
0.311367
0.549462
0.404978
0.851669
0.311367
0.525380
0.351687
0.851669
0.491332
0.351687
0.767514
0.722001
0.767514
0.504015
0.052864
0.504015
0.624986
0.624986
0.051592
0.498831
0.498831
0.921846
0.408253
0.408253
0.254711
0.130847
0.130847
0.697814
0.697814
0.131215
0.131215
0.499639
0.499639
0.859761
0.859761
0.124852
0.124852
0.035320
0.035320
0.422901
0.422901
0.621358
0.621358
0.985926
0.985926
0.368076
0.368076
0.392946
0.392946
0.709098
0.709098
0.195968
0.195968
0.913696
0.913696
0.202496
0.202496
0.284025
0.284025
0.868615
0.868615
0.151339
0.151339
0.781381
0.781381
0.852199
0.852199
0.033254
0.033254
0.063959
0.063959
0.921623
0.921623
0.898061
0.898061
0.650903
0.650903
0.325520
0.325520
0.968605
0.968605
0.042700
0.042700
0.686438
0.686438
0.297384
0.297384
0.459670
0.459670
0.874756
0.874756
0.626408
0.626408
0.249512
0.249512
0.252136
0.252136
0.319384
0.319384
0.165098
0.165098
0.329901
0.329901
0.041008
0.041008
0.516906
0.516906
0.467818
0.467818
0.425992
0.425992
0.891168
0.891168
0.601662
0.601662
0.960842
0.960842
0.619179
0.619179
0.487830
0.487830
0.908723
0.908723
0.777666
0.777666
0.225178
0.225178
0.972702
0.972702
0.167320
0.167320
0.558999
0.558999
0.919848
0.919848
0.836590
0.836590
0.404978
0.404978
0.525380
0.525380
0.491332
0.491332
0.722001
0.722001
0.052864
0.052864
0.051592
0.051592
0.921846
0.921846
0.254711
0.254711
