0.602722
0.646263
0.727281
0.156276
0.188677
0.497154
0.150104
0.914632
0.069091
0.655426
0.793083
0.207537
0.746988
0.138988
0.068340
0.917698
0.811078
0.697254
0.250017
0.637369
0.778392
0.602722
0.646263
0.390848
0.503759
0.921472
0.188677
0.631136
0.740845
0.655426
0.711079
0.107825
0.821812
0.746988
0.955598
0.232837
0.811078
0.551138
0.778392
0.614100
0.503759
0.323125
0.919458
0.631136
0.585574
0.311859
0.107825
0.529805
0.452970
0.232837
0.828089
0.813792
0.614100
0.570733
0.725338
0.180258
0.919458
0.498376
0.175444
0.529805
0.427276
0.277635
0.828089
0.879223
0.725338
0.104467
0.469545
0.498376
0.657656
0.683123
0.277635
0.063290
0.104467
0.850943
0.657656
0.619228
0.132091
0.010281
0.850943
0.847328
0.414026
0.132091
0.900356
0.063086
0.414026
0.452768
0.063086
0.013031
0.623221
0.013031
0.543416
0.441559
0.543416
0.396916
0.396916
0.831392
0.643478
0.643478
0.901433
0.256039
0.256039
0.829918
0.102897
0.102897
0.763205
0.763205
0.437655
0.437655
0.917800
0.917800
0.882558
0.882558
0.708394
0.708394
0.351387
0.351387
0.533470
0.533470
0.211710
0.211710
0.730789
0.730789
0.718001
0.718001
0.652606
0.652606
0.168057
0.168057
0.389892
0.389892
0.690062
0.690062
0.620373
0.620373
0.515859
0.515859
0.763533
0.763533
0.398765
0.398765
0.802263
0.802263
0.855747
0.855747
0.160708
0.160708
0.160145
0.160145
0.476554
0.476554
0.829673
0.829673
0.573510
0.573510
0.881873
0.881873
0.156276
0.156276
0.150104
0.150104
0.069091
0.069091
0.207537
0.207537
0.068340
0.068340
0.697254
0.697254
0.637369
0.637369
0.390848
0.390848
0.921472
0.921472
0.740845
0.740845
0.711079
0.711079
0.821812
0.821812
0.955598
0.955598
0.551138
0.551138
0.323125
0.323125
0.585574
0.585574
0.311859
0.311859
0.452970
0.452970
0.813792
0.813792
0.570733
0.570733
0.180258
0.180258
0.175444
0.175444
0.427276
0.427276
0.879223
0.879223
0.469545
0.469545
0.683123
0.683123
0.063290
0.063290
0.619228
0.619228
0.010281
0.010281
0.847328
0.847328
0.900356
0.900356
0.452768
0.452768
0.623221
0.623221
0.441559
0.441559
0.831392
0.831392
0.901433
0.901433
0.829918
0.829918
