0.379987
0.076946
0.777195
0.884724
0.338192
0.808060
0.534899
0.712341
0.873753
0.490179
0.318327
0.676044
0.628680
0.506215
0.812391
0.847375
0.929645
0.714246
0.139658
0.957195
0.480258
0.379987
0.834094
0.935589
0.800483
0.808060
0.191784
0.871481
0.873753
0.720303
0.553993
0.865003
0.628680
0.960526
0.389766
0.847375
0.222285
0.480258
0.311756
0.935589
0.335890
0.312733
0.758591
0.871481
0.567567
0.553993
0.995687
0.502914
0.389766
0.029836
0.586792
0.311756
0.827112
0.605843
0.967218
0.758591
0.733401
0.348744
0.995687
0.104780
0.586792
0.377966
0.802231
0.605843
0.803132
0.435602
0.348744
0.152709
0.403612
0.377966
0.117586
0.803132
0.659164
0.323642
0.403612
0.699364
0.389075
0.659164
0.248521
0.946655
0.699364
0.568238
0.090345
0.946655
0.129335
0.090345
0.285286
0.052177
0.285286
0.369057
0.974550
0.369057
0.695584
0.695584
0.814063
0.515572
0.515572
0.340056
0.704988
0.704988
0.259906
0.560391
0.560391
0.493386
0.493386
0.856421
0.856421
0.578796
0.578796
0.874503
0.874503
0.405040
0.405040
0.764317
0.764317
0.103158
0.103158
0.675665
0.675665
0.545314
0.545314
0.345402
0.345402
0.338726
0.338726
0.795997
0.795997
0.599061
0.599061
0.588872
0.588872
0.157174
0.157174
0.939407
0.939407
0.350241
0.350241
0.786699
0.786699
0.765389
0.765389
0.609661
0.609661
0.817613
0.817613
0.755183
0.755183
0.888652
0.888652
0.645217
0.645217
0.547552
0.547552
0.698337
0.698337
0.076946
0.076946
0.338192
0.338192
0.712341
0.712341
0.318327
0.318327
0.506215
0.506215
0.929645
0.929645
0.139658
0.139658
0.834094
0.834094
0.800483
0.800483
0.191784
0.191784
0.720303
0.720303
0.865003
0.865003
0.960526
0.960526
0.222285
0.222285
0.335890
0.335890
0.312733
0.312733
0.567567
0.567567
0.502914
0.502914
0.029836
0.029836
0.827112
0.827112
0.967218
0.967218
0.733401
0.733401
0.104780
0.104780
0.802231
0.802231
0.435602
0.435602
0.152709
0.152709
0.117586
0.117586
0.323642
0.323642
0.389075
0.389075
0.248521
0.248521
0.568238
0.568238
0.129335
0.129335
0.052177
0.052177
0.974550
0.974550
0.814063
0.814063
0.340056
0.340056
0.259906
0.259906
