0.691123
0.235931
0.273678
0.573078
0.246972
0.186810
0.109212
0.856717
0.632372
0.806715
0.043839
0.560314
0.411613
0.931524
0.225889
0.629252
0.283759
0.791735
0.092221
0.418915
0.678244
0.691123
0.477411
0.113423
0.233244
0.186810
0.490188
0.413416
0.632372
0.516369
0.761563
0.055463
0.411613
0.653922
0.283759
0.907761
0.678244
0.133060
0.048444
0.113423
0.871684
0.420134
0.477175
0.413416
0.302886
0.761563
0.341680
0.784058
0.907761
0.585771
0.376080
0.048444
0.407746
0.906449
0.657472
0.477175
0.906098
0.147004
0.341680
0.421156
0.376080
0.456153
0.171476
0.906449
0.652191
0.370268
0.147004
0.810562
0.595496
0.456153
0.969962
0.652191
0.585363
0.536189
0.595496
0.233855
0.211451
0.585363
0.569631
0.034138
0.211451
0.670782
0.787928
0.034138
0.132727
0.787928
0.728222
0.395391
0.728222
0.125659
0.125659
0.436108
0.595890
0.595890
0.654629
0.738869
0.738869
0.977680
0.255847
0.255847
0.762498
0.483044
0.483044
0.991738
0.991738
0.430815
0.430815
0.346469
0.346469
0.026346
0.026346
0.749750
0.749750
0.866282
0.866282
0.258295
0.258295
0.424267
0.424267
0.510266
0.510266
0.475745
0.475745
0.150842
0.150842
0.643038
0.643038
0.575552
0.575552
0.963344
0.963344
0.656833
0.656833
0.777322
0.777322
0.963384
0.963384
0.429894
0.429894
0.129494
0.129494
0.842460
0.842460
0.267838
0.267838
0.096796
0.096796
0.430684
0.430684
0.737051
0.737051
0.605016
0.605016
0.784690
0.784690
0.235931
0.235931
0.246972
0.246972
0.856717
0.856717
0.043839
0.043839
0.931524
0.931524
0.629252
0.629252
0.092221
0.092221
0.477411
0.477411
0.233244
0.233244
0.490188
0.490188
0.516369
0.516369
0.055463
0.055463
0.653922
0.653922
0.133060
0.133060
0.871684
0.871684
0.420134
0.420134
0.302886
0.302886
0.784058
0.784058
0.585771
0.585771
0.407746
0.407746
0.657472
0.657472
0.906098
0.906098
0.421156
0.421156
0.171476
0.171476
0.370268
0.370268
0.810562
0.810562
0.969962
0.969962
0.536189
0.536189
0.233855
0.233855
0.569631
0.569631
0.670782
0.670782
0.132727
0.132727
0.395391
0.395391
0.436108
0.436108
0.654629
0.654629
0.977680
0.977680
0.762498
0.762498
