0.089040
0.298127
0.830616
0.734448
0.215804
0.815447
0.246223
0.805025
0.838383
0.618698
0.492094
0.139246
0.077548
0.826702
0.049435
0.212242
0.471384
0.766353
0.158383
0.827759
0.678852
0.089040
0.298127
0.812736
0.798458
0.150115
0.215804
0.339074
0.773462
0.618698
0.674483
0.272809
0.391890
0.077548
0.383884
0.727705
0.471384
0.814176
0.678852
0.876949
0.798458
0.691940
0.002612
0.339074
0.771319
0.323801
0.272809
0.734794
0.558021
0.727705
0.995569
0.243260
0.876949
0.726425
0.316320
0.509565
0.002612
0.301643
0.233039
0.734794
0.108903
0.003450
0.995569
0.160811
0.316320
0.695660
0.663776
0.301643
0.771608
0.515731
0.003450
0.077044
0.695660
0.036784
0.771608
0.153304
0.514488
0.310826
0.036784
0.307859
0.689430
0.514488
0.203321
0.786682
0.689430
0.283492
0.786682
0.120759
0.207307
0.120759
0.968683
0.334512
0.968683
0.671965
0.671965
0.829711
0.542460
0.542460
0.905500
0.089637
0.089637
0.343959
0.839300
0.839300
0.213397
0.213397
0.655756
0.655756
0.083977
0.083977
0.530320
0.530320
0.545093
0.545093
0.425144
0.425144
0.138033
0.138033
0.731714
0.731714
0.653285
0.653285
0.976350
0.976350
0.360244
0.360244
0.905847
0.905847
0.530556
0.530556
0.328623
0.328623
0.329453
0.329453
0.257237
0.257237
0.373303
0.373303
0.917960
0.917960
0.467584
0.467584
0.185307
0.185307
0.273492
0.273492
0.038882
0.038882
0.732230
0.732230
0.038471
0.038471
0.852703
0.852703
0.523055
0.523055
0.734448
0.734448
0.246223
0.246223
0.838383
0.838383
0.139246
0.139246
0.049435
0.049435
0.766353
0.766353
0.827759
0.827759
0.812736
0.812736
0.150115
0.150115
0.773462
0.773462
0.674483
0.674483
0.391890
0.391890
0.383884
0.383884
0.814176
0.814176
0.691940
0.691940
0.771319
0.771319
0.323801
0.323801
0.558021
0.558021
0.243260
0.243260
0.726425
0.726425
0.509565
0.509565
0.233039
0.233039
0.108903
0.108903
0.160811
0.160811
0.663776
0.663776
0.515731
0.515731
0.077044
0.077044
0.153304
0.153304
0.310826
0.310826
0.307859
0.307859
0.203321
0.203321
0.283492
0.283492
0.207307
0.207307
0.334512
0.334512
0.829711
0.829711
0.905500
0.905500
0.343959
0.343959
