0.542853
0.207507
0.619307
0.005669
0.213210
0.716873
0.589695
0.526112
0.946062
0.429080
0.327725
0.475547
0.844695
0.187378
0.924735
0.367108
0.437115
0.709538
0.761235
0.838380
0.543390
0.542853
0.192585
0.200500
0.140242
0.716873
0.237278
0.779639
0.946062
0.293366
0.798727
0.972023
0.844695
0.793329
0.437115
0.734684
0.543390
0.294242
0.524401
0.200500
0.005476
0.702425
0.253442
0.779639
0.604545
0.798727
0.401935
0.029172
0.734684
0.808972
0.408473
0.524401
0.174971
0.048618
0.927854
0.253442
0.111654
0.934394
0.401935
0.997587
0.408473
0.857755
0.380742
0.048618
0.633206
0.450722
0.934394
0.343890
0.429981
0.857755
0.132569
0.633206
0.581525
0.009152
0.429981
0.260581
0.303094
0.581525
0.279224
0.857997
0.303094
0.935787
0.454896
0.857997
0.951925
0.454896
0.108338
0.673100
0.108338
0.307262
0.307262
0.666182
0.894036
0.894036
0.584991
0.582978
0.582978
0.168605
0.701103
0.701103
0.072120
0.622148
0.622148
0.181157
0.181157
0.912165
0.912165
0.725822
0.725822
0.096583
0.096583
0.053874
0.053874
0.029326
0.029326
0.683046
0.683046
0.983018
0.983018
0.702916
0.702916
0.099430
0.099430
0.432037
0.432037
0.458697
0.458697
0.597083
0.597083
0.829507
0.829507
0.282897
0.282897
0.908628
0.908628
0.562437
0.562437
0.128366
0.128366
0.192475
0.192475
0.075690
0.075690
0.064160
0.064160
0.372056
0.372056
0.117992
0.117992
0.427054
0.427054
0.472330
0.472330
0.606889
0.606889
0.207507
0.207507
0.213210
0.213210
0.526112
0.526112
0.327725
0.327725
0.187378
0.187378
0.367108
0.367108
0.761235
0.761235
0.192585
0.192585
0.140242
0.140242
0.237278
0.237278
0.293366
0.293366
0.972023
0.972023
0.793329
0.793329
0.294242
0.294242
0.005476
0.005476
0.702425
0.702425
0.604545
0.604545
0.029172
0.029172
0.808972
0.808972
0.174971
0.174971
0.927854
0.927854
0.111654
0.111654
0.997587
0.997587
0.380742
0.380742
0.450722
0.450722
0.343890
0.343890
0.132569
0.132569
0.009152
0.009152
0.260581
0.260581
0.279224
0.279224
0.935787
0.935787
0.951925
0.951925
0.673100
0.673100
0.666182
0.666182
0.584991
0.584991
0.168605
0.168605
0.072120
0.072120
