0.581439
0.370013
0.766649
0.490404
0.882822
0.041098
0.005245
0.874298
0.769142
0.607172
0.492697
0.056954
0.200806
0.150476
0.428912
0.461723
0.558011
0.843895
0.116363
0.964799
0.556802
0.581439
0.370013
0.228566
0.615651
0.888964
0.882822
0.695629
0.009289
0.607172
0.809028
0.955300
0.854689
0.200806
0.387686
0.802256
0.558011
0.565987
0.556802
0.127968
0.615651
0.456523
0.845981
0.695629
0.774626
0.629858
0.955300
0.475823
0.119408
0.802256
0.018310
0.161787
0.127968
0.968878
0.810532
0.144946
0.845981
0.424178
0.542811
0.475823
0.759741
0.219857
0.018310
0.758249
0.810532
0.077726
0.937439
0.424178
0.724597
0.912529
0.219857
0.861971
0.077726
0.116674
0.724597
0.105490
0.984790
0.450353
0.116674
0.299704
0.788243
0.984790
0.214369
0.527684
0.788243
0.058711
0.527684
0.278735
0.146438
0.278735
0.268208
0.199294
0.268208
0.212475
0.212475
0.419461
0.705561
0.705561
0.720755
0.577625
0.577625
0.590309
0.458654
0.458654
0.919497
0.919497
0.002247
0.002247
0.917037
0.917037
0.801267
0.801267
0.923567
0.923567
0.440134
0.440134
0.990313
0.990313
0.732692
0.732692
0.951383
0.951383
0.002613
0.002613
0.166643
0.166643
0.893391
0.893391
0.046526
0.046526
0.264477
0.264477
0.346527
0.346527
0.359045
0.359045
0.106488
0.106488
0.603974
0.603974
0.225703
0.225703
0.901758
0.901758
0.503631
0.503631
0.896020
0.896020
0.771217
0.771217
0.732760
0.732760
0.700040
0.700040
0.163451
0.163451
0.490404
0.490404
0.005245
0.005245
0.769142
0.769142
0.056954
0.056954
0.428912
0.428912
0.843895
0.843895
0.964799
0.964799
0.228566
0.228566
0.888964
0.888964
0.009289
0.009289
0.809028
0.809028
0.854689
0.854689
0.387686
0.387686
0.565987
0.565987
0.456523
0.456523
0.774626
0.774626
0.629858
0.629858
0.119408
0.119408
0.161787
0.161787
0.968878
0.968878
0.144946
0.144946
0.542811
0.542811
0.759741
0.759741
0.758249
0.758249
0.937439
0.937439
0.912529
0.912529
0.861971
0.861971
0.105490
0.105490
0.450353
0.450353
0.299704
0.299704
0.214369
0.214369
0.058711
0.058711
0.146438
0.146438
0.199294
0.199294
0.419461
0.419461
0.720755
0.720755
0.590309
0.590309
