0.701841
0.380495
0.818781
0.370404
0.485650
0.302683
0.315150
0.753091
0.516392
0.626887
0.647796
0.121943
0.566898
0.777843
0.057867
0.406208
0.720747
0.488512
0.418507
0.082530
0.770987
0.701841
0.380495
0.063789
0.811011
0.757316
0.485650
0.665612
0.047902
0.626887
0.732712
0.179607
0.566898
0.309118
0.043042
0.184449
0.720747
0.089366
0.770987
0.270902
0.811011
0.164940
0.795071
0.665612
0.517266
0.927932
0.179607
0.442218
0.326645
0.184449
0.686835
0.534299
0.270902
0.638723
0.487113
0.052015
0.795071
0.151654
0.883685
0.442218
0.917993
0.629414
0.686835
0.364461
0.487113
0.157125
0.060223
0.151654
0.010889
0.505331
0.629414
0.910739
0.021770
0.157125
0.326796
0.010889
0.795253
0.874282
0.021770
0.659706
0.041323
0.795253
0.083219
0.633816
0.041323
0.145793
0.633816
0.002594
0.418242
0.002594
0.133990
0.223441
0.133990
0.528916
0.528916
0.583804
0.552235
0.552235
0.491880
0.780464
0.780464
0.302204
0.957842
0.957842
0.337624
0.337624
0.326360
0.326360
0.104324
0.104324
0.860031
0.860031
0.236211
0.236211
0.107985
0.107985
0.822621
0.822621
0.477952
0.477952
0.598090
0.598090
0.071004
0.071004
0.269051
0.269051
0.045736
0.045736
0.421286
0.421286
0.553723
0.553723
0.055797
0.055797
0.753800
0.753800
0.326888
0.326888
0.424559
0.424559
0.214277
0.214277
0.121056
0.121056
0.559917
0.559917
0.848436
0.848436
0.986924
0.986924
0.661915
0.661915
0.230279
0.230279
0.839849
0.839849
0.818781
0.818781
0.315150
0.315150
0.516392
0.516392
0.121943
0.121943
0.057867
0.057867
0.488512
0.488512
0.082530
0.082530
0.063789
0.063789
0.757316
0.757316
0.047902
0.047902
0.732712
0.732712
0.309118
0.309118
0.043042
0.043042
0.089366
0.089366
0.164940
0.164940
0.517266
0.517266
0.927932
0.927932
0.326645
0.326645
0.534299
0.534299
0.638723
0.638723
0.052015
0.052015
0.883685
0.883685
0.917993
0.917993
0.364461
0.364461
0.060223
0.060223
0.505331
0.505331
0.910739
0.910739
0.326796
0.326796
0.874282
0.874282
0.659706
0.659706
0.083219
0.083219
0.145793
0.145793
0.418242
0.418242
0.223441
0.223441
0.583804
0.583804
0.491880
0.491880
0.302204
0.302204
