0.268570
0.378107
0.274702
0.979942
0.650869
0.593444
0.489349
0.318539
0.991439
0.121249
0.272970
0.668472
0.297301
0.935814
0.036238
0.326282
0.783370
0.578337
0.640492
0.951470
0.959321
0.268570
0.237208
0.058288
0.076032
0.593444
0.036098
0.990983
0.991439
0.186797
0.404847
0.409824
0.297301
0.985817
0.290083
0.326282
0.978837
0.959321
0.047643
0.058288
0.777887
0.279119
0.977420
0.990983
0.199838
0.404847
0.066675
0.212363
0.290083
0.195222
0.135993
0.047643
0.327035
0.018683
0.251636
0.977420
0.507995
0.428444
0.066675
0.527492
0.135993
0.655166
0.279457
0.018683
0.548086
0.177726
0.428444
0.330437
0.496603
0.655166
0.629093
0.548086
0.518594
0.509626
0.496603
0.243481
0.413055
0.518594
0.929565
0.084364
0.243481
0.776045
0.937519
0.084364
0.465242
0.937519
0.673166
0.445200
0.673166
0.083015
0.409314
0.083015
0.719513
0.719513
0.071148
0.522242
0.522242
0.728753
0.191495
0.191495
0.901047
0.736316
0.736316
0.934339
0.934339
0.299874
0.299874
0.945944
0.945944
0.627731
0.627731
0.191263
0.191263
0.504797
0.504797
0.999022
0.999022
0.081801
0.081801
0.761760
0.761760
0.926103
0.926103
0.205357
0.205357
0.322049
0.322049
0.697607
0.697607
0.465186
0.465186
0.954305
0.954305
0.323296
0.323296
0.629471
0.629471
0.989373
0.989373
0.444023
0.444023
0.221241
0.221241
0.690228
0.690228
0.025620
0.025620
0.652220
0.652220
0.811844
0.811844
0.246882
0.246882
0.819094
0.819094
0.378107
0.378107
0.650869
0.650869
0.318539
0.318539
0.272970
0.272970
0.935814
0.935814
0.783370
0.783370
0.640492
0.640492
0.237208
0.237208
0.076032
0.076032
0.036098
0.036098
0.186797
0.186797
0.409824
0.409824
0.985817
0.985817
0.978837
0.978837
0.777887
0.777887
0.279119
0.279119
0.199838
0.199838
0.212363
0.212363
0.195222
0.195222
0.327035
0.327035
0.251636
0.251636
0.507995
0.507995
0.527492
0.527492
0.279457
0.279457
0.177726
0.177726
0.330437
0.330437
0.629093
0.629093
0.509626
0.509626
0.413055
0.413055
0.929565
0.929565
0.776045
0.776045
0.465242
0.465242
0.445200
0.445200
0.409314
0.409314
0.071148
0.071148
0.728753
0.728753
0.901047
0.901047
