0.584250
0.236552
0.733259
0.030378
0.938150
0.169409
0.505335
0.574666
0.810207
0.537271
0.716931
0.741208
0.764696
0.176797
0.496445
0.159141
0.649525
0.091861
0.138220
0.945409
0.818705
0.584250
0.348867
0.642839
0.499189
0.169409
0.632290
0.207549
0.810207
0.525233
0.138882
0.777728
0.764696
0.848860
0.649525
0.664801
0.818705
0.460510
0.706732
0.642839
0.002354
0.729039
0.337348
0.207549
0.730884
0.138882
0.730136
0.470779
0.664801
0.983104
0.502831
0.706732
0.521782
0.039163
0.446460
0.337348
0.740672
0.202739
0.730136
0.502607
0.502831
0.803137
0.633677
0.039163
0.549694
0.795994
0.202739
0.644425
0.591061
0.803137
0.148253
0.549694
0.900962
0.475665
0.591061
0.639620
0.955610
0.900962
0.023919
0.384476
0.955610
0.337551
0.830781
0.384476
0.335243
0.830781
0.349777
0.544688
0.349777
0.727082
0.727082
0.034564
0.337033
0.337033
0.063360
0.285096
0.285096
0.776274
0.394325
0.394325
0.344308
0.067267
0.067267
0.359782
0.359782
0.116987
0.116987
0.773055
0.773055
0.720891
0.720891
0.583751
0.583751
0.743037
0.743037
0.249868
0.249868
0.637544
0.637544
0.369341
0.369341
0.787514
0.787514
0.127771
0.127771
0.989772
0.989772
0.075660
0.075660
0.905521
0.905521
0.266470
0.266470
0.111876
0.111876
0.228907
0.228907
0.683827
0.683827
0.188807
0.188807
0.978785
0.978785
0.093534
0.093534
0.989630
0.989630
0.265902
0.265902
0.427887
0.427887
0.001370
0.001370
0.884985
0.884985
0.236552
0.236552
0.938150
0.938150
0.574666
0.574666
0.716931
0.716931
0.176797
0.176797
0.159141
0.159141
0.138220
0.138220
0.348867
0.348867
0.499189
0.499189
0.632290
0.632290
0.525233
0.525233
0.777728
0.777728
0.848860
0.848860
0.460510
0.460510
0.002354
0.002354
0.729039
0.729039
0.730884
0.730884
0.470779
0.470779
0.983104
0.983104
0.521782
0.521782
0.446460
0.446460
0.740672
0.740672
0.502607
0.502607
0.633677
0.633677
0.795994
0.795994
0.644425
0.644425
0.148253
0.148253
0.475665
0.475665
0.639620
0.639620
0.023919
0.023919
0.337551
0.337551
0.335243
0.335243
0.544688
0.544688
0.034564
0.034564
0.063360
0.063360
0.776274
0.776274
0.344308
0.344308
