0.617231
0.859982
0.096834
0.465734
0.442289
0.664967
0.050009
0.769916
0.645891
0.806844
0.191244
0.376778
0.850550
0.891064
0.472609
0.016299
0.162790
0.140095
0.347719
0.432218
0.616510
0.670405
0.859982
0.096834
0.761080
0.293351
0.326312
0.664967
0.464761
0.271512
0.191244
0.484712
0.832586
0.036810
0.891064
0.646889
0.695325
0.140095
0.354187
0.670405
0.337867
0.293351
0.272548
0.686316
0.464761
0.413584
0.845364
0.832586
0.120224
0.303382
0.695325
0.478339
0.114198
0.337867
0.252143
0.013352
0.378257
0.686316
0.169286
0.204912
0.120224
0.764524
0.763589
0.478339
0.525853
0.013352
0.822243
0.374769
0.169286
0.515832
0.580875
0.763589
0.685101
0.822243
0.516068
0.515832
0.675387
0.449277
0.426217
0.516068
0.348603
0.628789
0.449277
0.664858
0.075417
0.628789
0.226600
0.075417
0.117141
0.353680
0.117141
0.853248
0.709033
0.853248
0.349320
0.349320
0.800925
0.990036
0.990036
0.281607
0.005024
0.005024
0.155108
0.998611
0.998611
0.545879
0.545879
0.536166
0.536166
0.947548
0.947548
0.809129
0.809129
0.915305
0.915305
0.402224
0.402224
0.816811
0.816811
0.481025
0.481025
0.863405
0.863405
0.003623
0.003623
0.260847
0.260847
0.222430
0.222430
0.783468
0.783468
0.264913
0.264913
0.176459
0.176459
0.004846
0.004846
0.197131
0.197131
0.214810
0.214810
0.451808
0.451808
0.351160
0.351160
0.392743
0.392743
0.327047
0.327047
0.499397
0.499397
0.874211
0.874211
0.256979
0.256979
0.617231
0.617231
0.442289
0.442289
0.769916
0.769916
0.806844
0.806844
0.850550
0.850550
0.016299
0.016299
0.347719
0.347719
0.616510
0.616510
0.761080
0.761080
0.326312
0.326312
0.271512
0.271512
0.484712
0.484712
0.036810
0.036810
0.646889
0.646889
0.354187
0.354187
0.272548
0.272548
0.413584
0.413584
0.845364
0.845364
0.303382
0.303382
0.114198
0.114198
0.252143
0.252143
0.378257
0.378257
0.204912
0.204912
0.764524
0.764524
0.525853
0.525853
0.374769
0.374769
0.580875
0.580875
0.685101
0.685101
0.675387
0.675387
0.426217
0.426217
0.348603
0.348603
0.664858
0.664858
0.226600
0.226600
0.353680
0.353680
0.709033
0.709033
0.800925
0.800925
0.281607
0.281607
0.155108
0.155108
