0.527382
0.366070
0.530869
0.604765
0.338749
0.855693
0.707892
0.342473
0.650960
0.014546
0.590183
0.262389
0.093289
0.517984
0.774508
0.082166
0.734606
0.541030
0.251718
0.115989
0.253886
0.527382
0.944125
0.309502
0.175846
0.855693
0.212476
0.922191
0.650960
0.101046
0.806090
0.632890
0.093289
0.550206
0.734606
0.840570
0.253886
0.344847
0.293786
0.309502
0.044390
0.011294
0.922191
0.286905
0.877613
0.806090
0.171987
0.051439
0.840570
0.938996
0.018351
0.293786
0.217670
0.223451
0.400348
0.286905
0.347909
0.631772
0.171987
0.966787
0.018351
0.032477
0.708572
0.223451
0.877374
0.017965
0.631772
0.423206
0.418886
0.032477
0.967645
0.877374
0.175804
0.076462
0.418886
0.168853
0.672496
0.175804
0.878337
0.237231
0.672496
0.330665
0.598480
0.237231
0.089601
0.598480
0.415264
0.925527
0.415264
0.537882
0.233085
0.537882
0.169017
0.169017
0.359241
0.440932
0.440932
0.228871
0.254815
0.254815
0.730563
0.054468
0.054468
0.628120
0.628120
0.892912
0.892912
0.863190
0.863190
0.640820
0.640820
0.463890
0.463890
0.367453
0.367453
0.417520
0.417520
0.761597
0.761597
0.918664
0.918664
0.426235
0.426235
0.729759
0.729759
0.500161
0.500161
0.268314
0.268314
0.282836
0.282836
0.643033
0.643033
0.196978
0.196978
0.246373
0.246373
0.019748
0.019748
0.383750
0.383750
0.511800
0.511800
0.853812
0.853812
0.490920
0.490920
0.555026
0.555026
0.938077
0.938077
0.660329
0.660329
0.679492
0.679492
0.366070
0.366070
0.338749
0.338749
0.342473
0.342473
0.590183
0.590183
0.517984
0.517984
0.082166
0.082166
0.251718
0.251718
0.944125
0.944125
0.175846
0.175846
0.212476
0.212476
0.101046
0.101046
0.632890
0.632890
0.550206
0.550206
0.344847
0.344847
0.044390
0.044390
0.011294
0.011294
0.877613
0.877613
0.051439
0.051439
0.938996
0.938996
0.217670
0.217670
0.400348
0.400348
0.347909
0.347909
0.966787
0.966787
0.708572
0.708572
0.017965
0.017965
0.423206
0.423206
0.967645
0.967645
0.076462
0.076462
0.168853
0.168853
0.878337
0.878337
0.330665
0.330665
0.089601
0.089601
0.925527
0.925527
0.233085
0.233085
0.359241
0.359241
0.228871
0.228871
0.730563
0.730563
