0.282688
0.270838
0.756836
0.494064
0.657265
0.213216
0.673702
0.138172
0.702138
0.698297
0.267477
0.630328
0.642306
0.150918
0.441711
0.734785
0.942798
0.136953
0.154538
0.541819
0.818893
0.720557
0.270838
0.905955
0.303735
0.213216
0.461528
0.445983
0.635574
0.698297
0.773936
0.585425
0.227122
0.150918
0.671833
0.364495
0.942798
0.766948
0.818893
0.448842
0.303735
0.300820
0.765676
0.197074
0.445983
0.230632
0.585425
0.551872
0.293835
0.364495
0.114648
0.037801
0.448842
0.794071
0.663091
0.494423
0.765676
0.967708
0.831916
0.551872
0.356466
0.291014
0.114648
0.042284
0.663091
0.861043
0.896483
0.831916
0.941281
0.460281
0.291014
0.784125
0.861043
0.198097
0.941281
0.732304
0.907039
0.125526
0.198097
0.178328
0.562566
0.907039
0.203723
0.881455
0.562566
0.432301
0.881455
0.287263
0.806358
0.287263
0.125386
0.618170
0.125386
0.927105
0.927105
0.679835
0.549625
0.549625
0.219184
0.297364
0.297364
0.529667
0.174907
0.174907
0.291372
0.291372
0.376169
0.376169
0.032704
0.032704
0.814225
0.814225
0.946714
0.946714
0.418109
0.418109
0.739830
0.739830
0.028510
0.028510
0.203697
0.203697
0.788498
0.788498
0.143797
0.143797
0.751452
0.751452
0.587954
0.587954
0.082248
0.082248
0.998267
0.998267
0.069972
0.069972
0.091757
0.091757
0.898755
0.898755
0.361309
0.361309
0.628291
0.628291
0.577799
0.577799
0.260823
0.260823
0.040115
0.040115
0.892449
0.892449
0.494077
0.494077
0.282688
0.282688
0.756836
0.756836
0.673702
0.673702
0.702138
0.702138
0.630328
0.630328
0.441711
0.441711
0.136953
0.136953
0.541819
0.541819
0.905955
0.905955
0.461528
0.461528
0.635574
0.635574
0.773936
0.773936
0.227122
0.227122
0.671833
0.671833
0.766948
0.766948
0.300820
0.300820
0.197074
0.197074
0.230632
0.230632
0.293835
0.293835
0.037801
0.037801
0.794071
0.794071
0.494423
0.494423
0.967708
0.967708
0.356466
0.356466
0.042284
0.042284
0.896483
0.896483
0.460281
0.460281
0.784125
0.784125
0.732304
0.732304
0.125526
0.125526
0.178328
0.178328
0.203723
0.203723
0.432301
0.432301
0.806358
0.806358
0.618170
0.618170
0.679835
0.679835
0.219184
0.219184
0.529667
0.529667
