0.819406
0.967281
0.787810
0.152930
0.434161
0.316046
0.377184
0.543748
0.306264
0.739543
0.405483
0.386132
0.138127
0.272333
0.851906
0.663597
0.224621
0.818400
0.268417
0.313651
0.821545
0.299561
0.967281
0.177845
0.641655
0.316046
0.989711
0.197091
0.217685
0.739543
0.741098
0.742319
0.360217
0.272333
0.811580
0.760059
0.224621
0.683730
0.821545
0.799438
0.641655
0.438716
0.460725
0.001285
0.197091
0.556655
0.742319
0.126466
0.509926
0.760059
0.583697
0.377567
0.799438
0.198384
0.770840
0.126323
0.460725
0.062938
0.393348
0.126466
0.255691
0.745203
0.583697
0.727139
0.770840
0.526819
0.679013
0.393348
0.879437
0.857083
0.745203
0.507040
0.526819
0.033715
0.879437
0.389559
0.531077
0.458777
0.033715
0.261158
0.074105
0.531077
0.945140
0.106936
0.074105
0.170839
0.106936
0.583233
0.191430
0.583233
0.687955
0.239412
0.687955
0.958623
0.958623
0.267343
0.507135
0.507135
0.380729
0.496051
0.496051
0.368053
0.907209
0.907209
0.995374
0.995374
0.480336
0.480336
0.303502
0.303502
0.972864
0.972864
0.906048
0.906048
0.994221
0.994221
0.639388
0.639388
0.790682
0.790682
0.880520
0.880520
0.330226
0.330226
0.910490
0.910490
0.660786
0.660786
0.795385
0.795385
0.236514
0.236514
0.218497
0.218497
0.437902
0.437902
0.198396
0.198396
0.921196
0.921196
0.135981
0.135981
0.646685
0.646685
0.818911
0.818911
0.731187
0.731187
0.712700
0.712700
0.043844
0.043844
0.773391
0.773391
0.819406
0.819406
0.787810
0.787810
0.377184
0.377184
0.306264
0.306264
0.386132
0.386132
0.851906
0.851906
0.818400
0.818400
0.313651
0.313651
0.177845
0.177845
0.989711
0.989711
0.217685
0.217685
0.741098
0.741098
0.360217
0.360217
0.811580
0.811580
0.683730
0.683730
0.438716
0.438716
0.001285
0.001285
0.556655
0.556655
0.509926
0.509926
0.377567
0.377567
0.198384
0.198384
0.126323
0.126323
0.062938
0.062938
0.255691
0.255691
0.727139
0.727139
0.679013
0.679013
0.857083
0.857083
0.507040
0.507040
0.389559
0.389559
0.458777
0.458777
0.261158
0.261158
0.945140
0.945140
0.170839
0.170839
0.191430
0.191430
0.239412
0.239412
0.267343
0.267343
0.380729
0.380729
0.368053
0.368053
