0.461773
0.290751
0.035168
0.994156
0.486240
0.817827
0.393161
0.267518
0.197689
0.207465
0.440941
0.676531
0.191987
0.901868
0.042636
0.560262
0.702389
0.346434
0.682726
0.051073
0.186735
0.412973
0.290751
0.486870
0.102533
0.817827
0.167952
0.061599
0.355720
0.207465
0.201000
0.785464
0.968206
0.901868
0.405761
0.475825
0.702389
0.096317
0.186735
0.299997
0.102533
0.392308
0.439099
0.382711
0.061599
0.012468
0.785464
0.109103
0.448835
0.475825
0.063165
0.214276
0.299997
0.289333
0.478469
0.827755
0.439099
0.246074
0.045747
0.109103
0.680269
0.472919
0.063165
0.774415
0.478469
0.679972
0.900610
0.045747
0.890974
0.224285
0.472919
0.758152
0.679972
0.564951
0.890974
0.697066
0.222139
0.236650
0.564951
0.984919
0.115709
0.222139
0.774532
0.497003
0.115709
0.777627
0.497003
0.723740
0.860198
0.723740
0.390265
0.041140
0.390265
0.705129
0.705129
0.266706
0.390146
0.390146
0.889621
0.698578
0.698578
0.993388
0.426151
0.426151
0.134365
0.134365
0.830551
0.830551
0.551058
0.551058
0.871252
0.871252
0.234352
0.234352
0.006346
0.006346
0.196253
0.196253
0.753428
0.753428
0.934771
0.934771
0.563070
0.563070
0.713974
0.713974
0.606276
0.606276
0.144406
0.144406
0.098222
0.098222
0.287955
0.287955
0.206448
0.206448
0.216677
0.216677
0.804970
0.804970
0.895582
0.895582
0.957383
0.957383
0.696044
0.696044
0.769189
0.769189
0.533210
0.533210
0.356687
0.356687
0.683895
0.683895
0.461773
0.461773
0.035168
0.035168
0.393161
0.393161
0.197689
0.197689
0.676531
0.676531
0.042636
0.042636
0.346434
0.346434
0.051073
0.051073
0.486870
0.486870
0.167952
0.167952
0.355720
0.355720
0.201000
0.201000
0.968206
0.968206
0.405761
0.405761
0.096317
0.096317
0.392308
0.392308
0.382711
0.382711
0.012468
0.012468
0.448835
0.448835
0.214276
0.214276
0.289333
0.289333
0.827755
0.827755
0.246074
0.246074
0.680269
0.680269
0.774415
0.774415
0.900610
0.900610
0.224285
0.224285
0.758152
0.758152
0.697066
0.697066
0.236650
0.236650
0.984919
0.984919
0.774532
0.774532
0.777627
0.777627
0.860198
0.860198
0.041140
0.041140
0.266706
0.266706
0.889621
0.889621
0.993388
0.993388
