0.388254
0.844182
0.303038
0.405914
0.573370
0.667822
0.118005
0.419325
0.704667
0.408014
0.780951
0.733501
0.005491
0.536182
0.959994
0.419171
0.045307
0.591455
0.379344
0.096955
0.816924
0.388254
0.844182
0.611055
0.553519
0.202659
0.573370
0.757432
0.026341
0.408014
0.654513
0.576806
0.005491
0.165741
0.635854
0.840433
0.045307
0.147825
0.816924
0.577709
0.553519
0.123211
0.955774
0.757432
0.794422
0.291414
0.576806
0.065628
0.514116
0.840433
0.535353
0.404565
0.577709
0.454664
0.101383
0.419700
0.955774
0.333532
0.119228
0.065628
0.894399
0.356615
0.535353
0.355131
0.101383
0.867676
0.902993
0.333532
0.760734
0.784983
0.356615
0.003326
0.597905
0.867676
0.532730
0.760734
0.637983
0.018906
0.597905
0.374675
0.318462
0.637983
0.119260
0.203388
0.318462
0.904574
0.203388
0.502584
0.594154
0.502584
0.300975
0.859671
0.300975
0.532961
0.532961
0.831235
0.794658
0.794658
0.624213
0.057770
0.057770
0.405022
0.143588
0.143588
0.008605
0.008605
0.857955
0.857955
0.353184
0.353184
0.609745
0.609745
0.187783
0.187783
0.712176
0.712176
0.527762
0.527762
0.943264
0.943264
0.247885
0.247885
0.311609
0.311609
0.662084
0.662084
0.998457
0.998457
0.135208
0.135208
0.897772
0.897772
0.729205
0.729205
0.816599
0.816599
0.210615
0.210615
0.176204
0.176204
0.376797
0.376797
0.196054
0.196054
0.571009
0.571009
0.748173
0.748173
0.340772
0.340772
0.277541
0.277541
0.691991
0.691991
0.621970
0.621970
0.303038
0.303038
0.118005
0.118005
0.704667
0.704667
0.733501
0.733501
0.959994
0.959994
0.591455
0.591455
0.096955
0.096955
0.611055
0.611055
0.202659
0.202659
0.026341
0.026341
0.654513
0.654513
0.165741
0.165741
0.635854
0.635854
0.147825
0.147825
0.123211
0.123211
0.794422
0.794422
0.291414
0.291414
0.514116
0.514116
0.404565
0.404565
0.454664
0.454664
0.419700
0.419700
0.119228
0.119228
0.894399
0.894399
0.355131
0.355131
0.902993
0.902993
0.784983
0.784983
0.003326
0.003326
0.532730
0.532730
0.018906
0.018906
0.374675
0.374675
0.119260
0.119260
0.904574
0.904574
0.594154
0.594154
0.859671
0.859671
0.831235
0.831235
0.624213
0.624213
0.405022
0.405022
