0.693536
0.232288
0.952415
0.043300
0.542418
0.693546
0.452505
0.792922
0.710825
0.879220
0.045837
0.231929
0.257929
0.751531
0.127190
0.919265
0.774344
0.995086
0.524273
0.987830
0.114385
0.693536
0.235579
0.616785
0.736257
0.693546
0.942148
0.711700
0.710825
0.713919
0.473758
0.828257
0.257929
0.168870
0.726384
0.919265
0.597355
0.114385
0.473395
0.616785
0.100277
0.414754
0.978591
0.711700
0.967745
0.473758
0.567698
0.390300
0.726384
0.515207
0.833534
0.473395
0.306641
0.668049
0.613037
0.978591
0.062570
0.474716
0.567698
0.249726
0.833534
0.571198
0.995640
0.668049
0.383552
0.005091
0.474716
0.656960
0.066109
0.571198
0.172509
0.383552
0.909692
0.244367
0.066109
0.159556
0.062767
0.909692
0.976943
0.220223
0.159556
0.850186
0.227545
0.220223
0.116806
0.227545
0.973485
0.584577
0.973485
0.295441
0.624681
0.295441
0.027182
0.027182
0.370520
0.431603
0.431603
0.734451
0.678445
0.678445
0.503069
0.654395
0.654395
0.664435
0.664435
0.641581
0.641581
0.042675
0.042675
0.697062
0.697062
0.555242
0.555242
0.125399
0.125399
0.039654
0.039654
0.206503
0.206503
0.847564
0.847564
0.922962
0.922962
0.986127
0.986127
0.948485
0.948485
0.000182
0.000182
0.233827
0.233827
0.490214
0.490214
0.228841
0.228841
0.706531
0.706531
0.139023
0.139023
0.882525
0.882525
0.749301
0.749301
0.310567
0.310567
0.585058
0.585058
0.235115
0.235115
0.791266
0.791266
0.900311
0.900311
0.451277
0.451277
0.232288
0.232288
0.542418
0.542418
0.792922
0.792922
0.045837
0.045837
0.751531
0.751531
0.774344
0.774344
0.524273
0.524273
0.235579
0.235579
0.736257
0.736257
0.942148
0.942148
0.713919
0.713919
0.828257
0.828257
0.168870
0.168870
0.597355
0.597355
0.100277
0.100277
0.414754
0.414754
0.967745
0.967745
0.390300
0.390300
0.515207
0.515207
0.306641
0.306641
0.613037
0.613037
0.062570
0.062570
0.249726
0.249726
0.995640
0.995640
0.005091
0.005091
0.656960
0.656960
0.172509
0.172509
0.244367
0.244367
0.062767
0.062767
0.976943
0.976943
0.850186
0.850186
0.116806
0.116806
0.584577
0.584577
0.624681
0.624681
0.370520
0.370520
0.734451
0.734451
0.503069
0.503069
