0.335667
0.173918
0.943635
0.472190
0.433912
0.177689
0.725418
0.163106
0.483077
0.063966
0.472624
0.064984
0.414203
0.503072
0.322504
0.617165
0.813428
0.143060
0.640234
0.118611
0.400500
0.335667
0.887568
0.474039
0.234125
0.177689
0.680954
0.918064
0.483077
0.713073
0.897025
0.727168
0.414203
0.895324
0.813428
0.190773
0.400500
0.217209
0.470879
0.474039
0.336895
0.489719
0.918064
0.857550
0.130888
0.897025
0.195886
0.853052
0.190773
0.006153
0.462595
0.470879
0.010288
0.375350
0.927867
0.857550
0.226750
0.831975
0.195886
0.604643
0.462595
0.385908
0.869372
0.375350
0.103846
0.938757
0.831975
0.548296
0.568467
0.385908
0.159450
0.103846
0.706750
0.279253
0.568467
0.979071
0.516466
0.706750
0.875095
0.682455
0.516466
0.312640
0.427061
0.682455
0.684544
0.427061
0.709818
0.686279
0.709818
0.947584
0.294304
0.947584
0.917227
0.917227
0.031631
0.546120
0.546120
0.824870
0.261878
0.261878
0.567665
0.595322
0.595322
0.840522
0.840522
0.400280
0.400280
0.167498
0.167498
0.757457
0.757457
0.154639
0.154639
0.462660
0.462660
0.413024
0.413024
0.054347
0.054347
0.300910
0.300910
0.457048
0.457048
0.634539
0.634539
0.980476
0.980476
0.566853
0.566853
0.791700
0.791700
0.920090
0.920090
0.409156
0.409156
0.096194
0.096194
0.722633
0.722633
0.360178
0.360178
0.159387
0.159387
0.539557
0.539557
0.504526
0.504526
0.844958
0.844958
0.546359
0.546359
0.100131
0.100131
0.511294
0.511294
0.173918
0.173918
0.433912
0.433912
0.163106
0.163106
0.472624
0.472624
0.503072
0.503072
0.617165
0.617165
0.640234
0.640234
0.887568
0.887568
0.234125
0.234125
0.680954
0.680954
0.713073
0.713073
0.727168
0.727168
0.895324
0.895324
0.217209
0.217209
0.336895
0.336895
0.489719
0.489719
0.130888
0.130888
0.853052
0.853052
0.006153
0.006153
0.010288
0.010288
0.927867
0.927867
0.226750
0.226750
0.604643
0.604643
0.869372
0.869372
0.938757
0.938757
0.548296
0.548296
0.159450
0.159450
0.279253
0.279253
0.979071
0.979071
0.875095
0.875095
0.312640
0.312640
0.684544
0.684544
0.686279
0.686279
0.294304
0.294304
0.031631
0.031631
0.824870
0.824870
0.567665
0.567665
