0.378478
0.571594
0.996188
0.330516
0.393364
0.424720
0.526658
0.398059
0.616883
0.538660
0.045350
0.865683
0.967227
0.400601
0.651462
0.746943
0.428579
0.582458
0.555704
0.367629
0.611977
0.901565
0.571594
0.996188
0.989569
0.389217
0.321802
0.424720
0.561293
0.754405
0.045350
0.173180
0.214449
0.400601
0.610001
0.923471
0.832888
0.582458
0.247039
0.901565
0.057465
0.389217
0.323240
0.427580
0.561293
0.969193
0.506433
0.214449
0.501357
0.647743
0.832888
0.643677
0.062078
0.057465
0.588017
0.735070
0.349283
0.427580
0.614298
0.431427
0.501357
0.726253
0.732028
0.643677
0.645251
0.735070
0.901922
0.080736
0.614298
0.677900
0.528746
0.732028
0.122630
0.299619
0.901922
0.708509
0.677900
0.985490
0.619482
0.299619
0.449395
0.272444
0.985490
0.788748
0.292394
0.272444
0.375366
0.292394
0.907036
0.840374
0.907036
0.507227
0.484288
0.507227
0.224385
0.224385
0.574413
0.281357
0.281357
0.298851
0.194771
0.194771
0.040857
0.849054
0.849054
0.069577
0.069577
0.150964
0.150964
0.755842
0.755842
0.293327
0.293327
0.970499
0.970499
0.613988
0.613988
0.341211
0.341211
0.657811
0.657811
0.995756
0.995756
0.894665
0.894665
0.458455
0.458455
0.936861
0.936861
0.737967
0.737967
0.268087
0.268087
0.498441
0.498441
0.219041
0.219041
0.725575
0.725575
0.355937
0.355937
0.797892
0.797892
0.115136
0.115136
0.228086
0.228086
0.628898
0.628898
0.625789
0.625789
0.037327
0.037327
0.979672
0.979672
0.378478
0.378478
0.330516
0.330516
0.398059
0.398059
0.538660
0.538660
0.967227
0.967227
0.746943
0.746943
0.555704
0.555704
0.611977
0.611977
0.989569
0.989569
0.321802
0.321802
0.754405
0.754405
0.173180
0.173180
0.610001
0.610001
0.923471
0.923471
0.247039
0.247039
0.323240
0.323240
0.969193
0.969193
0.506433
0.506433
0.647743
0.647743
0.062078
0.062078
0.588017
0.588017
0.349283
0.349283
0.431427
0.431427
0.726253
0.726253
0.645251
0.645251
0.080736
0.080736
0.528746
0.528746
0.122630
0.122630
0.708509
0.708509
0.619482
0.619482
0.449395
0.449395
0.788748
0.788748
0.375366
0.375366
0.840374
0.840374
0.484288
0.484288
0.574413
0.574413
0.298851
0.298851
0.040857
0.040857
