0.393850
0.390609
0.801644
0.024073
0.135919
0.439963
0.784625
0.491491
0.914875
0.792339
0.674328
0.842840
0.984646
0.527437
0.078000
0.414199
0.103909
0.117147
0.404121
0.542094
0.686280
0.393850
0.390609
0.233974
0.924780
0.194479
0.135919
0.066826
0.380612
0.792339
0.476257
0.609442
0.514808
0.984646
0.434404
0.813585
0.103909
0.423162
0.686280
0.060125
0.924780
0.210194
0.808944
0.066826
0.324150
0.280743
0.609442
0.228578
0.416033
0.813585
0.235184
0.044623
0.060125
0.104744
0.550094
0.144609
0.808944
0.678594
0.352535
0.228578
0.547096
0.995421
0.235184
0.388665
0.550094
0.552784
0.639404
0.678594
0.328857
0.321616
0.995421
0.672693
0.552784
0.321167
0.328857
0.607964
0.147219
0.185777
0.321167
0.257433
0.509809
0.147219
0.047656
0.314807
0.509809
0.338351
0.314807
0.556891
0.943560
0.556891
0.463692
0.342819
0.463692
0.945869
0.945869
0.324356
0.157575
0.157575
0.110048
0.634083
0.634083
0.409016
0.942256
0.942256
0.321380
0.321380
0.990199
0.990199
0.131593
0.131593
0.432407
0.432407
0.782211
0.782211
0.122097
0.122097
0.881307
0.881307
0.874184
0.874184
0.294160
0.294160
0.053167
0.053167
0.656441
0.656441
0.670976
0.670976
0.477618
0.477618
0.005071
0.005071
0.606451
0.606451
0.123890
0.123890
0.785395
0.785395
0.478093
0.478093
0.733924
0.733924
0.095254
0.095254
0.798895
0.798895
0.016341
0.016341
0.657684
0.657684
0.676091
0.676091
0.101945
0.101945
0.696832
0.696832
0.024073
0.024073
0.784625
0.784625
0.914875
0.914875
0.842840
0.842840
0.078000
0.078000
0.117147
0.117147
0.542094
0.542094
0.233974
0.233974
0.194479
0.194479
0.380612
0.380612
0.476257
0.476257
0.514808
0.514808
0.434404
0.434404
0.423162
0.423162
0.210194
0.210194
0.324150
0.324150
0.280743
0.280743
0.416033
0.416033
0.044623
0.044623
0.104744
0.104744
0.144609
0.144609
0.352535
0.352535
0.547096
0.547096
0.388665
0.388665
0.639404
0.639404
0.321616
0.321616
0.672693
0.672693
0.607964
0.607964
0.185777
0.185777
0.257433
0.257433
0.047656
0.047656
0.338351
0.338351
0.943560
0.943560
0.342819
0.342819
0.324356
0.324356
0.110048
0.110048
0.409016
0.409016
