0.187577
0.698527
0.693144
0.353935
0.428318
0.360562
0.894697
0.471736
0.980370
0.325880
0.338550
0.386716
0.101003
0.970907
0.421649
0.679658
0.722678
0.673828
0.442653
0.796722
0.600505
0.187577
0.575723
0.098946
0.216575
0.360562
0.174020
0.665146
0.980370
0.261654
0.918291
0.631015
0.101003
0.989554
0.722678
0.826979
0.600505
0.300178
0.548117
0.098946
0.437399
0.666100
0.665146
0.382949
0.864186
0.918291
0.782759
0.460519
0.826979
0.392563
0.205273
0.548117
0.345859
0.938442
0.260732
0.382949
0.033951
0.283265
0.782759
0.303090
0.205273
0.431521
0.442817
0.938442
0.910585
0.648775
0.283265
0.003615
0.135601
0.431521
0.498595
0.910585
0.145316
0.749239
0.135601
0.635715
0.237115
0.145316
0.181039
0.328871
0.237115
0.243019
0.267085
0.328871
0.946166
0.267085
0.777234
0.451432
0.777234
0.890808
0.214461
0.890808
0.297542
0.297542
0.961927
0.887572
0.887572
0.440006
0.662888
0.662888
0.167424
0.950840
0.950840
0.370365
0.370365
0.609610
0.609610
0.607176
0.607176
0.085928
0.085928
0.793558
0.793558
0.536741
0.536741
0.882407
0.882407
0.964347
0.964347
0.870090
0.870090
0.407753
0.407753
0.132144
0.132144
0.123093
0.123093
0.598922
0.598922
0.270012
0.270012
0.047651
0.047651
0.210163
0.210163
0.964845
0.964845
0.815604
0.815604
0.515147
0.515147
0.360029
0.360029
0.464637
0.464637
0.260501
0.260501
0.871052
0.871052
0.171527
0.171527
0.639123
0.639123
0.964083
0.964083
0.698527
0.698527
0.428318
0.428318
0.471736
0.471736
0.338550
0.338550
0.970907
0.970907
0.679658
0.679658
0.442653
0.442653
0.575723
0.575723
0.216575
0.216575
0.174020
0.174020
0.261654
0.261654
0.631015
0.631015
0.989554
0.989554
0.300178
0.300178
0.437399
0.437399
0.666100
0.666100
0.864186
0.864186
0.460519
0.460519
0.392563
0.392563
0.345859
0.345859
0.260732
0.260732
0.033951
0.033951
0.303090
0.303090
0.442817
0.442817
0.648775
0.648775
0.003615
0.003615
0.498595
0.498595
0.749239
0.749239
0.635715
0.635715
0.181039
0.181039
0.243019
0.243019
0.946166
0.946166
0.451432
0.451432
0.214461
0.214461
0.961927
0.961927
0.440006
0.440006
0.167424
0.167424
