0.941901
0.357787
0.750897
0.977458
0.415715
0.944681
0.425190
0.789022
0.075629
0.358784
0.760869
0.792810
0.701715
0.852142
0.154292
0.516707
0.071932
0.687212
0.277771
0.439383
0.380627
0.941901
0.903341
0.956005
0.118169
0.944681
0.259423
0.374084
0.075629
0.614496
0.662676
0.618194
0.701715
0.940123
0.741915
0.516707
0.073486
0.380627
0.182597
0.956005
0.260158
0.569266
0.232649
0.374084
0.184820
0.662676
0.265102
0.841138
0.741915
0.590175
0.248406
0.182597
0.718167
0.731183
0.900896
0.232649
0.627355
0.878434
0.265102
0.799461
0.248406
0.801974
0.639644
0.731183
0.872050
0.460184
0.878434
0.918571
0.013748
0.801974
0.020722
0.872050
0.382767
0.368135
0.013748
0.019088
0.555864
0.382767
0.175048
0.523204
0.019088
0.489066
0.799844
0.523204
0.943513
0.799844
0.110964
0.245633
0.110964
0.160211
0.892772
0.160211
0.949732
0.949732
0.477799
0.942032
0.942032
0.723688
0.986624
0.986624
0.328545
0.335684
0.335684
0.993456
0.993456
0.953123
0.953123
0.675779
0.675779
0.731670
0.731670
0.352497
0.352497
0.716579
0.716579
0.224942
0.224942
0.179013
0.179013
0.958862
0.958862
0.955099
0.955099
0.328711
0.328711
0.022787
0.022787
0.182979
0.182979
0.363238
0.363238
0.627058
0.627058
0.071975
0.071975
0.731647
0.731647
0.621767
0.621767
0.120433
0.120433
0.666905
0.666905
0.321265
0.321265
0.713330
0.713330
0.699483
0.699483
0.349601
0.349601
0.169336
0.169336
0.586112
0.586112
0.357787
0.357787
0.415715
0.415715
0.789022
0.789022
0.760869
0.760869
0.852142
0.852142
0.071932
0.071932
0.277771
0.277771
0.903341
0.903341
0.118169
0.118169
0.259423
0.259423
0.614496
0.614496
0.618194
0.618194
0.940123
0.940123
0.073486
0.073486
0.260158
0.260158
0.569266
0.569266
0.184820
0.184820
0.841138
0.841138
0.590175
0.590175
0.718167
0.718167
0.900896
0.900896
0.627355
0.627355
0.799461
0.799461
0.639644
0.639644
0.460184
0.460184
0.918571
0.918571
0.020722
0.020722
0.368135
0.368135
0.555864
0.555864
0.175048
0.175048
0.489066
0.489066
0.943513
0.943513
0.245633
0.245633
0.892772
0.892772
0.477799
0.477799
0.723688
0.723688
0.328545
0.328545
