0.044469
0.521377
0.163713
0.149447
0.019595
0.894241
0.163258
0.059391
0.191518
0.445342
0.132800
0.212372
0.588886
0.791242
0.552881
0.353819
0.481115
0.928644
0.096464
0.702050
0.615056
0.044469
0.840716
0.998133
0.019595
0.885181
0.503773
0.411610
0.191518
0.208494
0.353782
0.586277
0.588886
0.293109
0.462788
0.353819
0.708071
0.702050
0.904778
0.998133
0.019439
0.458933
0.589328
0.503773
0.936100
0.353782
0.370071
0.827278
0.462788
0.840929
0.981997
0.904778
0.230351
0.321612
0.027291
0.458933
0.489767
0.726573
0.370071
0.965912
0.899334
0.840929
0.068993
0.321612
0.943532
0.311241
0.726573
0.409122
0.535804
0.899334
0.725034
0.943532
0.736239
0.409122
0.104119
0.693887
0.008842
0.736239
0.095944
0.848691
0.693887
0.266219
0.695664
0.848691
0.506677
0.695664
0.316475
0.186919
0.316475
0.576566
0.407086
0.576566
0.542916
0.542916
0.457293
0.279773
0.279773
0.709758
0.421738
0.421738
0.261657
0.140425
0.140425
0.090329
0.090329
0.536944
0.536944
0.373613
0.373613
0.808358
0.808358
0.129084
0.129084
0.962087
0.962087
0.505310
0.505310
0.886352
0.886352
0.010264
0.010264
0.450663
0.450663
0.918393
0.918393
0.467461
0.467461
0.378181
0.378181
0.178193
0.178193
0.521049
0.521049
0.185260
0.185260
0.884036
0.884036
0.375166
0.375166
0.504438
0.504438
0.855225
0.855225
0.049557
0.049557
0.295668
0.295668
0.910071
0.910071
0.183160
0.183160
0.416907
0.416907
0.300865
0.300865
0.521377
0.521377
0.894241
0.894241
0.059391
0.059391
0.132800
0.132800
0.791242
0.791242
0.481115
0.481115
0.096464
0.096464
0.840716
0.840716
0.885181
0.885181
0.411610
0.411610
0.208494
0.208494
0.586277
0.586277
0.293109
0.293109
0.708071
0.708071
0.019439
0.019439
0.589328
0.589328
0.936100
0.936100
0.827278
0.827278
0.981997
0.981997
0.230351
0.230351
0.027291
0.027291
0.489767
0.489767
0.965912
0.965912
0.068993
0.068993
0.311241
0.311241
0.535804
0.535804
0.725034
0.725034
0.104119
0.104119
0.008842
0.008842
0.095944
0.095944
0.266219
0.266219
0.506677
0.506677
0.186919
0.186919
0.407086
0.407086
0.457293
0.457293
0.709758
0.709758
0.261657
0.261657
