0.713612
0.572670
0.329172
0.234649
0.311178
0.786272
0.725279
0.517312
0.694186
0.464623
0.798770
0.447002
0.265329
0.638380
0.730660
0.212646
0.689114
0.852077
0.516201
0.021737
0.602479
0.713612
0.187283
0.127018
0.205431
0.786272
0.217588
0.772815
0.694186
0.369585
0.429581
0.633723
0.265329
0.973573
0.726701
0.212646
0.764672
0.602479
0.206683
0.127018
0.885927
0.571181
0.192865
0.772815
0.506585
0.429581
0.154891
0.480057
0.726701
0.618750
0.775467
0.206683
0.824718
0.512790
0.839273
0.192865
0.057551
0.250360
0.154891
0.487527
0.775467
0.063561
0.139383
0.512790
0.279864
0.217523
0.250360
0.179653
0.970369
0.063561
0.290157
0.279864
0.274860
0.309983
0.970369
0.457685
0.416648
0.274860
0.242126
0.745321
0.457685
0.856704
0.720575
0.745321
0.049660
0.720575
0.084443
0.511852
0.084443
0.857681
0.766533
0.857681
0.919057
0.919057
0.584793
0.689812
0.689812
0.631842
0.476895
0.476895
0.407649
0.332554
0.332554
0.792801
0.792801
0.025934
0.025934
0.378283
0.378283
0.354928
0.354928
0.003817
0.003817
0.471062
0.471062
0.237884
0.237884
0.704300
0.704300
0.171230
0.171230
0.244688
0.244688
0.649147
0.649147
0.575891
0.575891
0.393951
0.393951
0.216744
0.216744
0.120268
0.120268
0.197022
0.197022
0.493939
0.493939
0.626111
0.626111
0.394684
0.394684
0.806577
0.806577
0.419692
0.419692
0.972615
0.972615
0.592605
0.592605
0.618043
0.618043
0.888000
0.888000
0.477414
0.477414
0.572670
0.572670
0.311178
0.311178
0.517312
0.517312
0.798770
0.798770
0.638380
0.638380
0.689114
0.689114
0.516201
0.516201
0.187283
0.187283
0.205431
0.205431
0.217588
0.217588
0.369585
0.369585
0.633723
0.633723
0.973573
0.973573
0.764672
0.764672
0.885927
0.885927
0.571181
0.571181
0.506585
0.506585
0.480057
0.480057
0.618750
0.618750
0.824718
0.824718
0.839273
0.839273
0.057551
0.057551
0.487527
0.487527
0.139383
0.139383
0.217523
0.217523
0.179653
0.179653
0.290157
0.290157
0.309983
0.309983
0.416648
0.416648
0.242126
0.242126
0.856704
0.856704
0.049660
0.049660
0.511852
0.511852
0.766533
0.766533
0.584793
0.584793
0.631842
0.631842
0.407649
0.407649
