0.733233
0.471707
0.279104
0.301303
0.866898
0.018147
0.011420
0.874588
0.510703
0.401878
0.171199
0.442042
0.416668
0.319919
0.057074
0.438816
0.039107
0.610522
0.383376
0.715587
0.906525
0.733233
0.438724
0.600715
0.866898
0.134369
0.108123
0.762221
0.510703
0.361064
0.298215
0.617833
0.442042
0.141856
0.639890
0.438816
0.976650
0.715587
0.853799
0.600715
0.628745
0.401687
0.714734
0.108123
0.207410
0.298215
0.948916
0.622211
0.639890
0.783153
0.811318
0.853799
0.948045
0.155565
0.039016
0.401687
0.725058
0.175075
0.948916
0.151274
0.214556
0.783153
0.235450
0.155565
0.107999
0.328432
0.175075
0.059989
0.012887
0.214556
0.571945
0.107999
0.136305
0.477067
0.059989
0.134415
0.503581
0.136305
0.168679
0.926635
0.134415
0.013634
0.192941
0.926635
0.638855
0.192941
0.175821
0.003408
0.175821
0.537454
0.248829
0.537454
0.536352
0.536352
0.154011
0.660384
0.660384
0.415670
0.135635
0.135635
0.861598
0.866876
0.866876
0.927251
0.927251
0.036698
0.036698
0.892935
0.892935
0.811586
0.811586
0.852552
0.852552
0.502913
0.502913
0.823896
0.823896
0.911279
0.911279
0.514528
0.514528
0.482650
0.482650
0.937171
0.937171
0.726986
0.726986
0.790534
0.790534
0.057046
0.057046
0.664870
0.664870
0.007623
0.007623
0.442359
0.442359
0.072675
0.072675
0.384235
0.384235
0.764120
0.764120
0.875372
0.875372
0.750623
0.750623
0.577042
0.577042
0.935278
0.935278
0.991196
0.991196
0.390151
0.390151
0.279104
0.279104
0.018147
0.018147
0.874588
0.874588
0.171199
0.171199
0.319919
0.319919
0.039107
0.039107
0.383376
0.383376
0.438724
0.438724
0.134369
0.134369
0.762221
0.762221
0.361064
0.361064
0.617833
0.617833
0.141856
0.141856
0.976650
0.976650
0.628745
0.628745
0.714734
0.714734
0.207410
0.207410
0.622211
0.622211
0.811318
0.811318
0.948045
0.948045
0.039016
0.039016
0.725058
0.725058
0.151274
0.151274
0.235450
0.235450
0.328432
0.328432
0.012887
0.012887
0.571945
0.571945
0.477067
0.477067
0.503581
0.503581
0.168679
0.168679
0.013634
0.013634
0.638855
0.638855
0.003408
0.003408
0.248829
0.248829
0.154011
0.154011
0.415670
0.415670
0.861598
0.861598
