0.374141
0.163050
0.573809
0.672734
0.829930
0.342905
0.577897
0.809911
0.965415
0.410738
0.989142
0.874385
0.329657
0.381177
0.674929
0.210596
0.584420
0.348310
0.597524
0.232817
0.464038
0.374141
0.193909
0.567501
0.001137
0.342905
0.805533
0.391288
0.965415
0.226505
0.214727
0.558850
0.329657
0.527575
0.192914
0.210596
0.916828
0.464038
0.380840
0.567501
0.553707
0.923366
0.418965
0.391288
0.860818
0.214727
0.170177
0.617743
0.192914
0.610691
0.446172
0.380840
0.960253
0.748934
0.635462
0.418965
0.062774
0.075015
0.170177
0.215308
0.446172
0.055995
0.279100
0.748934
0.818535
0.841644
0.075015
0.673715
0.389899
0.055995
0.885193
0.818535
0.312394
0.346190
0.389899
0.109569
0.920955
0.312394
0.335081
0.716992
0.109569
0.508135
0.531213
0.716992
0.712896
0.531213
0.995894
0.473535
0.995894
0.014244
0.492457
0.014244
0.340968
0.340968
0.286388
0.084951
0.084951
0.876936
0.593235
0.593235
0.872238
0.107845
0.107845
0.753489
0.753489
0.587851
0.587851
0.099495
0.099495
0.358364
0.358364
0.974132
0.974132
0.827008
0.827008
0.250304
0.250304
0.188768
0.188768
0.867849
0.867849
0.493503
0.493503
0.306702
0.306702
0.283812
0.283812
0.500536
0.500536
0.109924
0.109924
0.864060
0.864060
0.376671
0.376671
0.011860
0.011860
0.822591
0.822591
0.850837
0.850837
0.871783
0.871783
0.634475
0.634475
0.034648
0.034648
0.217907
0.217907
0.759927
0.759927
0.731816
0.731816
0.235999
0.235999
0.163050
0.163050
0.829930
0.829930
0.809911
0.809911
0.989142
0.989142
0.381177
0.381177
0.584420
0.584420
0.597524
0.597524
0.193909
0.193909
0.001137
0.001137
0.805533
0.805533
0.226505
0.226505
0.558850
0.558850
0.527575
0.527575
0.916828
0.916828
0.553707
0.553707
0.923366
0.923366
0.860818
0.860818
0.617743
0.617743
0.610691
0.610691
0.960253
0.960253
0.635462
0.635462
0.062774
0.062774
0.215308
0.215308
0.279100
0.279100
0.841644
0.841644
0.673715
0.673715
0.885193
0.885193
0.346190
0.346190
0.920955
0.920955
0.335081
0.335081
0.508135
0.508135
0.712896
0.712896
0.473535
0.473535
0.492457
0.492457
0.286388
0.286388
0.876936
0.876936
0.872238
0.872238
