0.580806
0.821076
0.653071
0.405643
0.543770
0.031400
0.592307
0.984005
0.626442
0.700749
0.384675
0.145396
0.675980
0.887084
0.553836
0.125506
0.211802
0.148183
0.684722
0.956709
0.933685
0.580806
0.821076
0.339974
0.711881
0.031400
0.349362
0.660639
0.184985
0.700749
0.885879
0.635227
0.222547
0.675980
0.615857
0.939465
0.211802
0.457761
0.933685
0.656358
0.711881
0.076203
0.026986
0.775024
0.660639
0.830421
0.635227
0.685546
0.933020
0.939465
0.288738
0.700033
0.656358
0.623737
0.130252
0.113154
0.026986
0.768947
0.257087
0.685546
0.134137
0.807089
0.288738
0.618657
0.130252
0.623070
0.673406
0.257087
0.817934
0.282308
0.807089
0.071920
0.623070
0.894853
0.136462
0.817934
0.819122
0.467225
0.894853
0.044740
0.264614
0.819122
0.410946
0.477010
0.264614
0.152304
0.477010
0.400543
0.576582
0.400543
0.036185
0.078748
0.036185
0.665170
0.665170
0.698033
0.576611
0.576611
0.954008
0.663757
0.663757
0.503627
0.405816
0.405816
0.239368
0.239368
0.080458
0.080458
0.891211
0.891211
0.954736
0.954736
0.897277
0.897277
0.535490
0.535490
0.739347
0.739347
0.848636
0.848636
0.213782
0.213782
0.594059
0.594059
0.881637
0.881637
0.826790
0.826790
0.037836
0.037836
0.792022
0.792022
0.910333
0.910333
0.960140
0.960140
0.487411
0.487411
0.055115
0.055115
0.542654
0.542654
0.030296
0.030296
0.281425
0.281425
0.630343
0.630343
0.635484
0.635484
0.505264
0.505264
0.244134
0.244134
0.913394
0.913394
0.405643
0.405643
0.592307
0.592307
0.626442
0.626442
0.145396
0.145396
0.553836
0.553836
0.148183
0.148183
0.956709
0.956709
0.339974
0.339974
0.349362
0.349362
0.184985
0.184985
0.885879
0.885879
0.222547
0.222547
0.615857
0.615857
0.457761
0.457761
0.076203
0.076203
0.775024
0.775024
0.830421
0.830421
0.933020
0.933020
0.700033
0.700033
0.623737
0.623737
0.113154
0.113154
0.768947
0.768947
0.134137
0.134137
0.618657
0.618657
0.673406
0.673406
0.282308
0.282308
0.071920
0.071920
0.136462
0.136462
0.467225
0.467225
0.044740
0.044740
0.410946
0.410946
0.152304
0.152304
0.576582
0.576582
0.078748
0.078748
0.698033
0.698033
0.954008
0.954008
0.503627
0.503627
