0.047116
0.208649
0.601662
0.917423
0.639301
0.687122
0.388882
0.156037
0.027780
0.312647
0.612752
0.093748
0.436159
0.112508
0.816913
0.047818
0.679999
0.258514
0.850905
0.805234
0.860989
0.199400
0.208649
0.601662
0.927208
0.180963
0.388882
0.945070
0.605762
0.592737
0.612752
0.904581
0.057249
0.957138
0.112508
0.873581
0.666163
0.258514
0.570554
0.199400
0.506671
0.180963
0.433543
0.628748
0.336444
0.605762
0.331598
0.057249
0.655850
0.239707
0.666163
0.918622
0.824062
0.506671
0.040269
0.755270
0.469478
0.628748
0.680475
0.134244
0.655850
0.797053
0.331929
0.918622
0.690204
0.755270
0.359082
0.551221
0.134244
0.229995
0.429006
0.331929
0.966519
0.359082
0.979278
0.017578
0.229995
0.457604
0.552010
0.979278
0.962374
0.529273
0.457604
0.001713
0.081805
0.529273
0.698864
0.081805
0.441207
0.014583
0.441207
0.852324
0.340549
0.852324
0.615999
0.615999
0.942596
0.706795
0.706795
0.256814
0.135867
0.135867
0.708707
0.298441
0.298441
0.280605
0.280605
0.478627
0.478627
0.532716
0.532716
0.071432
0.071432
0.009382
0.009382
0.177309
0.177309
0.472120
0.472120
0.291627
0.291627
0.969824
0.969824
0.448290
0.448290
0.152996
0.152996
0.751080
0.751080
0.955933
0.955933
0.900204
0.900204
0.537904
0.537904
0.955837
0.955837
0.984524
0.984524
0.185532
0.185532
0.763490
0.763490
0.563905
0.563905
0.125574
0.125574
0.940674
0.940674
0.290776
0.290776
0.519550
0.519550
0.905900
0.905900
0.047116
0.047116
0.639301
0.639301
0.156037
0.156037
0.312647
0.312647
0.436159
0.436159
0.047818
0.047818
0.850905
0.850905
0.860989
0.860989
0.927208
0.927208
0.945070
0.945070
0.592737
0.592737
0.904581
0.904581
0.957138
0.957138
0.873581
0.873581
0.570554
0.570554
0.433543
0.433543
0.336444
0.336444
0.331598
0.331598
0.239707
0.239707
0.824062
0.824062
0.040269
0.040269
0.469478
0.469478
0.680475
0.680475
0.797053
0.797053
0.690204
0.690204
0.551221
0.551221
0.429006
0.429006
0.966519
0.966519
0.017578
0.017578
0.552010
0.552010
0.962374
0.962374
0.001713
0.001713
0.698864
0.698864
0.014583
0.014583
0.340549
0.340549
0.942596
0.942596
0.256814
0.256814
0.708707
0.708707
