0.237145
0.307170
0.688964
0.704827
0.968968
0.291541
0.712442
0.716124
0.888873
0.987472
0.691703
0.973547
0.016960
0.001075
0.277295
0.984294
0.748914
0.507700
0.076073
0.177127
0.446390
0.237145
0.276893
0.759310
0.025295
0.291541
0.229776
0.145323
0.888873
0.171568
0.649558
0.558674
0.016960
0.519563
0.748914
0.269870
0.446390
0.638290
0.919670
0.759310
0.730151
0.014027
0.696893
0.145323
0.289963
0.649558
0.613225
0.899957
0.269870
0.207754
0.707282
0.919670
0.356487
0.411809
0.956542
0.696893
0.376388
0.609757
0.613225
0.451689
0.707282
0.129520
0.723942
0.411809
0.597336
0.878103
0.609757
0.578715
0.133836
0.129520
0.805476
0.597336
0.734245
0.094556
0.133836
0.223634
0.900615
0.734245
0.107389
0.436402
0.900615
0.698925
0.776456
0.436402
0.340748
0.776456
0.412134
0.501614
0.412134
0.592201
0.592201
0.691887
0.684209
0.684209
0.973055
0.137594
0.137594
0.868177
0.472153
0.472153
0.766922
0.509023
0.509023
0.530906
0.530906
0.444511
0.444511
0.598946
0.598946
0.072194
0.072194
0.903087
0.903087
0.521875
0.521875
0.235968
0.235968
0.692366
0.692366
0.596805
0.596805
0.060396
0.060396
0.731034
0.731034
0.204992
0.204992
0.261054
0.261054
0.290264
0.290264
0.606157
0.606157
0.566197
0.566197
0.481134
0.481134
0.298166
0.298166
0.289773
0.289773
0.897424
0.897424
0.544730
0.544730
0.353118
0.353118
0.837680
0.837680
0.935411
0.935411
0.561808
0.561808
0.533969
0.533969
0.307170
0.307170
0.968968
0.968968
0.716124
0.716124
0.691703
0.691703
0.001075
0.001075
0.984294
0.984294
0.076073
0.076073
0.276893
0.276893
0.025295
0.025295
0.229776
0.229776
0.171568
0.171568
0.558674
0.558674
0.519563
0.519563
0.638290
0.638290
0.730151
0.730151
0.014027
0.014027
0.289963
0.289963
0.899957
0.899957
0.207754
0.207754
0.356487
0.356487
0.956542
0.956542
0.376388
0.376388
0.451689
0.451689
0.723942
0.723942
0.878103
0.878103
0.578715
0.578715
0.805476
0.805476
0.094556
0.094556
0.223634
0.223634
0.107389
0.107389
0.698925
0.698925
0.340748
0.340748
0.501614
0.501614
0.691887
0.691887
0.973055
0.973055
0.868177
0.868177
0.766922
0.766922
