0.756493
0.984196
0.157521
0.808033
0.781023
0.609689
0.773250
0.533097
0.616393
0.669951
0.101243
0.867222
0.811939
0.450809
0.773434
0.735471
0.082049
0.304828
0.176445
0.298983
0.110321
0.756493
0.942604
0.761722
0.986059
0.609689
0.290690
0.411263
0.616393
0.692775
0.937198
0.413914
0.811939
0.567395
0.082049
0.530426
0.110321
0.546389
0.723705
0.761722
0.991736
0.282199
0.411263
0.910218
0.741544
0.937198
0.959990
0.018764
0.530426
0.759450
0.721358
0.723705
0.000053
0.443256
0.366284
0.910218
0.450936
0.342586
0.959990
0.125606
0.721358
0.671955
0.363851
0.443256
0.071460
0.186721
0.342586
0.375265
0.050377
0.671955
0.645880
0.071460
0.684207
0.654044
0.050377
0.602677
0.250646
0.684207
0.472999
0.181426
0.250646
0.458337
0.713782
0.181426
0.127277
0.713782
0.962358
0.038366
0.962358
0.369131
0.594879
0.369131
0.623032
0.623032
0.141253
0.438642
0.438642
0.080082
0.276815
0.276815
0.569025
0.035740
0.035740
0.007800
0.007800
0.177892
0.177892
0.326535
0.326535
0.703434
0.703434
0.375776
0.375776
0.663284
0.663284
0.377055
0.377055
0.229524
0.229524
0.941243
0.941243
0.588292
0.588292
0.135183
0.135183
0.346345
0.346345
0.795986
0.795986
0.302988
0.302988
0.756330
0.756330
0.702378
0.702378
0.844142
0.844142
0.284423
0.284423
0.631334
0.631334
0.486969
0.486969
0.623962
0.623962
0.182742
0.182742
0.271568
0.271568
0.077217
0.077217
0.752972
0.752972
0.835893
0.835893
0.984196
0.984196
0.781023
0.781023
0.533097
0.533097
0.101243
0.101243
0.450809
0.450809
0.735471
0.735471
0.176445
0.176445
0.942604
0.942604
0.986059
0.986059
0.290690
0.290690
0.692775
0.692775
0.413914
0.413914
0.567395
0.567395
0.546389
0.546389
0.991736
0.991736
0.282199
0.282199
0.741544
0.741544
0.018764
0.018764
0.759450
0.759450
0.000053
0.000053
0.366284
0.366284
0.450936
0.450936
0.125606
0.125606
0.363851
0.363851
0.186721
0.186721
0.375265
0.375265
0.645880
0.645880
0.654044
0.654044
0.602677
0.602677
0.472999
0.472999
0.458337
0.458337
0.127277
0.127277
0.038366
0.038366
0.594879
0.594879
0.141253
0.141253
0.080082
0.080082
0.569025
0.569025
