0.738561
0.046321
0.868942
0.451169
0.839853
0.138804
0.752021
0.831124
0.625540
0.376762
0.932265
0.812529
0.716994
0.306241
0.365346
0.444957
0.300744
0.713340
0.866354
0.556704
0.051628
0.738561
0.762884
0.538759
0.870101
0.138804
0.660125
0.188361
0.625540
0.660298
0.569498
0.722163
0.716994
0.689982
0.300744
0.551220
0.051628
0.004784
0.913544
0.538759
0.673585
0.733981
0.188361
0.241140
0.019480
0.569498
0.273013
0.504920
0.551220
0.612634
0.931089
0.913544
0.662369
0.216253
0.376004
0.241140
0.184038
0.463486
0.273013
0.676955
0.931089
0.930115
0.901588
0.216253
0.072569
0.415480
0.463486
0.090263
0.004001
0.930115
0.446251
0.072569
0.341476
0.891244
0.004001
0.253199
0.565141
0.341476
0.380334
0.341659
0.565141
0.679943
0.516604
0.341659
0.676413
0.516604
0.528604
0.815513
0.528604
0.924521
0.252397
0.924521
0.928075
0.928075
0.398043
0.651770
0.651770
0.832354
0.387637
0.387637
0.124024
0.366036
0.366036
0.710848
0.710848
0.601949
0.601949
0.675562
0.675562
0.477354
0.477354
0.164316
0.164316
0.263180
0.263180
0.681523
0.681523
0.178627
0.178627
0.547011
0.547011
0.168882
0.168882
0.869581
0.869581
0.902440
0.902440
0.405175
0.405175
0.854912
0.854912
0.556315
0.556315
0.078651
0.078651
0.617777
0.617777
0.315885
0.315885
0.365322
0.365322
0.026375
0.026375
0.407367
0.407367
0.528447
0.528447
0.719031
0.719031
0.848347
0.848347
0.044497
0.044497
0.826184
0.826184
0.046321
0.046321
0.839853
0.839853
0.831124
0.831124
0.932265
0.932265
0.306241
0.306241
0.444957
0.444957
0.866354
0.866354
0.762884
0.762884
0.870101
0.870101
0.660125
0.660125
0.660298
0.660298
0.722163
0.722163
0.689982
0.689982
0.004784
0.004784
0.673585
0.673585
0.733981
0.733981
0.019480
0.019480
0.504920
0.504920
0.612634
0.612634
0.662369
0.662369
0.376004
0.376004
0.184038
0.184038
0.676955
0.676955
0.901588
0.901588
0.415480
0.415480
0.090263
0.090263
0.446251
0.446251
0.891244
0.891244
0.253199
0.253199
0.380334
0.380334
0.679943
0.679943
0.676413
0.676413
0.815513
0.815513
0.252397
0.252397
0.398043
0.398043
0.832354
0.832354
0.124024
0.124024
