0.150100
0.473026
0.640094
0.266358
0.677575
0.774546
0.764479
0.788932
0.144337
0.919861
0.497511
0.309694
0.833119
0.201702
0.239958
0.904656
0.943515
0.079174
0.258702
0.669866
0.716624
0.150100
0.473026
0.745627
0.599172
0.772121
0.677575
0.467856
0.131054
0.919861
0.405547
0.608088
0.813749
0.833119
0.034680
0.155278
0.943515
0.042818
0.716624
0.096406
0.599172
0.265615
0.317701
0.467856
0.266333
0.317625
0.608088
0.653588
0.170123
0.155278
0.031047
0.087145
0.096406
0.464054
0.594054
0.456847
0.317701
0.335726
0.945067
0.653588
0.946231
0.290763
0.031047
0.478053
0.594054
0.975816
0.409920
0.335726
0.523683
0.571389
0.290763
0.448959
0.975816
0.683548
0.523683
0.550511
0.453224
0.814376
0.683548
0.231206
0.100047
0.453224
0.087705
0.094926
0.100047
0.634874
0.094926
0.790392
0.756929
0.790392
0.980636
0.010801
0.980636
0.699004
0.699004
0.169681
0.721322
0.721322
0.421994
0.021881
0.021881
0.299852
0.026410
0.026410
0.034450
0.034450
0.746409
0.746409
0.709568
0.709568
0.220425
0.220425
0.975225
0.975225
0.870568
0.870568
0.057105
0.057105
0.257370
0.257370
0.706978
0.706978
0.081667
0.081667
0.319415
0.319415
0.603551
0.603551
0.711584
0.711584
0.779718
0.779718
0.255297
0.255297
0.091076
0.091076
0.080616
0.080616
0.473849
0.473849
0.635019
0.635019
0.844807
0.844807
0.801502
0.801502
0.781871
0.781871
0.662770
0.662770
0.494774
0.494774
0.838094
0.838094
0.742370
0.742370
0.266358
0.266358
0.764479
0.764479
0.144337
0.144337
0.309694
0.309694
0.239958
0.239958
0.079174
0.079174
0.669866
0.669866
0.745627
0.745627
0.772121
0.772121
0.131054
0.131054
0.405547
0.405547
0.813749
0.813749
0.034680
0.034680
0.042818
0.042818
0.265615
0.265615
0.266333
0.266333
0.317625
0.317625
0.170123
0.170123
0.087145
0.087145
0.464054
0.464054
0.456847
0.456847
0.945067
0.945067
0.946231
0.946231
0.478053
0.478053
0.409920
0.409920
0.571389
0.571389
0.448959
0.448959
0.550511
0.550511
0.814376
0.814376
0.231206
0.231206
0.087705
0.087705
0.634874
0.634874
0.756929
0.756929
0.010801
0.010801
0.169681
0.169681
0.421994
0.421994
0.299852
0.299852
