0.488648
0.677673
0.533095
0.473849
0.997023
0.146779
0.454523
0.294916
0.766683
0.469958
0.024133
0.061737
0.578656
0.457922
0.249740
0.882375
0.071587
0.398226
0.333093
0.730918
0.743148
0.488648
0.729936
0.914748
0.787974
0.146779
0.506146
0.871193
0.766683
0.593613
0.713240
0.347771
0.578656
0.831756
0.071587
0.753348
0.743148
0.323264
0.753560
0.914748
0.459326
0.182785
0.871193
0.565333
0.832144
0.713240
0.626661
0.979070
0.753348
0.764216
0.312024
0.753560
0.158640
0.297752
0.734467
0.565333
0.670644
0.939889
0.626661
0.358833
0.312024
0.722746
0.789098
0.297752
0.121393
0.189430
0.939889
0.965511
0.371586
0.722746
0.615401
0.121393
0.508945
0.096363
0.371586
0.060327
0.219732
0.508945
0.263896
0.442198
0.219732
0.086821
0.382826
0.442198
0.807805
0.382826
0.100291
0.616058
0.100291
0.341440
0.178408
0.341440
0.920010
0.920010
0.821193
0.623893
0.623893
0.802018
0.470975
0.470975
0.578484
0.411767
0.411767
0.872061
0.872061
0.259811
0.259811
0.658336
0.658336
0.072470
0.072470
0.633623
0.633623
0.403911
0.403911
0.173939
0.173939
0.768144
0.768144
0.084185
0.084185
0.147788
0.147788
0.385295
0.385295
0.221301
0.221301
0.255743
0.255743
0.441690
0.441690
0.817049
0.817049
0.829732
0.829732
0.532540
0.532540
0.927258
0.927258
0.908492
0.908492
0.287118
0.287118
0.555613
0.555613
0.443585
0.443585
0.987758
0.987758
0.816687
0.816687
0.640752
0.640752
0.528530
0.528530
0.677673
0.677673
0.997023
0.997023
0.294916
0.294916
0.024133
0.024133
0.457922
0.457922
0.882375
0.882375
0.333093
0.333093
0.729936
0.729936
0.787974
0.787974
0.506146
0.506146
0.593613
0.593613
0.347771
0.347771
0.831756
0.831756
0.323264
0.323264
0.459326
0.459326
0.182785
0.182785
0.832144
0.832144
0.979070
0.979070
0.764216
0.764216
0.158640
0.158640
0.734467
0.734467
0.670644
0.670644
0.358833
0.358833
0.789098
0.789098
0.189430
0.189430
0.965511
0.965511
0.615401
0.615401
0.096363
0.096363
0.060327
0.060327
0.263896
0.263896
0.086821
0.086821
0.807805
0.807805
0.616058
0.616058
0.178408
0.178408
0.821193
0.821193
0.802018
0.802018
0.578484
0.578484
