0.181744
0.665958
0.641880
0.423366
0.226459
0.915422
0.717264
0.805685
0.383506
0.724600
0.634182
0.431426
0.972019
0.370833
0.432443
0.143056
0.850853
0.009950
0.372488
0.700617
0.398163
0.181744
0.337020
0.238581
0.742961
0.915422
0.715323
0.004677
0.383506
0.646177
0.907349
0.615136
0.972019
0.531194
0.850853
0.615208
0.398163
0.394633
0.413614
0.238581
0.709247
0.597046
0.004677
0.805430
0.121380
0.907349
0.707130
0.033307
0.615208
0.206785
0.865649
0.413614
0.211385
0.899188
0.386031
0.805430
0.429988
0.284101
0.707130
0.796987
0.865649
0.470574
0.833174
0.899188
0.604369
0.456979
0.284101
0.341011
0.098207
0.470574
0.661638
0.604369
0.477667
0.519680
0.098207
0.335030
0.136139
0.477667
0.595331
0.581629
0.136139
0.714245
0.599291
0.581629
0.844972
0.599291
0.921774
0.400258
0.921774
0.850081
0.366491
0.850081
0.969073
0.969073
0.002479
0.163993
0.163993
0.231669
0.217442
0.217442
0.520882
0.883558
0.883558
0.008066
0.008066
0.080192
0.080192
0.770449
0.770449
0.914741
0.914741
0.904851
0.904851
0.246477
0.246477
0.750966
0.750966
0.009073
0.009073
0.275432
0.275432
0.202156
0.202156
0.895211
0.895211
0.917661
0.917661
0.709708
0.709708
0.568759
0.568759
0.411656
0.411656
0.089040
0.089040
0.640889
0.640889
0.977319
0.977319
0.731291
0.731291
0.925010
0.925010
0.702731
0.702731
0.027373
0.027373
0.795920
0.795920
0.750058
0.750058
0.725716
0.725716
0.001390
0.001390
0.665958
0.665958
0.226459
0.226459
0.805685
0.805685
0.634182
0.634182
0.370833
0.370833
0.143056
0.143056
0.372488
0.372488
0.337020
0.337020
0.742961
0.742961
0.715323
0.715323
0.646177
0.646177
0.615136
0.615136
0.531194
0.531194
0.394633
0.394633
0.709247
0.709247
0.597046
0.597046
0.121380
0.121380
0.033307
0.033307
0.206785
0.206785
0.211385
0.211385
0.386031
0.386031
0.429988
0.429988
0.796987
0.796987
0.833174
0.833174
0.456979
0.456979
0.341011
0.341011
0.661638
0.661638
0.519680
0.519680
0.335030
0.335030
0.595331
0.595331
0.714245
0.714245
0.844972
0.844972
0.400258
0.400258
0.366491
0.366491
0.002479
0.002479
0.231669
0.231669
0.520882
0.520882
