0.282953
0.412818
0.660490
0.028743
0.554553
0.481268
0.294521
0.584561
0.966186
0.882193
0.922786
0.169686
0.356218
0.138585
0.485809
0.774400
0.391712
0.045254
0.942863
0.308750
0.182599
0.282953
0.412818
0.779182
0.805029
0.163321
0.554553
0.733271
0.933551
0.882193
0.319183
0.316670
0.088348
0.356218
0.051704
0.518045
0.391712
0.625879
0.182599
0.482170
0.805029
0.041583
0.034095
0.733271
0.354472
0.239625
0.316670
0.839755
0.611168
0.518045
0.082775
0.839333
0.482170
0.940979
0.490662
0.030725
0.034095
0.946537
0.878010
0.839755
0.057460
0.349417
0.082775
0.956189
0.490662
0.185139
0.985134
0.946537
0.208336
0.483067
0.349417
0.422138
0.185139
0.025761
0.208336
0.323634
0.307462
0.998247
0.025761
0.030657
0.613075
0.307462
0.061668
0.488415
0.613075
0.936584
0.488415
0.226481
0.001105
0.226481
0.101545
0.024715
0.101545
0.635202
0.635202
0.064328
0.891024
0.891024
0.053445
0.178927
0.178927
0.513644
0.920200
0.920200
0.986190
0.986190
0.142302
0.142302
0.519308
0.519308
0.400019
0.400019
0.756448
0.756448
0.283664
0.283664
0.691834
0.691834
0.347036
0.347036
0.532947
0.532947
0.585577
0.585577
0.952031
0.952031
0.922338
0.922338
0.796541
0.796541
0.003393
0.003393
0.768326
0.768326
0.228973
0.228973
0.631562
0.631562
0.353676
0.353676
0.622565
0.622565
0.268920
0.268920
0.713966
0.713966
0.689440
0.689440
0.451140
0.451140
0.724121
0.724121
0.768023
0.768023
0.088319
0.088319
0.028743
0.028743
0.294521
0.294521
0.966186
0.966186
0.169686
0.169686
0.485809
0.485809
0.045254
0.045254
0.308750
0.308750
0.779182
0.779182
0.163321
0.163321
0.933551
0.933551
0.319183
0.319183
0.088348
0.088348
0.051704
0.051704
0.625879
0.625879
0.041583
0.041583
0.354472
0.354472
0.239625
0.239625
0.611168
0.611168
0.839333
0.839333
0.940979
0.940979
0.030725
0.030725
0.878010
0.878010
0.057460
0.057460
0.956189
0.956189
0.985134
0.985134
0.483067
0.483067
0.422138
0.422138
0.323634
0.323634
0.998247
0.998247
0.030657
0.030657
0.061668
0.061668
0.936584
0.936584
0.001105
0.001105
0.024715
0.024715
0.064328
0.064328
0.053445
0.053445
0.513644
0.513644
