0.394227
0.261793
0.091199
0.609277
0.237091
0.290672
0.751014
0.589455
0.863709
0.018408
0.642431
0.538225
0.646552
0.136422
0.418675
0.757814
0.720792
0.840416
0.811226
0.458012
0.920081
0.394227
0.742443
0.721274
0.258119
0.290672
0.562028
0.492904
0.863709
0.485721
0.068680
0.779451
0.646552
0.840376
0.530291
0.757814
0.363297
0.920081
0.792135
0.721274
0.594666
0.794524
0.339036
0.492904
0.051115
0.068680
0.250087
0.941830
0.530291
0.939467
0.690590
0.792135
0.122159
0.223828
0.010118
0.339036
0.690911
0.965525
0.250087
0.716519
0.690590
0.756080
0.223323
0.223828
0.821579
0.111738
0.965525
0.539323
0.219850
0.756080
0.095930
0.821579
0.290092
0.513772
0.219850
0.203199
0.524158
0.290092
0.276203
0.074306
0.203199
0.954858
0.839855
0.074306
0.477374
0.839855
0.483740
0.841513
0.483740
0.899711
0.599167
0.899711
0.874331
0.874331
0.957523
0.649511
0.649511
0.853328
0.345404
0.345404
0.672103
0.524623
0.524623
0.926056
0.926056
0.242451
0.242451
0.246868
0.246868
0.024180
0.024180
0.327284
0.327284
0.082922
0.082922
0.121923
0.121923
0.942194
0.942194
0.034874
0.034874
0.923749
0.923749
0.899441
0.899441
0.811342
0.811342
0.943948
0.943948
0.606130
0.606130
0.339000
0.339000
0.522345
0.522345
0.364352
0.364352
0.060553
0.060553
0.892875
0.892875
0.072551
0.072551
0.514814
0.514814
0.946048
0.946048
0.441091
0.441091
0.384534
0.384534
0.783280
0.783280
0.192066
0.192066
0.261793
0.261793
0.237091
0.237091
0.589455
0.589455
0.642431
0.642431
0.136422
0.136422
0.720792
0.720792
0.811226
0.811226
0.742443
0.742443
0.258119
0.258119
0.562028
0.562028
0.485721
0.485721
0.779451
0.779451
0.840376
0.840376
0.363297
0.363297
0.594666
0.594666
0.794524
0.794524
0.051115
0.051115
0.941830
0.941830
0.939467
0.939467
0.122159
0.122159
0.010118
0.010118
0.690911
0.690911
0.716519
0.716519
0.223323
0.223323
0.111738
0.111738
0.539323
0.539323
0.095930
0.095930
0.513772
0.513772
0.524158
0.524158
0.276203
0.276203
0.954858
0.954858
0.477374
0.477374
0.841513
0.841513
0.599167
0.599167
0.957523
0.957523
0.853328
0.853328
0.672103
0.672103
