0.094319
0.048625
0.943169
0.600102
0.991130
0.465091
0.608990
0.083896
0.786525
0.643224
0.530847
0.949420
0.488949
0.520831
0.716685
0.626503
0.671153
0.203247
0.460287
0.816900
0.947540
0.094319
0.370688
0.650825
0.158698
0.465091
0.165015
0.892195
0.786525
0.752880
0.403345
0.921921
0.488949
0.174460
0.671153
0.708961
0.947540
0.736739
0.369187
0.650825
0.824801
0.666558
0.892195
0.098771
0.500266
0.403345
0.127868
0.903171
0.708961
0.346008
0.081014
0.369187
0.209549
0.248072
0.136925
0.098771
0.601302
0.253315
0.127868
0.820557
0.081014
0.486956
0.826224
0.248072
0.559794
0.490426
0.253315
0.655854
0.371950
0.486956
0.912677
0.559794
0.684349
0.210412
0.371950
0.675297
0.900528
0.684349
0.031499
0.933580
0.900528
0.418579
0.642868
0.933580
0.197150
0.642868
0.947332
0.592961
0.947332
0.308168
0.345666
0.308168
0.520881
0.520881
0.834504
0.046107
0.046107
0.733478
0.913235
0.913235
0.916565
0.705509
0.705509
0.616757
0.616757
0.129248
0.129248
0.277220
0.277220
0.718213
0.718213
0.839836
0.839836
0.877561
0.877561
0.700707
0.700707
0.568150
0.568150
0.080962
0.080962
0.182289
0.182289
0.789286
0.789286
0.566872
0.566872
0.860798
0.860798
0.956072
0.956072
0.069942
0.069942
0.536652
0.536652
0.889433
0.889433
0.009819
0.009819
0.091183
0.091183
0.918569
0.918569
0.639730
0.639730
0.129930
0.129930
0.957801
0.957801
0.204259
0.204259
0.705726
0.705726
0.361616
0.361616
0.048625
0.048625
0.991130
0.991130
0.083896
0.083896
0.530847
0.530847
0.520831
0.520831
0.626503
0.626503
0.460287
0.460287
0.370688
0.370688
0.158698
0.158698
0.165015
0.165015
0.752880
0.752880
0.921921
0.921921
0.174460
0.174460
0.736739
0.736739
0.824801
0.824801
0.666558
0.666558
0.500266
0.500266
0.903171
0.903171
0.346008
0.346008
0.209549
0.209549
0.136925
0.136925
0.601302
0.601302
0.820557
0.820557
0.826224
0.826224
0.490426
0.490426
0.655854
0.655854
0.912677
0.912677
0.210412
0.210412
0.675297
0.675297
0.031499
0.031499
0.418579
0.418579
0.197150
0.197150
0.592961
0.592961
0.345666
0.345666
0.834504
0.834504
0.733478
0.733478
0.916565
0.916565
