0.613235
0.299428
0.836947
0.194759
0.633165
0.263371
0.857535
0.288723
0.272626
0.630009
0.699154
0.583300
0.843033
0.610405
0.009639
0.693540
0.270399
0.831300
0.209613
0.863558
0.129755
0.613235
0.080489
0.240322
0.561623
0.263371
0.515910
0.716437
0.272626
0.820204
0.969870
0.696975
0.843033
0.916965
0.270399
0.364434
0.129755
0.445629
0.001286
0.240322
0.521775
0.219415
0.716437
0.542366
0.897741
0.969870
0.242649
0.071346
0.364434
0.262567
0.396424
0.001286
0.529870
0.476645
0.142096
0.542366
0.839021
0.689602
0.242649
0.183039
0.396424
0.475499
0.887108
0.476645
0.600066
0.203908
0.689602
0.230837
0.636818
0.475499
0.985091
0.600066
0.707903
0.674761
0.636818
0.019759
0.533977
0.707903
0.742849
0.997118
0.533977
0.515132
0.405045
0.997118
0.357543
0.405045
0.770866
0.258729
0.770866
0.153409
0.174370
0.153409
0.906645
0.906645
0.643688
0.234134
0.234134
0.530086
0.081682
0.081682
0.641142
0.630796
0.630796
0.589942
0.589942
0.287555
0.287555
0.723468
0.723468
0.438071
0.438071
0.732333
0.732333
0.435183
0.435183
0.159058
0.159058
0.241789
0.241789
0.914718
0.914718
0.038425
0.038425
0.212636
0.212636
0.352968
0.352968
0.202336
0.202336
0.993439
0.993439
0.771653
0.771653
0.731160
0.731160
0.567039
0.567039
0.916756
0.916756
0.301450
0.301450
0.315152
0.315152
0.847175
0.847175
0.996196
0.996196
0.725460
0.725460
0.531217
0.531217
0.975545
0.975545
0.125432
0.125432
0.299428
0.299428
0.633165
0.633165
0.288723
0.288723
0.699154
0.699154
0.610405
0.610405
0.693540
0.693540
0.209613
0.209613
0.080489
0.080489
0.561623
0.561623
0.515910
0.515910
0.820204
0.820204
0.696975
0.696975
0.916965
0.916965
0.445629
0.445629
0.521775
0.521775
0.219415
0.219415
0.897741
0.897741
0.071346
0.071346
0.262567
0.262567
0.529870
0.529870
0.142096
0.142096
0.839021
0.839021
0.183039
0.183039
0.887108
0.887108
0.203908
0.203908
0.230837
0.230837
0.985091
0.985091
0.674761
0.674761
0.019759
0.019759
0.742849
0.742849
0.515132
0.515132
0.357543
0.357543
0.258729
0.258729
0.174370
0.174370
0.643688
0.643688
0.530086
0.530086
0.641142
0.641142
