0.338817
0.164222
0.025162
0.387954
0.163360
0.696389
0.067018
0.784282
0.880890
0.174010
0.871487
0.900537
0.913576
0.350570
0.090159
0.144449
0.812409
0.858821
0.653133
0.286128
0.502602
0.338817
0.181944
0.631323
0.067066
0.696389
0.292793
0.661792
0.880890
0.461973
0.135429
0.665187
0.913576
0.668417
0.812409
0.577503
0.502602
0.087978
0.847949
0.631323
0.829851
0.927399
0.661792
0.899042
0.112694
0.135429
0.397494
0.642026
0.577503
0.363024
0.823046
0.847949
0.411493
0.535996
0.940131
0.899042
0.498512
0.297441
0.397494
0.590423
0.823046
0.558462
0.738672
0.535996
0.637929
0.903937
0.297441
0.694152
0.469367
0.558462
0.565771
0.637929
0.749352
0.192380
0.469367
0.128234
0.764529
0.749352
0.443384
0.045273
0.764529
0.447681
0.134870
0.045273
0.532857
0.134870
0.838034
0.770485
0.838034
0.530474
0.195049
0.530474
0.984952
0.984952
0.573689
0.904430
0.904430
0.874214
0.103844
0.103844
0.149689
0.556228
0.556228
0.713963
0.713963
0.688011
0.688011
0.191410
0.191410
0.211597
0.211597
0.776889
0.776889
0.221647
0.221647
0.574946
0.574946
0.162950
0.162950
0.083262
0.083262
0.277877
0.277877
0.332813
0.332813
0.982840
0.982840
0.798074
0.798074
0.380039
0.380039
0.503127
0.503127
0.752949
0.752949
0.306859
0.306859
0.226876
0.226876
0.351637
0.351637
0.480022
0.480022
0.840149
0.840149
0.575891
0.575891
0.386754
0.386754
0.786616
0.786616
0.946589
0.946589
0.851226
0.851226
0.164222
0.164222
0.163360
0.163360
0.784282
0.784282
0.871487
0.871487
0.350570
0.350570
0.144449
0.144449
0.653133
0.653133
0.181944
0.181944
0.067066
0.067066
0.292793
0.292793
0.461973
0.461973
0.665187
0.665187
0.668417
0.668417
0.087978
0.087978
0.829851
0.829851
0.927399
0.927399
0.112694
0.112694
0.642026
0.642026
0.363024
0.363024
0.411493
0.411493
0.940131
0.940131
0.498512
0.498512
0.590423
0.590423
0.738672
0.738672
0.903937
0.903937
0.694152
0.694152
0.565771
0.565771
0.192380
0.192380
0.128234
0.128234
0.443384
0.443384
0.447681
0.447681
0.532857
0.532857
0.770485
0.770485
0.195049
0.195049
0.573689
0.573689
0.874214
0.874214
0.149689
0.149689
