0.426740
0.120647
0.859769
0.344180
0.172107
0.270303
0.008837
0.509418
0.723548
0.587991
0.815041
0.009971
0.051063
0.864192
0.562441
0.567291
0.468897
0.830308
0.225568
0.822105
0.035149
0.426740
0.120647
0.943106
0.211199
0.527582
0.172107
0.209735
0.560499
0.587991
0.486695
0.625457
0.051063
0.637303
0.923098
0.940835
0.468897
0.022796
0.035149
0.715311
0.211199
0.699884
0.703822
0.209735
0.213430
0.363919
0.625457
0.197876
0.491511
0.940835
0.065745
0.998249
0.715311
0.606516
0.298249
0.221142
0.703822
0.972093
0.201392
0.197876
0.535311
0.558580
0.065745
0.910039
0.298249
0.055843
0.406210
0.972093
0.413554
0.055204
0.558580
0.240130
0.067941
0.055843
0.558358
0.413554
0.847204
0.487774
0.067941
0.610710
0.689511
0.847204
0.001747
0.687704
0.689511
0.120208
0.687704
0.327116
0.937628
0.327116
0.410649
0.428443
0.410649
0.050982
0.050982
0.572577
0.610964
0.610964
0.799159
0.091096
0.091096
0.664493
0.680769
0.680769
0.272696
0.272696
0.488546
0.488546
0.993465
0.993465
0.076852
0.076852
0.153486
0.153486
0.810601
0.810601
0.371671
0.371671
0.173547
0.173547
0.952221
0.952221
0.128927
0.128927
0.475946
0.475946
0.868150
0.868150
0.243426
0.243426
0.915586
0.915586
0.090222
0.090222
0.595613
0.595613
0.051444
0.051444
0.282518
0.282518
0.101478
0.101478
0.775663
0.775663
0.004517
0.004517
0.677321
0.677321
0.460858
0.460858
0.265166
0.265166
0.121446
0.121446
0.921012
0.921012
0.859769
0.859769
0.008837
0.008837
0.723548
0.723548
0.009971
0.009971
0.562441
0.562441
0.830308
0.830308
0.822105
0.822105
0.943106
0.943106
0.527582
0.527582
0.560499
0.560499
0.486695
0.486695
0.637303
0.637303
0.923098
0.923098
0.022796
0.022796
0.699884
0.699884
0.213430
0.213430
0.363919
0.363919
0.491511
0.491511
0.998249
0.998249
0.606516
0.606516
0.221142
0.221142
0.201392
0.201392
0.535311
0.535311
0.910039
0.910039
0.406210
0.406210
0.055204
0.055204
0.240130
0.240130
0.558358
0.558358
0.487774
0.487774
0.610710
0.610710
0.001747
0.001747
0.120208
0.120208
0.937628
0.937628
0.428443
0.428443
0.572577
0.572577
0.799159
0.799159
0.664493
0.664493
