0.503603
0.573486
0.554314
0.246213
0.407818
0.098656
0.908415
0.274128
0.288786
0.112688
0.938198
0.233789
0.534325
0.993851
0.018601
0.321002
0.785458
0.198786
0.306907
0.781155
0.824473
0.503603
0.866333
0.611148
0.908440
0.098656
0.561698
0.264147
0.288786
0.224702
0.840942
0.258178
0.534325
0.257017
0.829968
0.321002
0.400032
0.824473
0.463516
0.611148
0.919073
0.621287
0.293335
0.264147
0.770541
0.840942
0.989550
0.080206
0.829968
0.416728
0.952857
0.463516
0.172750
0.630578
0.876004
0.293335
0.464841
0.265420
0.989550
0.261085
0.952857
0.037179
0.346064
0.630578
0.817540
0.620491
0.265420
0.463701
0.659916
0.037179
0.870292
0.817540
0.793292
0.321826
0.659916
0.439546
0.219164
0.793292
0.733036
0.032307
0.439546
0.195697
0.946335
0.032307
0.507045
0.946335
0.972917
0.514000
0.972917
0.132122
0.554949
0.132122
0.807673
0.807673
0.677190
0.870651
0.870651
0.706241
0.949774
0.949774
0.630236
0.216104
0.216104
0.419693
0.419693
0.548200
0.548200
0.280878
0.280878
0.465055
0.465055
0.247824
0.247824
0.308237
0.308237
0.947168
0.947168
0.565077
0.565077
0.497520
0.497520
0.489026
0.489026
0.221319
0.221319
0.353256
0.353256
0.772060
0.772060
0.860205
0.860205
0.269960
0.269960
0.970186
0.970186
0.031559
0.031559
0.229173
0.229173
0.343725
0.343725
0.229462
0.229462
0.840348
0.840348
0.222835
0.222835
0.063535
0.063535
0.245597
0.245597
0.116001
0.116001
0.831405
0.831405
0.573486
0.573486
0.407818
0.407818
0.274128
0.274128
0.938198
0.938198
0.993851
0.993851
0.785458
0.785458
0.306907
0.306907
0.866333
0.866333
0.908440
0.908440
0.561698
0.561698
0.224702
0.224702
0.258178
0.258178
0.257017
0.257017
0.400032
0.400032
0.919073
0.919073
0.621287
0.621287
0.770541
0.770541
0.080206
0.080206
0.416728
0.416728
0.172750
0.172750
0.876004
0.876004
0.464841
0.464841
0.261085
0.261085
0.346064
0.346064
0.620491
0.620491
0.463701
0.463701
0.870292
0.870292
0.321826
0.321826
0.219164
0.219164
0.733036
0.733036
0.195697
0.195697
0.507045
0.507045
0.514000
0.514000
0.554949
0.554949
0.677190
0.677190
0.706241
0.706241
0.630236
0.630236
