0.619987
0.988009
0.440792
0.768911
0.801399
0.709561
0.980419
0.680227
0.353346
0.586260
0.110981
0.928277
0.182243
0.603671
0.408482
0.317755
0.164944
0.230729
0.332816
0.799705
0.517064
0.619987
0.000915
0.215970
0.229827
0.709561
0.114066
0.552090
0.353346
0.422864
0.124705
0.454981
0.182243
0.410718
0.164944
0.898109
0.517064
0.688825
0.406470
0.215970
0.750826
0.162952
0.552090
0.206121
0.703205
0.124705
0.622577
0.844360
0.898109
0.665388
0.323783
0.406470
0.518934
0.331647
0.780047
0.206121
0.418993
0.574969
0.622577
0.110130
0.323783
0.371206
0.228387
0.331647
0.632298
0.208280
0.574969
0.396497
0.466899
0.371206
0.400220
0.632298
0.247381
0.787596
0.466899
0.643293
0.370702
0.247381
0.095456
0.030001
0.370702
0.291035
0.527395
0.030001
0.121912
0.527395
0.685417
0.463968
0.685417
0.509341
0.863479
0.509341
0.900658
0.900658
0.212941
0.235135
0.235135
0.188811
0.370289
0.370289
0.528852
0.658877
0.658877
0.383504
0.383504
0.003598
0.003598
0.549151
0.549151
0.999446
0.999446
0.749071
0.749071
0.180951
0.180951
0.252629
0.252629
0.342632
0.342632
0.584230
0.584230
0.411137
0.411137
0.349616
0.349616
0.843634
0.843634
0.117213
0.117213
0.587382
0.587382
0.508617
0.508617
0.518753
0.518753
0.503401
0.503401
0.543669
0.543669
0.766066
0.766066
0.238625
0.238625
0.544082
0.544082
0.045571
0.045571
0.544966
0.544966
0.427250
0.427250
0.074442
0.074442
0.454413
0.454413
0.988009
0.988009
0.801399
0.801399
0.680227
0.680227
0.110981
0.110981
0.603671
0.603671
0.317755
0.317755
0.332816
0.332816
0.000915
0.000915
0.229827
0.229827
0.114066
0.114066
0.422864
0.422864
0.454981
0.454981
0.410718
0.410718
0.688825
0.688825
0.750826
0.750826
0.162952
0.162952
0.703205
0.703205
0.844360
0.844360
0.665388
0.665388
0.518934
0.518934
0.780047
0.780047
0.418993
0.418993
0.110130
0.110130
0.228387
0.228387
0.208280
0.208280
0.396497
0.396497
0.400220
0.400220
0.787596
0.787596
0.643293
0.643293
0.095456
0.095456
0.291035
0.291035
0.121912
0.121912
0.463968
0.463968
0.863479
0.863479
0.212941
0.212941
0.188811
0.188811
0.528852
0.528852
