0.117255
0.382728
0.828878
0.671368
0.847307
0.322467
0.778384
0.824927
0.443711
0.102803
0.378764
0.672723
0.056571
0.717409
0.525721
0.235846
0.615123
0.577750
0.086094
0.121348
0.917202
0.656574
0.382728
0.828878
0.683080
0.470609
0.156223
0.322467
0.522737
0.157449
0.378764
0.587454
0.954577
0.584583
0.717409
0.658286
0.760722
0.577750
0.062835
0.656574
0.720843
0.470609
0.880972
0.211300
0.522737
0.204910
0.911932
0.954577
0.221250
0.983431
0.760722
0.402914
0.184450
0.720843
0.469243
0.256912
0.790342
0.211300
0.366340
0.518300
0.221250
0.726734
0.927710
0.402914
0.152887
0.256912
0.054396
0.771065
0.366340
0.845853
0.060694
0.927710
0.380281
0.054396
0.019766
0.845853
0.980163
0.046969
0.392441
0.019766
0.897171
0.887932
0.046969
0.910533
0.723289
0.887932
0.372688
0.723289
0.010582
0.538379
0.010582
0.586193
0.490575
0.586193
0.264866
0.264866
0.661281
0.811278
0.811278
0.377871
0.940369
0.940369
0.022174
0.289527
0.289527
0.297415
0.297415
0.055137
0.055137
0.958590
0.958590
0.702785
0.702785
0.454677
0.454677
0.253241
0.253241
0.307185
0.307185
0.146513
0.146513
0.226640
0.226640
0.849990
0.849990
0.414712
0.414712
0.861321
0.861321
0.851996
0.851996
0.277490
0.277490
0.580266
0.580266
0.314673
0.314673
0.747037
0.747037
0.969958
0.969958
0.298368
0.298368
0.972833
0.972833
0.853497
0.853497
0.079859
0.079859
0.456399
0.456399
0.424035
0.424035
0.351728
0.351728
0.117255
0.117255
0.847307
0.847307
0.824927
0.824927
0.102803
0.102803
0.056571
0.056571
0.235846
0.235846
0.086094
0.086094
0.917202
0.917202
0.683080
0.683080
0.156223
0.156223
0.157449
0.157449
0.587454
0.587454
0.584583
0.584583
0.658286
0.658286
0.062835
0.062835
0.880972
0.880972
0.204910
0.204910
0.911932
0.911932
0.983431
0.983431
0.184450
0.184450
0.469243
0.469243
0.790342
0.790342
0.518300
0.518300
0.726734
0.726734
0.152887
0.152887
0.771065
0.771065
0.060694
0.060694
0.380281
0.380281
0.980163
0.980163
0.392441
0.392441
0.897171
0.897171
0.910533
0.910533
0.372688
0.372688
0.538379
0.538379
0.490575
0.490575
0.661281
0.661281
0.377871
0.377871
0.022174
0.022174
