0.503715
0.252116
0.824631
0.375676
0.326148
0.112180
0.916708
0.475333
0.032430
0.365331
0.883280
0.431770
0.162372
0.629768
0.925295
0.455775
0.460682
0.787253
0.571635
0.759016
0.034219
0.503715
0.832230
0.430680
0.800282
0.112180
0.303546
0.390930
0.032430
0.600025
0.102435
0.226627
0.162372
0.838348
0.772685
0.455775
0.403598
0.034219
0.015625
0.430680
0.852848
0.596029
0.447727
0.390930
0.839577
0.102435
0.684174
0.357915
0.772685
0.433058
0.620346
0.015625
0.365440
0.271221
0.429190
0.447727
0.914882
0.195296
0.684174
0.204890
0.620346
0.944471
0.622450
0.271221
0.101963
0.694442
0.195296
0.250705
0.170156
0.944471
0.969259
0.101963
0.662770
0.215368
0.170156
0.872399
0.305093
0.662770
0.942871
0.074409
0.872399
0.426009
0.810007
0.074409
0.031854
0.810007
0.727290
0.421236
0.727290
0.404876
0.087880
0.404876
0.453459
0.453459
0.570067
0.446263
0.446263
0.602637
0.886074
0.886074
0.085650
0.030773
0.030773
0.782110
0.782110
0.675683
0.675683
0.163691
0.163691
0.848556
0.848556
0.760234
0.760234
0.966535
0.966535
0.074527
0.074527
0.288669
0.288669
0.177029
0.177029
0.399436
0.399436
0.271570
0.271570
0.555221
0.555221
0.385607
0.385607
0.659061
0.659061
0.595705
0.595705
0.731140
0.731140
0.096950
0.096950
0.296538
0.296538
0.403704
0.403704
0.370653
0.370653
0.989121
0.989121
0.162733
0.162733
0.777654
0.777654
0.246855
0.246855
0.918187
0.918187
0.686317
0.686317
0.252116
0.252116
0.326148
0.326148
0.475333
0.475333
0.883280
0.883280
0.629768
0.629768
0.460682
0.460682
0.571635
0.571635
0.832230
0.832230
0.800282
0.800282
0.303546
0.303546
0.600025
0.600025
0.226627
0.226627
0.838348
0.838348
0.403598
0.403598
0.852848
0.852848
0.596029
0.596029
0.839577
0.839577
0.357915
0.357915
0.433058
0.433058
0.365440
0.365440
0.429190
0.429190
0.914882
0.914882
0.204890
0.204890
0.622450
0.622450
0.694442
0.694442
0.250705
0.250705
0.969259
0.969259
0.215368
0.215368
0.305093
0.305093
0.942871
0.942871
0.426009
0.426009
0.031854
0.031854
0.421236
0.421236
0.087880
0.087880
0.570067
0.570067
0.602637
0.602637
0.085650
0.085650
