0.810672
0.590730
0.574859
0.060929
0.408689
0.274581
0.513861
0.083876
0.203950
0.773847
0.990994
0.545391
0.386589
0.383457
0.349891
0.759724
0.760290
0.345053
0.449410
0.344145
0.113838
0.810672
0.829002
0.080588
0.072691
0.274581
0.965198
0.046152
0.203950
0.762779
0.840439
0.158287
0.386589
0.471130
0.578463
0.759724
0.984350
0.113838
0.984346
0.080588
0.617890
0.838156
0.541725
0.046152
0.584753
0.840439
0.786553
0.719556
0.578463
0.000116
0.009953
0.984346
0.711520
0.989718
0.256715
0.541725
0.000309
0.942789
0.786553
0.376113
0.009953
0.140222
0.969681
0.989718
0.304895
0.648576
0.942789
0.447470
0.635117
0.140222
0.859985
0.304895
0.587933
0.058475
0.635117
0.150289
0.262019
0.587933
0.414246
0.419577
0.150289
0.097054
0.246530
0.419577
0.216107
0.246530
0.089968
0.631831
0.089968
0.911658
0.755321
0.911658
0.848894
0.848894
0.486021
0.546937
0.546937
0.745362
0.526518
0.526518
0.294715
0.347880
0.347880
0.557797
0.557797
0.472302
0.472302
0.928820
0.928820
0.559181
0.559181
0.232533
0.232533
0.960926
0.960926
0.742128
0.742128
0.178879
0.178879
0.334778
0.334778
0.039327
0.039327
0.610666
0.610666
0.923189
0.923189
0.717987
0.717987
0.376684
0.376684
0.719455
0.719455
0.703392
0.703392
0.601684
0.601684
0.490101
0.490101
0.892729
0.892729
0.011395
0.011395
0.562820
0.562820
0.686181
0.686181
0.655984
0.655984
0.893309
0.893309
0.283233
0.283233
0.256638
0.256638
0.590730
0.590730
0.408689
0.408689
0.083876
0.083876
0.990994
0.990994
0.383457
0.383457
0.760290
0.760290
0.449410
0.449410
0.829002
0.829002
0.072691
0.072691
0.965198
0.965198
0.762779
0.762779
0.158287
0.158287
0.471130
0.471130
0.984350
0.984350
0.617890
0.617890
0.838156
0.838156
0.584753
0.584753
0.719556
0.719556
0.000116
0.000116
0.711520
0.711520
0.256715
0.256715
0.000309
0.000309
0.376113
0.376113
0.969681
0.969681
0.648576
0.648576
0.447470
0.447470
0.859985
0.859985
0.058475
0.058475
0.262019
0.262019
0.414246
0.414246
0.097054
0.097054
0.216107
0.216107
0.631831
0.631831
0.755321
0.755321
0.486021
0.486021
0.745362
0.745362
0.294715
0.294715
