0.035434
0.031017
0.380855
0.338887
0.720321
0.282186
0.709195
0.088631
0.461906
0.139288
0.718169
0.856239
0.224179
0.943951
0.142383
0.012781
0.203997
0.330253
0.653848
0.855749
0.688298
0.035434
0.156409
0.588824
0.720321
0.819441
0.711234
0.396530
0.461906
0.696118
0.258773
0.919666
0.224179
0.584238
0.915954
0.012781
0.561997
0.855749
0.603769
0.588824
0.859060
0.262897
0.986817
0.711234
0.814091
0.258773
0.063545
0.061452
0.915954
0.458816
0.241732
0.603769
0.820321
0.318660
0.448254
0.262897
0.523275
0.347065
0.063545
0.884356
0.885503
0.458816
0.018717
0.318660
0.698113
0.539913
0.347065
0.170218
0.385930
0.885503
0.600745
0.698113
0.096381
0.170218
0.039557
0.678680
0.585285
0.096381
0.338424
0.327210
0.678680
0.157526
0.552225
0.327210
0.355361
0.552225
0.470768
0.682871
0.470768
0.559152
0.704263
0.559152
0.103907
0.103907
0.643651
0.146526
0.146526
0.640534
0.061465
0.061465
0.414805
0.571047
0.571047
0.856533
0.856533
0.141226
0.141226
0.202239
0.202239
0.801662
0.801662
0.672284
0.672284
0.270158
0.270158
0.170973
0.170973
0.765187
0.765187
0.496867
0.496867
0.692209
0.692209
0.056967
0.056967
0.513366
0.513366
0.255649
0.255649
0.617206
0.617206
0.406787
0.406787
0.692609
0.692609
0.354948
0.354948
0.707669
0.707669
0.287881
0.287881
0.376617
0.376617
0.006383
0.006383
0.948016
0.948016
0.428397
0.428397
0.095642
0.095642
0.886736
0.886736
0.789798
0.789798
0.031017
0.031017
0.282186
0.282186
0.088631
0.088631
0.718169
0.718169
0.943951
0.943951
0.203997
0.203997
0.653848
0.653848
0.156409
0.156409
0.819441
0.819441
0.396530
0.396530
0.696118
0.696118
0.919666
0.919666
0.584238
0.584238
0.561997
0.561997
0.859060
0.859060
0.986817
0.986817
0.814091
0.814091
0.061452
0.061452
0.241732
0.241732
0.820321
0.820321
0.448254
0.448254
0.523275
0.523275
0.884356
0.884356
0.018717
0.018717
0.539913
0.539913
0.385930
0.385930
0.600745
0.600745
0.039557
0.039557
0.585285
0.585285
0.338424
0.338424
0.157526
0.157526
0.355361
0.355361
0.682871
0.682871
0.704263
0.704263
0.643651
0.643651
0.640534
0.640534
0.414805
0.414805
