0.111128
0.578169
0.219416
0.365243
0.409353
0.432675
0.050236
0.553188
0.634254
0.667016
0.600005
0.845485
0.754011
0.225131
0.358340
0.447568
0.491108
0.619236
0.226065
0.600158
0.752028
0.626174
0.578169
0.219416
0.972171
0.860799
0.050236
0.793801
0.890120
0.704735
0.600005
0.808956
0.865064
0.725580
0.225131
0.730735
0.408738
0.619236
0.809500
0.626174
0.187943
0.860799
0.714105
0.508686
0.778240
0.890120
0.010975
0.865064
0.640107
0.605402
0.408738
0.233819
0.292914
0.187943
0.584107
0.810732
0.760165
0.508686
0.267219
0.641505
0.640107
0.756749
0.848098
0.233819
0.216226
0.810732
0.952310
0.207764
0.641505
0.906912
0.609412
0.848098
0.250372
0.952310
0.820773
0.825120
0.906912
0.521102
0.313040
0.820773
0.172587
0.687848
0.521102
0.911372
0.750749
0.687848
0.132632
0.750749
0.290826
0.857261
0.290826
0.665463
0.728571
0.665463
0.264716
0.264716
0.923976
0.685629
0.685629
0.234114
0.528440
0.528440
0.892839
0.286568
0.286568
0.140892
0.140892
0.352145
0.352145
0.968152
0.968152
0.596650
0.596650
0.176327
0.176327
0.316242
0.316242
0.447291
0.447291
0.196296
0.196296
0.819102
0.819102
0.777628
0.777628
0.815238
0.815238
0.162554
0.162554
0.035330
0.035330
0.025884
0.025884
0.267654
0.267654
0.244011
0.244011
0.043600
0.043600
0.813415
0.813415
0.656898
0.656898
0.331263
0.331263
0.656061
0.656061
0.600484
0.600484
0.346625
0.346625
0.017462
0.017462
0.190987
0.190987
0.111128
0.111128
0.409353
0.409353
0.553188
0.553188
0.667016
0.667016
0.754011
0.754011
0.447568
0.447568
0.226065
0.226065
0.752028
0.752028
0.972171
0.972171
0.793801
0.793801
0.704735
0.704735
0.808956
0.808956
0.725580
0.725580
0.730735
0.730735
0.809500
0.809500
0.714105
0.714105
0.778240
0.778240
0.010975
0.010975
0.605402
0.605402
0.292914
0.292914
0.584107
0.584107
0.760165
0.760165
0.267219
0.267219
0.756749
0.756749
0.216226
0.216226
0.207764
0.207764
0.609412
0.609412
0.250372
0.250372
0.825120
0.825120
0.313040
0.313040
0.172587
0.172587
0.911372
0.911372
0.132632
0.132632
0.857261
0.857261
0.728571
0.728571
0.923976
0.923976
0.234114
0.234114
0.892839
0.892839
