0.114098
0.046867
0.449032
0.762482
0.818412
0.083023
0.942374
0.951334
0.389664
0.081387
0.357399
0.490112
0.951318
0.903173
0.729438
0.836079
0.405407
0.422842
0.063380
0.573605
0.467926
0.114098
0.224742
0.841447
0.310769
0.083023
0.970296
0.236548
0.389664
0.142217
0.889422
0.411130
0.951318
0.178773
0.405407
0.581311
0.467926
0.471306
0.024047
0.841447
0.265476
0.369730
0.236548
0.275755
0.279092
0.889422
0.467666
0.410723
0.581311
0.842839
0.150009
0.024047
0.084563
0.844285
0.410678
0.275755
0.877692
0.737735
0.467666
0.157804
0.150009
0.108953
0.733289
0.844285
0.093774
0.009294
0.737735
0.096515
0.847879
0.108953
0.126380
0.093774
0.206410
0.259225
0.847879
0.844293
0.242283
0.206410
0.867780
0.416432
0.242283
0.195914
0.027670
0.416432
0.104502
0.027670
0.958813
0.559300
0.958813
0.845295
0.247977
0.845295
0.338417
0.338417
0.656627
0.457039
0.457039
0.450295
0.308270
0.308270
0.552963
0.482061
0.482061
0.498238
0.498238
0.603875
0.603875
0.062864
0.062864
0.036092
0.036092
0.112063
0.112063
0.178198
0.178198
0.513743
0.513743
0.655863
0.655863
0.583072
0.583072
0.184019
0.184019
0.962121
0.962121
0.387070
0.387070
0.131303
0.131303
0.454347
0.454347
0.603625
0.603625
0.074983
0.074983
0.586040
0.586040
0.569390
0.569390
0.038382
0.038382
0.545803
0.545803
0.175942
0.175942
0.635152
0.635152
0.192433
0.192433
0.696742
0.696742
0.614483
0.614483
0.158822
0.158822
0.046867
0.046867
0.818412
0.818412
0.951334
0.951334
0.357399
0.357399
0.903173
0.903173
0.836079
0.836079
0.063380
0.063380
0.224742
0.224742
0.310769
0.310769
0.970296
0.970296
0.142217
0.142217
0.411130
0.411130
0.178773
0.178773
0.471306
0.471306
0.265476
0.265476
0.369730
0.369730
0.279092
0.279092
0.410723
0.410723
0.842839
0.842839
0.084563
0.084563
0.410678
0.410678
0.877692
0.877692
0.157804
0.157804
0.733289
0.733289
0.009294
0.009294
0.096515
0.096515
0.126380
0.126380
0.259225
0.259225
0.844293
0.844293
0.867780
0.867780
0.195914
0.195914
0.104502
0.104502
0.559300
0.559300
0.247977
0.247977
0.656627
0.656627
0.450295
0.450295
0.552963
0.552963
