0.732858
0.020797
0.994269
0.965364
0.608157
0.767990
0.073283
0.472781
0.591223
0.557355
0.595831
0.007145
0.083485
0.520532
0.004314
0.606975
0.886058
0.157743
0.710230
0.253610
0.655540
0.732858
0.773710
0.395146
0.608157
0.269631
0.434164
0.337178
0.591223
0.556350
0.309035
0.258434
0.083485
0.609315
0.019487
0.606975
0.976573
0.253610
0.199143
0.395146
0.907205
0.649837
0.933468
0.434164
0.470889
0.309035
0.926093
0.004163
0.019487
0.916139
0.738435
0.199143
0.413007
0.941261
0.494830
0.649837
0.420887
0.577072
0.926093
0.713398
0.219885
0.916139
0.660238
0.941261
0.318126
0.701388
0.577072
0.920962
0.285785
0.219885
0.297734
0.318126
0.895279
0.920962
0.358493
0.252025
0.291727
0.895279
0.071355
0.551731
0.252025
0.505141
0.846338
0.551731
0.141500
0.846338
0.968621
0.097064
0.968621
0.534317
0.512851
0.534317
0.961571
0.961571
0.768202
0.384822
0.384822
0.027992
0.730461
0.730461
0.802605
0.758728
0.758728
0.753337
0.753337
0.539256
0.539256
0.433463
0.433463
0.748899
0.748899
0.720529
0.720529
0.258413
0.258413
0.732904
0.732904
0.491940
0.491940
0.222631
0.222631
0.809308
0.809308
0.503286
0.503286
0.573458
0.573458
0.948750
0.948750
0.929255
0.929255
0.321472
0.321472
0.249495
0.249495
0.083485
0.083485
0.780014
0.780014
0.564723
0.564723
0.662757
0.662757
0.728583
0.728583
0.612147
0.612147
0.811870
0.811870
0.645204
0.645204
0.950574
0.950574
0.757416
0.757416
0.020797
0.020797
0.767990
0.767990
0.472781
0.472781
0.595831
0.595831
0.520532
0.520532
0.886058
0.886058
0.710230
0.710230
0.773710
0.773710
0.269631
0.269631
0.337178
0.337178
0.556350
0.556350
0.258434
0.258434
0.609315
0.609315
0.976573
0.976573
0.907205
0.907205
0.933468
0.933468
0.470889
0.470889
0.004163
0.004163
0.738435
0.738435
0.413007
0.413007
0.494830
0.494830
0.420887
0.420887
0.713398
0.713398
0.660238
0.660238
0.701388
0.701388
0.285785
0.285785
0.297734
0.297734
0.358493
0.358493
0.291727
0.291727
0.071355
0.071355
0.505141
0.505141
0.141500
0.141500
0.097064
0.097064
0.512851
0.512851
0.768202
0.768202
0.027992
0.027992
0.802605
0.802605
