0.735096
0.178074
0.698885
0.692689
0.751222
0.692321
0.895758
0.041146
0.263135
0.026863
0.583305
0.830458
0.788678
0.550038
0.678747
0.244976
0.156632
0.417532
0.024161
0.487802
0.480146
0.735096
0.354878
0.880105
0.402867
0.692321
0.062339
0.439238
0.263135
0.245488
0.358340
0.315254
0.788678
0.987984
0.156632
0.970094
0.480146
0.021969
0.742422
0.880105
0.652148
0.707799
0.439238
0.644286
0.469107
0.358340
0.657178
0.264897
0.970094
0.468824
0.530261
0.742422
0.533173
0.490980
0.816381
0.644286
0.007086
0.343552
0.657178
0.313478
0.530261
0.335849
0.501419
0.490980
0.025786
0.089890
0.343552
0.317577
0.911290
0.335849
0.646999
0.025786
0.399541
0.696348
0.911290
0.321655
0.063370
0.399541
0.236679
0.204064
0.063370
0.216079
0.066768
0.204064
0.408406
0.066768
0.965163
0.236155
0.965163
0.345869
0.689204
0.345869
0.693834
0.693834
0.643503
0.272437
0.272437
0.756456
0.767657
0.767657
0.133378
0.649396
0.649396
0.569350
0.569350
0.414079
0.414079
0.389144
0.389144
0.123134
0.123134
0.626019
0.626019
0.806350
0.806350
0.532117
0.532117
0.508876
0.508876
0.384941
0.384941
0.692021
0.692021
0.715218
0.715218
0.299789
0.299789
0.489814
0.489814
0.547227
0.547227
0.221905
0.221905
0.308455
0.308455
0.608273
0.608273
0.656163
0.656163
0.347221
0.347221
0.851630
0.851630
0.128198
0.128198
0.362527
0.362527
0.039231
0.039231
0.943684
0.943684
0.727085
0.727085
0.627643
0.627643
0.178074
0.178074
0.751222
0.751222
0.041146
0.041146
0.583305
0.583305
0.550038
0.550038
0.244976
0.244976
0.024161
0.024161
0.354878
0.354878
0.402867
0.402867
0.062339
0.062339
0.245488
0.245488
0.315254
0.315254
0.987984
0.987984
0.021969
0.021969
0.652148
0.652148
0.707799
0.707799
0.469107
0.469107
0.264897
0.264897
0.468824
0.468824
0.533173
0.533173
0.816381
0.816381
0.007086
0.007086
0.313478
0.313478
0.501419
0.501419
0.089890
0.089890
0.317577
0.317577
0.646999
0.646999
0.696348
0.696348
0.321655
0.321655
0.236679
0.236679
0.216079
0.216079
0.408406
0.408406
0.236155
0.236155
0.689204
0.689204
0.643503
0.643503
0.756456
0.756456
0.133378
0.133378
