0.525374
0.164313
0.825185
0.072895
0.643190
0.885297
0.808642
0.660473
0.864576
0.411231
0.157556
0.036291
0.300989
0.369410
0.614281
0.089498
0.344732
0.720337
0.063046
0.590750
0.210026
0.525374
0.015890
0.219979
0.643190
0.449231
0.052634
0.417146
0.864576
0.532412
0.849270
0.070484
0.300989
0.876612
0.026848
0.089498
0.309679
0.590750
0.396738
0.219979
0.691656
0.503131
0.313114
0.052634
0.480685
0.849270
0.235624
0.137193
0.026848
0.243550
0.007182
0.396738
0.660579
0.058966
0.831248
0.503131
0.518870
0.520061
0.235624
0.771046
0.473509
0.243550
0.683538
0.058966
0.370937
0.205465
0.520061
0.595451
0.688123
0.473509
0.632350
0.370937
0.709692
0.595451
0.833085
0.190902
0.207141
0.709692
0.738034
0.681556
0.190902
0.226633
0.315926
0.681556
0.783183
0.315926
0.310607
0.962793
0.310607
0.640896
0.616931
0.640896
0.224117
0.224117
0.539105
0.450193
0.450193
0.675844
0.678572
0.678572
0.098963
0.768827
0.768827
0.688965
0.688965
0.467971
0.467971
0.708321
0.708321
0.097464
0.097464
0.291183
0.291183
0.495841
0.495841
0.868175
0.868175
0.937251
0.937251
0.363103
0.363103
0.237303
0.237303
0.043693
0.043693
0.121573
0.121573
0.382196
0.382196
0.425533
0.425533
0.969924
0.969924
0.514835
0.514835
0.711223
0.711223
0.111621
0.111621
0.044735
0.044735
0.381665
0.381665
0.627131
0.627131
0.159878
0.159878
0.574869
0.574869
0.079836
0.079836
0.846766
0.846766
0.572285
0.572285
0.164313
0.164313
0.885297
0.885297
0.660473
0.660473
0.157556
0.157556
0.369410
0.369410
0.344732
0.344732
0.063046
0.063046
0.015890
0.015890
0.449231
0.449231
0.417146
0.417146
0.532412
0.532412
0.070484
0.070484
0.876612
0.876612
0.309679
0.309679
0.691656
0.691656
0.313114
0.313114
0.480685
0.480685
0.137193
0.137193
0.007182
0.007182
0.660579
0.660579
0.831248
0.831248
0.518870
0.518870
0.771046
0.771046
0.683538
0.683538
0.205465
0.205465
0.688123
0.688123
0.632350
0.632350
0.833085
0.833085
0.207141
0.207141
0.738034
0.738034
0.226633
0.226633
0.783183
0.783183
0.962793
0.962793
0.616931
0.616931
0.539105
0.539105
0.675844
0.675844
0.098963
0.098963
