0.657569
0.861792
0.079091
0.418853
0.714193
0.187173
0.202110
0.669835
0.062722
0.910187
0.700482
0.376056
0.639685
0.473420
0.067932
0.753089
0.820909
0.236015
0.837175
0.261407
0.039043
0.356469
0.861792
0.079091
0.595229
0.882850
0.016102
0.187173
0.374607
0.061398
0.700482
0.516697
0.040866
0.473420
0.513206
0.838923
0.349398
0.236015
0.155330
0.356469
0.031656
0.882850
0.441923
0.659110
0.374607
0.305799
0.936115
0.040866
0.690704
0.609395
0.349398
0.282360
0.664971
0.031656
0.070417
0.474772
0.438960
0.659110
0.753695
0.981282
0.690704
0.368678
0.888285
0.282360
0.321267
0.474772
0.096301
0.875960
0.753695
0.350368
0.468997
0.888285
0.321953
0.365738
0.096301
0.613584
0.350368
0.044350
0.749864
0.365738
0.709879
0.445591
0.044350
0.854942
0.089877
0.445591
0.800820
0.089877
0.224178
0.826576
0.224178
0.414573
0.564598
0.414573
0.339778
0.339778
0.503946
0.091715
0.091715
0.258577
0.616407
0.616407
0.805710
0.940459
0.940459
0.492990
0.492990
0.127920
0.127920
0.580174
0.580174
0.290326
0.290326
0.702015
0.702015
0.495025
0.495025
0.551699
0.551699
0.899510
0.899510
0.724264
0.724264
0.052996
0.052996
0.456019
0.456019
0.908131
0.908131
0.694927
0.694927
0.718929
0.718929
0.379472
0.379472
0.909004
0.909004
0.302374
0.302374
0.185403
0.185403
0.257863
0.257863
0.975671
0.975671
0.734142
0.734142
0.432008
0.432008
0.847944
0.847944
0.670228
0.670228
0.289290
0.289290
0.657569
0.657569
0.418853
0.418853
0.669835
0.669835
0.910187
0.910187
0.639685
0.639685
0.753089
0.753089
0.837175
0.837175
0.039043
0.039043
0.595229
0.595229
0.016102
0.016102
0.061398
0.061398
0.516697
0.516697
0.513206
0.513206
0.838923
0.838923
0.155330
0.155330
0.441923
0.441923
0.305799
0.305799
0.936115
0.936115
0.609395
0.609395
0.664971
0.664971
0.070417
0.070417
0.438960
0.438960
0.981282
0.981282
0.368678
0.368678
0.321267
0.321267
0.875960
0.875960
0.468997
0.468997
0.321953
0.321953
0.613584
0.613584
0.749864
0.749864
0.709879
0.709879
0.854942
0.854942
0.800820
0.800820
0.826576
0.826576
0.564598
0.564598
0.503946
0.503946
0.258577
0.258577
0.805710
0.805710
