0.935024
0.571917
0.716849
0.603428
0.892879
0.594436
0.425706
0.664519
0.355955
0.651408
0.429981
0.993495
0.375705
0.039648
0.288099
0.218407
0.274121
0.479714
0.300080
0.917796
0.545887
0.935024
0.588362
0.663375
0.695223
0.594436
0.614511
0.270907
0.355955
0.574028
0.148912
0.831047
0.375705
0.162101
0.369334
0.218407
0.194774
0.545887
0.740282
0.663375
0.509307
0.784436
0.637246
0.270907
0.907203
0.148912
0.674716
0.696770
0.369334
0.231252
0.645220
0.740282
0.819405
0.612457
0.454023
0.637246
0.853561
0.084954
0.674716
0.287464
0.645220
0.211780
0.529677
0.612457
0.603349
0.112400
0.084954
0.889540
0.953925
0.211780
0.234750
0.603349
0.199659
0.182802
0.953925
0.797728
0.957086
0.199659
0.009688
0.919662
0.797728
0.422316
0.899982
0.919662
0.375472
0.899982
0.834637
0.691834
0.834637
0.279014
0.173226
0.279014
0.650607
0.650607
0.376331
0.741796
0.741796
0.066811
0.565842
0.565842
0.319815
0.147793
0.147793
0.078963
0.078963
0.448986
0.448986
0.775511
0.775511
0.235516
0.235516
0.805019
0.805019
0.242672
0.242672
0.692861
0.692861
0.418528
0.418528
0.777019
0.777019
0.595548
0.595548
0.269503
0.269503
0.398269
0.398269
0.000297
0.000297
0.446534
0.446534
0.669975
0.669975
0.820101
0.820101
0.265651
0.265651
0.245618
0.245618
0.888673
0.888673
0.850468
0.850468
0.088365
0.088365
0.341501
0.341501
0.895369
0.895369
0.919639
0.919639
0.725456
0.725456
0.768534
0.768534
0.571917
0.571917
0.892879
0.892879
0.664519
0.664519
0.429981
0.429981
0.039648
0.039648
0.274121
0.274121
0.300080
0.300080
0.588362
0.588362
0.695223
0.695223
0.614511
0.614511
0.574028
0.574028
0.831047
0.831047
0.162101
0.162101
0.194774
0.194774
0.509307
0.509307
0.784436
0.784436
0.907203
0.907203
0.696770
0.696770
0.231252
0.231252
0.819405
0.819405
0.454023
0.454023
0.853561
0.853561
0.287464
0.287464
0.529677
0.529677
0.112400
0.112400
0.889540
0.889540
0.234750
0.234750
0.182802
0.182802
0.957086
0.957086
0.009688
0.009688
0.422316
0.422316
0.375472
0.375472
0.691834
0.691834
0.173226
0.173226
0.376331
0.376331
0.066811
0.066811
0.319815
0.319815
