0.354117
0.539717
0.600372
0.345825
0.379893
0.454338
0.754553
0.441624
0.315610
0.610240
0.349889
0.298873
0.929621
0.399132
0.755550
0.196186
0.031588
0.802042
0.731738
0.824041
0.933840
0.354117
0.539717
0.592058
0.859798
0.407070
0.379893
0.761639
0.979906
0.610240
0.335839
0.691462
0.929621
0.008708
0.702917
0.394160
0.031588
0.677502
0.933840
0.494533
0.859798
0.476348
0.961088
0.761639
0.564384
0.394558
0.691462
0.562100
0.508211
0.394160
0.755585
0.134998
0.494533
0.803608
0.282138
0.392034
0.961088
0.696776
0.027755
0.562100
0.991430
0.012624
0.755585
0.719251
0.282138
0.953318
0.897898
0.696776
0.479424
0.921864
0.012624
0.229332
0.129036
0.953318
0.445809
0.479424
0.254450
0.092817
0.129036
0.789004
0.066741
0.254450
0.228065
0.783228
0.066741
0.942818
0.783228
0.253600
0.609865
0.253600
0.907196
0.108440
0.907196
0.546016
0.546016
0.182496
0.534678
0.534678
0.899839
0.266777
0.266777
0.969848
0.343708
0.343708
0.433074
0.433074
0.995235
0.995235
0.362580
0.362580
0.463638
0.463638
0.850007
0.850007
0.920217
0.920217
0.163861
0.163861
0.297333
0.297333
0.194595
0.194595
0.031111
0.031111
0.760252
0.760252
0.582241
0.582241
0.802192
0.802192
0.664991
0.664991
0.686484
0.686484
0.393434
0.393434
0.025106
0.025106
0.867012
0.867012
0.770720
0.770720
0.428007
0.428007
0.461752
0.461752
0.514993
0.514993
0.046315
0.046315
0.001237
0.001237
0.245175
0.245175
0.859499
0.859499
0.600372
0.600372
0.754553
0.754553
0.315610
0.315610
0.298873
0.298873
0.755550
0.755550
0.802042
0.802042
0.824041
0.824041
0.592058
0.592058
0.407070
0.407070
0.979906
0.979906
0.335839
0.335839
0.008708
0.008708
0.702917
0.702917
0.677502
0.677502
0.476348
0.476348
0.564384
0.564384
0.394558
0.394558
0.508211
0.508211
0.134998
0.134998
0.803608
0.803608
0.392034
0.392034
0.027755
0.027755
0.991430
0.991430
0.719251
0.719251
0.897898
0.897898
0.921864
0.921864
0.229332
0.229332
0.445809
0.445809
0.092817
0.092817
0.789004
0.789004
0.228065
0.228065
0.942818
0.942818
0.609865
0.609865
0.108440
0.108440
0.182496
0.182496
0.899839
0.899839
0.969848
0.969848
