0.331651
0.267878
0.665293
0.153230
0.288676
0.740669
0.227856
0.322462
0.001109
0.883323
0.659490
0.192916
0.200811
0.123075
0.055611
0.549481
0.210292
0.749645
0.419330
0.579560
0.056787
0.331651
0.370420
0.105694
0.288676
0.374229
0.066801
0.327208
0.001109
0.727397
0.321209
0.930951
0.200811
0.962000
0.228018
0.549481
0.840362
0.579560
0.428183
0.105694
0.839537
0.915907
0.477824
0.066801
0.128256
0.321209
0.197801
0.483215
0.228018
0.574015
0.968663
0.428183
0.807606
0.251350
0.885108
0.915907
0.973805
0.130787
0.197801
0.589065
0.709950
0.574015
0.747289
0.251350
0.636328
0.455023
0.130787
0.798870
0.124810
0.709950
0.332821
0.636328
0.533142
0.798870
0.009562
0.255706
0.825576
0.533142
0.451857
0.162720
0.255706
0.474307
0.838449
0.162720
0.629376
0.838449
0.134077
0.394566
0.134077
0.291281
0.219584
0.291281
0.580028
0.580028
0.519297
0.554032
0.554032
0.181003
0.660706
0.660706
0.927657
0.386385
0.386385
0.963703
0.963703
0.489410
0.489410
0.516096
0.516096
0.266729
0.266729
0.941932
0.941932
0.197123
0.197123
0.610446
0.610446
0.298361
0.298361
0.477223
0.477223
0.392536
0.392536
0.566413
0.566413
0.578672
0.578672
0.218851
0.218851
0.655595
0.655595
0.082520
0.082520
0.710713
0.710713
0.018479
0.018479
0.808399
0.808399
0.915876
0.915876
0.771796
0.771796
0.122214
0.122214
0.112964
0.112964
0.167244
0.167244
0.478115
0.478115
0.891749
0.891749
0.918542
0.918542
0.267878
0.267878
0.740669
0.740669
0.322462
0.322462
0.659490
0.659490
0.123075
0.123075
0.210292
0.210292
0.419330
0.419330
0.370420
0.370420
0.374229
0.374229
0.327208
0.327208
0.727397
0.727397
0.930951
0.930951
0.962000
0.962000
0.840362
0.840362
0.839537
0.839537
0.477824
0.477824
0.128256
0.128256
0.483215
0.483215
0.968663
0.968663
0.807606
0.807606
0.885108
0.885108
0.973805
0.973805
0.589065
0.589065
0.747289
0.747289
0.455023
0.455023
0.124810
0.124810
0.332821
0.332821
0.009562
0.009562
0.825576
0.825576
0.451857
0.451857
0.474307
0.474307
0.629376
0.629376
0.394566
0.394566
0.219584
0.219584
0.519297
0.519297
0.181003
0.181003
0.927657
0.927657
