0.528056
0.856557
0.388403
0.102463
0.812693
0.142295
0.998961
0.773164
0.673885
0.033159
0.841207
0.494093
0.498966
0.317767
0.277261
0.224014
0.413129
0.898773
0.194924
0.731584
0.801002
0.528056
0.284546
0.377824
0.058917
0.142295
0.733025
0.853969
0.673885
0.880383
0.135392
0.777316
0.498966
0.288614
0.413129
0.811521
0.801002
0.039751
0.828263
0.377824
0.052324
0.999868
0.853969
0.317811
0.535526
0.135392
0.998176
0.225061
0.811521
0.801093
0.801679
0.828263
0.911347
0.144775
0.098740
0.317811
0.775511
0.474423
0.998176
0.801412
0.801679
0.120257
0.740804
0.144775
0.071034
0.314276
0.474423
0.570892
0.912319
0.120257
0.656483
0.071034
0.279821
0.964232
0.912319
0.792815
0.983466
0.279821
0.452339
0.872240
0.983466
0.414955
0.810457
0.872240
0.399493
0.810457
0.201458
0.013397
0.201458
0.449208
0.293739
0.449208
0.776213
0.776213
0.178770
0.098547
0.098547
0.506871
0.179096
0.179096
0.631069
0.862132
0.862132
0.553110
0.553110
0.574637
0.574637
0.516362
0.516362
0.055028
0.055028
0.496826
0.496826
0.957841
0.957841
0.468344
0.468344
0.327974
0.327974
0.916293
0.916293
0.495372
0.495372
0.140382
0.140382
0.216368
0.216368
0.232614
0.232614
0.525548
0.525548
0.505713
0.505713
0.714308
0.714308
0.777601
0.777601
0.133747
0.133747
0.778146
0.778146
0.189126
0.189126
0.139196
0.139196
0.246619
0.246619
0.403993
0.403993
0.604121
0.604121
0.024775
0.024775
0.847662
0.847662
0.856557
0.856557
0.812693
0.812693
0.773164
0.773164
0.841207
0.841207
0.317767
0.317767
0.224014
0.224014
0.194924
0.194924
0.284546
0.284546
0.058917
0.058917
0.733025
0.733025
0.880383
0.880383
0.777316
0.777316
0.288614
0.288614
0.039751
0.039751
0.052324
0.052324
0.999868
0.999868
0.535526
0.535526
0.225061
0.225061
0.801093
0.801093
0.911347
0.911347
0.098740
0.098740
0.775511
0.775511
0.801412
0.801412
0.740804
0.740804
0.314276
0.314276
0.570892
0.570892
0.656483
0.656483
0.964232
0.964232
0.792815
0.792815
0.452339
0.452339
0.414955
0.414955
0.399493
0.399493
0.013397
0.013397
0.293739
0.293739
0.178770
0.178770
0.506871
0.506871
0.631069
0.631069
