0.931617
0.056062
0.184092
0.099097
0.360790
0.487763
0.031574
0.088515
0.914933
0.227281
0.571909
0.624231
0.884731
0.177621
0.525441
0.996129
0.683190
0.285034
0.679554
0.216534
0.756074
0.931617
0.741526
0.235288
0.638464
0.487763
0.764043
0.446764
0.914933
0.692304
0.716388
0.864909
0.884731
0.786441
0.683190
0.428367
0.756074
0.628684
0.234995
0.235288
0.637670
0.634481
0.996938
0.446764
0.106527
0.716388
0.062687
0.261414
0.428367
0.516059
0.621699
0.234995
0.478841
0.733525
0.267763
0.996938
0.337290
0.822780
0.062687
0.893181
0.621699
0.021810
0.295625
0.733525
0.738571
0.328898
0.822780
0.472247
0.296675
0.021810
0.087253
0.738571
0.941857
0.632908
0.296675
0.139967
0.481554
0.941857
0.734216
0.684832
0.481554
0.972594
0.250189
0.684832
0.544682
0.250189
0.628304
0.189795
0.628304
0.344347
0.344347
0.863561
0.360693
0.360693
0.550336
0.953008
0.953008
0.966518
0.706521
0.706521
0.193296
0.882603
0.882603
0.495317
0.495317
0.257667
0.257667
0.027673
0.027673
0.817237
0.817237
0.060805
0.060805
0.973697
0.973697
0.952874
0.952874
0.455956
0.455956
0.160430
0.160430
0.676493
0.676493
0.690052
0.690052
0.091607
0.091607
0.318402
0.318402
0.779086
0.779086
0.104732
0.104732
0.164343
0.164343
0.403633
0.403633
0.793677
0.793677
0.145989
0.145989
0.969046
0.969046
0.721305
0.721305
0.009791
0.009791
0.723523
0.723523
0.486840
0.486840
0.380120
0.380120
0.453753
0.453753
0.056062
0.056062
0.360790
0.360790
0.088515
0.088515
0.571909
0.571909
0.177621
0.177621
0.996129
0.996129
0.679554
0.679554
0.741526
0.741526
0.638464
0.638464
0.764043
0.764043
0.692304
0.692304
0.864909
0.864909
0.786441
0.786441
0.628684
0.628684
0.637670
0.637670
0.634481
0.634481
0.106527
0.106527
0.261414
0.261414
0.516059
0.516059
0.478841
0.478841
0.267763
0.267763
0.337290
0.337290
0.893181
0.893181
0.295625
0.295625
0.328898
0.328898
0.472247
0.472247
0.087253
0.087253
0.632908
0.632908
0.139967
0.139967
0.734216
0.734216
0.972594
0.972594
0.544682
0.544682
0.189795
0.189795
0.863561
0.863561
0.550336
0.550336
0.966518
0.966518
0.193296
0.193296
