0.792555
0.888995
0.381841
0.623348
0.461766
0.105896
0.636313
0.818616
0.321131
0.686318
0.616650
0.340770
0.077793
0.497257
0.198895
0.909414
0.269572
0.998184
0.525315
0.846696
0.583583
0.939441
0.888995
0.381841
0.125708
0.486784
0.636313
0.004367
0.190406
0.434774
0.616650
0.612884
0.898351
0.010855
0.497257
0.869159
0.036915
0.998184
0.228979
0.939441
0.748706
0.486784
0.406044
0.263767
0.276320
0.190406
0.872611
0.898351
0.003726
0.350862
0.036915
0.530533
0.657284
0.748706
0.494916
0.660197
0.377452
0.263767
0.395119
0.675395
0.003726
0.576769
0.770219
0.530533
0.804104
0.660197
0.666966
0.207969
0.675395
0.929793
0.591354
0.770219
0.503500
0.666966
0.643026
0.780602
0.929793
0.831281
0.790077
0.643026
0.658748
0.059550
0.831281
0.564430
0.456601
0.059550
0.350387
0.456601
0.846288
0.605470
0.846288
0.094726
0.690811
0.094726
0.969020
0.969020
0.284871
0.079914
0.079914
0.755630
0.744192
0.744192
0.459241
0.646954
0.646954
0.212084
0.212084
0.618748
0.618748
0.166811
0.166811
0.792565
0.792565
0.997440
0.997440
0.899863
0.899863
0.464041
0.464041
0.724207
0.724207
0.304322
0.304322
0.564868
0.564868
0.338021
0.338021
0.343485
0.343485
0.998581
0.998581
0.087476
0.087476
0.457259
0.457259
0.946871
0.946871
0.724917
0.724917
0.512278
0.512278
0.766782
0.766782
0.789622
0.789622
0.441626
0.441626
0.740861
0.740861
0.644161
0.644161
0.232815
0.232815
0.807751
0.807751
0.792555
0.792555
0.461766
0.461766
0.818616
0.818616
0.686318
0.686318
0.077793
0.077793
0.909414
0.909414
0.525315
0.525315
0.583583
0.583583
0.125708
0.125708
0.004367
0.004367
0.434774
0.434774
0.612884
0.612884
0.010855
0.010855
0.869159
0.869159
0.228979
0.228979
0.406044
0.406044
0.276320
0.276320
0.872611
0.872611
0.350862
0.350862
0.657284
0.657284
0.494916
0.494916
0.377452
0.377452
0.395119
0.395119
0.576769
0.576769
0.804104
0.804104
0.207969
0.207969
0.591354
0.591354
0.503500
0.503500
0.780602
0.780602
0.790077
0.790077
0.658748
0.658748
0.564430
0.564430
0.350387
0.350387
0.605470
0.605470
0.690811
0.690811
0.284871
0.284871
0.755630
0.755630
0.459241
0.459241
