0.561956
0.064838
0.752686
0.292028
0.098378
0.485920
0.956790
0.219234
0.220816
0.495560
0.577670
0.113297
0.898890
0.119299
0.896435
0.213973
0.490780
0.563380
0.391323
0.272753
0.658988
0.561956
0.064838
0.205647
0.618423
0.485920
0.892645
0.519366
0.674097
0.495560
0.456710
0.399187
0.277198
0.898890
0.061200
0.613704
0.490780
0.461499
0.658988
0.954672
0.618423
0.860366
0.719576
0.812820
0.519366
0.364800
0.399187
0.318063
0.013018
0.613704
0.676944
0.639048
0.954672
0.306564
0.740250
0.524611
0.719576
0.954125
0.348812
0.318063
0.170393
0.698351
0.676944
0.524257
0.740250
0.701056
0.829570
0.348812
0.092429
0.538621
0.698351
0.978024
0.701056
0.380657
0.295161
0.092429
0.062437
0.905152
0.380657
0.787608
0.637584
0.062437
0.041807
0.524447
0.637584
0.796839
0.524447
0.699672
0.519518
0.699672
0.532786
0.288881
0.532786
0.356452
0.356452
0.151578
0.892003
0.892003
0.149568
0.879471
0.879471
0.643973
0.003774
0.003774
0.040497
0.040497
0.181751
0.181751
0.779284
0.779284
0.325717
0.325717
0.425977
0.425977
0.216675
0.216675
0.008327
0.008327
0.611482
0.611482
0.042622
0.042622
0.179610
0.179610
0.946541
0.946541
0.455720
0.455720
0.971253
0.971253
0.350064
0.350064
0.643489
0.643489
0.877189
0.877189
0.630328
0.630328
0.892317
0.892317
0.102060
0.102060
0.795642
0.795642
0.955173
0.955173
0.424350
0.424350
0.538005
0.538005
0.980701
0.980701
0.461716
0.461716
0.560886
0.560886
0.292028
0.292028
0.956790
0.956790
0.220816
0.220816
0.113297
0.113297
0.896435
0.896435
0.563380
0.563380
0.272753
0.272753
0.205647
0.205647
0.892645
0.892645
0.674097
0.674097
0.456710
0.456710
0.277198
0.277198
0.061200
0.061200
0.461499
0.461499
0.860366
0.860366
0.812820
0.812820
0.364800
0.364800
0.013018
0.013018
0.639048
0.639048
0.306564
0.306564
0.524611
0.524611
0.954125
0.954125
0.170393
0.170393
0.524257
0.524257
0.829570
0.829570
0.538621
0.538621
0.978024
0.978024
0.295161
0.295161
0.905152
0.905152
0.787608
0.787608
0.041807
0.041807
0.796839
0.796839
0.519518
0.519518
0.288881
0.288881
0.151578
0.151578
0.149568
0.149568
0.643973
0.643973
