0.416116
0.587645
0.719673
0.630205
0.585440
0.290161
0.369783
0.077261
0.180606
0.661767
0.688780
0.437649
0.561697
0.929789
0.221138
0.370314
0.589200
0.298325
0.282127
0.011021
0.861156
0.416116
0.376616
0.302898
0.585440
0.098520
0.663801
0.393440
0.180606
0.167435
0.194059
0.766094
0.561697
0.222825
0.365581
0.370314
0.937133
0.011021
0.294774
0.302898
0.914913
0.751970
0.306969
0.663801
0.875735
0.194059
0.776387
0.282771
0.365581
0.539207
0.005912
0.294774
0.269462
0.711354
0.023315
0.751970
0.048842
0.259935
0.776387
0.415364
0.958143
0.539207
0.691195
0.711354
0.008099
0.694229
0.259935
0.301845
0.018346
0.958143
0.205424
0.008099
0.244914
0.301845
0.002861
0.747147
0.906303
0.244914
0.590692
0.719495
0.747147
0.478581
0.931132
0.719495
0.032573
0.931132
0.455129
0.796746
0.455129
0.652731
0.559208
0.652731
0.400999
0.400999
0.290643
0.006724
0.006724
0.092483
0.590259
0.590259
0.526630
0.904667
0.904667
0.142098
0.142098
0.714888
0.714888
0.775546
0.775546
0.438872
0.438872
0.982367
0.982367
0.839831
0.839831
0.083412
0.083412
0.052102
0.052102
0.102578
0.102578
0.079381
0.079381
0.552476
0.552476
0.195916
0.195916
0.628049
0.628049
0.189274
0.189274
0.253589
0.253589
0.139918
0.139918
0.613147
0.613147
0.613430
0.613430
0.666476
0.666476
0.828314
0.828314
0.108868
0.108868
0.685137
0.685137
0.837251
0.837251
0.543607
0.543607
0.008166
0.008166
0.871732
0.871732
0.587645
0.587645
0.290161
0.290161
0.077261
0.077261
0.688780
0.688780
0.929789
0.929789
0.589200
0.589200
0.282127
0.282127
0.376616
0.376616
0.098520
0.098520
0.393440
0.393440
0.167435
0.167435
0.766094
0.766094
0.222825
0.222825
0.937133
0.937133
0.914913
0.914913
0.306969
0.306969
0.875735
0.875735
0.282771
0.282771
0.005912
0.005912
0.269462
0.269462
0.023315
0.023315
0.048842
0.048842
0.415364
0.415364
0.691195
0.691195
0.694229
0.694229
0.018346
0.018346
0.205424
0.205424
0.002861
0.002861
0.906303
0.906303
0.590692
0.590692
0.478581
0.478581
0.032573
0.032573
0.796746
0.796746
0.559208
0.559208
0.290643
0.290643
0.092483
0.092483
0.526630
0.526630
