0.481178
0.730642
0.035371
0.503904
0.039995
0.445642
0.824699
0.415541
0.688424
0.324705
0.782930
0.450889
0.031973
0.164616
0.727561
0.981915
0.889436
0.027835
0.280523
0.168462
0.580094
0.481178
0.958616
0.324242
0.571079
0.445642
0.336477
0.378307
0.688424
0.050613
0.684836
0.861393
0.031973
0.653803
0.889436
0.785053
0.580094
0.295181
0.260538
0.324242
0.335642
0.171998
0.422677
0.378307
0.104822
0.684836
0.924903
0.478210
0.785053
0.833483
0.326160
0.260538
0.736755
0.761129
0.390412
0.422677
0.598877
0.437117
0.924903
0.296388
0.326160
0.427296
0.317781
0.761129
0.537149
0.513587
0.437117
0.344667
0.996468
0.427296
0.147298
0.537149
0.018550
0.582837
0.996468
0.351160
0.705302
0.018550
0.547689
0.395919
0.705302
0.335838
0.609557
0.395919
0.487224
0.609557
0.797462
0.932101
0.797462
0.170891
0.170891
0.349626
0.102222
0.102222
0.641915
0.939067
0.939067
0.945710
0.799354
0.799354
0.299236
0.216858
0.216858
0.946096
0.946096
0.729976
0.729976
0.491260
0.491260
0.226654
0.226654
0.774681
0.774681
0.592393
0.592393
0.772702
0.772702
0.117015
0.117015
0.896288
0.896288
0.477828
0.477828
0.601843
0.601843
0.635129
0.635129
0.756412
0.756412
0.834871
0.834871
0.690112
0.690112
0.763873
0.763873
0.625058
0.625058
0.641174
0.641174
0.981654
0.981654
0.580384
0.580384
0.444656
0.444656
0.502881
0.502881
0.167121
0.167121
0.385669
0.385669
0.666840
0.666840
0.951980
0.951980
0.730642
0.730642
0.039995
0.039995
0.415541
0.415541
0.782930
0.782930
0.164616
0.164616
0.981915
0.981915
0.280523
0.280523
0.958616
0.958616
0.571079
0.571079
0.336477
0.336477
0.050613
0.050613
0.861393
0.861393
0.653803
0.653803
0.295181
0.295181
0.335642
0.335642
0.171998
0.171998
0.104822
0.104822
0.478210
0.478210
0.833483
0.833483
0.736755
0.736755
0.390412
0.390412
0.598877
0.598877
0.296388
0.296388
0.317781
0.317781
0.513587
0.513587
0.344667
0.344667
0.147298
0.147298
0.582837
0.582837
0.351160
0.351160
0.547689
0.547689
0.335838
0.335838
0.487224
0.487224
0.932101
0.932101
0.349626
0.349626
0.641915
0.641915
0.945710
0.945710
0.299236
0.299236
