0.339824
0.625844
0.495980
0.438725
0.294330
0.862451
0.042082
0.901300
0.214505
0.446353
0.348975
0.258355
0.539963
0.200144
0.354763
0.033663
0.764024
0.925299
0.072302
0.324252
0.708920
0.339824
0.625844
0.296937
0.108034
0.824758
0.294330
0.609466
0.999792
0.446353
0.655785
0.245589
0.539963
0.313848
0.922258
0.218028
0.764024
0.244168
0.708920
0.439614
0.108034
0.290472
0.319037
0.609466
0.257798
0.028276
0.245589
0.334700
0.080812
0.218028
0.517345
0.526868
0.439614
0.928510
0.482242
0.347647
0.319037
0.945194
0.338336
0.334700
0.444909
0.144020
0.517345
0.692961
0.482242
0.091787
0.321843
0.945194
0.875356
0.339570
0.144020
0.436554
0.301681
0.091787
0.877377
0.875356
0.774971
0.480916
0.301681
0.508391
0.450968
0.774971
0.776376
0.374768
0.450968
0.755581
0.374768
0.531607
0.584944
0.531607
0.969030
0.930133
0.969030
0.882615
0.882615
0.210913
0.633348
0.633348
0.238503
0.480396
0.480396
0.625191
0.631862
0.631862
0.527085
0.527085
0.331109
0.331109
0.881450
0.881450
0.992322
0.992322
0.803973
0.803973
0.885466
0.885466
0.881629
0.881629
0.800912
0.800912
0.763488
0.763488
0.716819
0.716819
0.212731
0.212731
0.131502
0.131502
0.444832
0.444832
0.729184
0.729184
0.250924
0.250924
0.023642
0.023642
0.636074
0.636074
0.868322
0.868322
0.104999
0.104999
0.464455
0.464455
0.466823
0.466823
0.811824
0.811824
0.032160
0.032160
0.545723
0.545723
0.161247
0.161247
0.414938
0.414938
0.495980
0.495980
0.042082
0.042082
0.214505
0.214505
0.258355
0.258355
0.354763
0.354763
0.925299
0.925299
0.324252
0.324252
0.296937
0.296937
0.824758
0.824758
0.999792
0.999792
0.655785
0.655785
0.313848
0.313848
0.922258
0.922258
0.244168
0.244168
0.290472
0.290472
0.257798
0.257798
0.028276
0.028276
0.080812
0.080812
0.526868
0.526868
0.928510
0.928510
0.347647
0.347647
0.338336
0.338336
0.444909
0.444909
0.692961
0.692961
0.321843
0.321843
0.339570
0.339570
0.436554
0.436554
0.877377
0.877377
0.480916
0.480916
0.508391
0.508391
0.776376
0.776376
0.755581
0.755581
0.584944
0.584944
0.930133
0.930133
0.210913
0.210913
0.238503
0.238503
0.625191
0.625191
