0.989235
0.732127
0.263337
0.957063
0.424980
0.246863
0.946168
0.920618
0.525636
0.741332
0.624698
0.474047
0.312100
0.857270
0.749857
0.006223
0.119079
0.065457
0.946035
0.562744
0.641985
0.885608
0.475644
0.357770
0.491296
0.911150
0.438501
0.978265
0.021937
0.857247
0.794463
0.012984
0.134792
0.891321
0.594029
0.159078
0.690691
0.955252
0.392915
0.695632
0.000150
0.300745
0.497184
0.121921
0.099678
0.946968
0.347458
0.675190
0.188813
0.950595
0.173598
0.068121
0.343713
0.725671
0.372765
0.598898
0.163377
0.103065
0.781360
0.376813
0.982363
0.635699
0.318436
0.698539
0.334278
0.954554
0.509020
0.463872
0.776831
0.238223
0.816887
0.965587
0.473548
0.066470
0.232549
0.361716
0.191045
0.818789
0.942770
0.839079
0.306551
0.781383
0.376689
0.891244
0.689545
0.541608
0.880757
0.198150
0.405676
0.200430
0.700110
0.743784
0.112896
0.674524
0.986066
0.228273
0.643705
0.109677
0.508167
0.409212
