0.547008
0.491062
0.243734
0.542927
0.359758
0.430713
0.001579
0.812625
0.866260
0.456436
0.312479
0.445959
0.679831
0.397031
0.293070
0.544013
0.799629
0.785327
0.061178
0.016486
0.260478
0.152188
0.308300
0.866909
0.568683
0.086109
0.959863
0.729314
0.633559
0.415382
0.710576
0.008494
0.912831
0.455682
0.551777
0.523966
0.543697
0.944354
0.349401
0.478077
0.135348
0.969254
0.531622
0.233599
0.500215
0.009507
0.533519
0.173522
0.502593
0.134539
0.227655
0.386645
0.686404
0.504436
0.814684
0.999487
0.870934
0.968153
0.542279
0.410203
0.776637
0.929334
0.195334
0.205554
0.928968
0.435900
0.918388
0.015066
0.373019
0.002933
0.881123
0.343096
0.419771
0.773204
0.298742
0.808201
0.487238
0.350254
0.476254
0.369557
0.343955
0.823984
0.788453
0.580735
0.813934
0.860925
0.682499
0.241709
0.661606
0.563043
0.618886
0.032130
0.632755
0.050011
0.103516
0.900360
0.275264
0.323757
0.337056
0.267630
