0.171121
0.815592
0.269761
0.924352
0.372929
0.974274
0.705908
0.679591
0.623510
0.392172
0.389801
0.147307
0.341588
0.080052
0.481362
0.453102
0.485110
0.352294
0.830658
0.924173
0.571229
0.604749
0.666537
0.457755
0.999714
0.479953
0.572549
0.176938
0.604225
0.245234
0.061532
0.741768
0.010163
0.738913
0.510376
0.149126
0.287709
0.107721
0.013121
0.932037
0.874811
0.504914
0.751557
0.696340
0.649347
0.930255
0.085039
0.841527
0.533341
0.881080
0.549225
0.272295
0.994208
0.692066
0.956968
0.767445
0.268423
0.182492
0.255883
0.371094
0.006964
0.336033
0.577665
0.549007
0.348896
0.891259
0.570371
0.680898
0.085232
0.187404
0.793556
0.968544
0.119052
0.372436
0.330802
0.758118
0.108072
0.079810
0.616736
0.182562
0.113916
0.883386
0.682135
0.313574
0.821243
0.015279
0.320524
0.823872
0.100315
0.940487
0.446471
0.483665
0.405180
0.622192
0.860793
0.480521
0.881084
0.832506
0.213131
0.941210
