0.111325
0.400055
0.789641
0.564292
0.283638
0.042654
0.859392
0.364255
0.748081
0.783396
0.743918
0.474624
0.774408
0.138017
0.179151
0.925863
0.705325
0.078943
0.538411
0.977937
0.674361
0.383273
0.020609
0.940386
0.515995
0.587686
0.096333
0.275950
0.545478
0.080743
0.746294
0.031152
0.041448
0.104926
0.937915
0.246335
0.762580
0.105834
0.098429
0.611396
0.235583
0.439124
0.511723
0.454346
0.535312
0.883833
0.396603
0.892787
0.843725
0.828693
0.669969
0.789069
0.625072
0.082991
0.950951
0.432969
0.259391
0.772881
0.888776
0.544529
0.771596
0.748054
0.269616
0.447145
0.005304
0.300440
0.783032
0.263144
0.017342
0.010415
0.285744
0.828923
0.121431
0.473978
0.930412
0.521177
0.124562
0.480674
0.301291
0.633854
0.721728
0.144439
0.576290
0.041618
0.640937
0.388850
0.517099
0.704409
0.370037
0.391292
0.061262
0.598915
0.601594
0.747021
0.712889
0.592386
0.261506
0.932436
0.878308
0.082587
