0.838667
0.072302
0.847450
0.851045
0.041205
0.986468
0.163028
0.957098
0.739820
0.212926
0.508778
0.053459
0.515204
0.839833
0.042053
0.239887
0.901618
0.477692
0.454665
0.934714
0.268031
0.953052
0.846959
0.896345
0.811280
0.042181
0.377952
0.458548
0.125401
0.919875
0.708834
0.821800
0.802515
0.971668
0.717262
0.290899
0.233698
0.868276
0.087349
0.083495
0.085638
0.384864
0.339744
0.092891
0.736396
0.634095
0.530179
0.342221
0.166927
0.031881
0.628915
0.594391
0.215430
0.326214
0.678576
0.452742
0.959758
0.691135
0.370514
0.923269
0.439614
0.274321
0.952647
0.529634
0.056503
0.862903
0.401256
0.949299
0.767366
0.234788
0.335628
0.439204
0.305918
0.964741
0.756153
0.343148
0.845202
0.753731
0.022526
0.504175
0.646202
0.049415
0.854016
0.556926
0.660104
0.246603
0.651778
0.895236
0.233443
0.711889
0.631749
0.514515
0.035037
0.744972
0.134267
0.384552
0.595071
0.356671
0.893458
0.860197
