0.586085
0.617607
0.708494
0.074730
0.593318
0.199842
0.128718
0.194277
0.717881
0.749711
0.380169
0.698346
0.914666
0.292321
0.474430
0.988644
0.788422
0.328110
0.774551
0.356710
0.009384
0.631438
0.581438
0.229442
0.237944
0.200712
0.904010
0.855883
0.254085
0.922039
0.286523
0.025253
0.585078
0.488585
0.040972
0.509097
0.222029
0.999766
0.927600
0.916765
0.473966
0.349909
0.758522
0.917863
0.218591
0.532725
0.800459
0.224320
0.394634
0.750040
0.394932
0.733129
0.098845
0.101960
0.327536
0.304159
0.504637
0.481865
0.561649
0.373396
0.769394
0.797111
0.358754
0.944317
0.146401
0.462272
0.211987
0.096122
0.501654
0.326854
0.033877
0.398017
0.782232
0.166779
0.961027
0.833452
0.318160
0.129921
0.173541
0.351891
0.816475
0.449561
0.296565
0.083945
0.842986
0.424664
0.239100
0.410495
0.208964
0.450162
0.312995
0.928066
0.680899
0.402955
0.491403
0.591932
0.342887
0.509845
0.303587
0.165848
