0.716923
0.230920
0.543644
0.516912
0.715705
0.157510
0.682797
0.097406
0.198444
0.231866
0.134078
0.056747
0.830059
0.628725
0.928967
0.064586
0.702001
0.845158
0.397948
0.762460
0.168874
0.816963
0.919983
0.615336
0.838773
0.610563
0.861112
0.088231
0.941558
0.978213
0.006594
0.852337
0.094564
0.572465
0.148392
0.726078
0.614769
0.189957
0.942992
0.786485
0.688688
0.075619
0.688061
0.193305
0.496666
0.410789
0.964674
0.128762
0.474400
0.525044
0.405137
0.179990
0.592995
0.306706
0.618485
0.755467
0.326449
0.900334
0.702268
0.255699
0.396815
0.463876
0.336389
0.490457
0.903347
0.691939
0.031113
0.350070
0.612593
0.052748
0.389794
0.683192
0.720486
0.933108
0.891121
0.665082
0.949283
0.058688
0.415888
0.653524
0.618354
0.081174
0.441373
0.921352
0.876801
0.639212
0.521375
0.735591
0.484387
0.615919
0.326281
0.442718
0.476372
0.987889
0.368860
0.826699
0.780520
0.073560
0.264216
0.031842
