0.093597
0.055265
0.995284
0.592097
0.494263
0.128971
0.721629
0.199150
0.805812
0.704964
0.445600
0.700030
0.987748
0.778150
0.399804
0.611869
0.912908
0.314697
0.995594
0.862652
0.050884
0.070305
0.179789
0.632201
0.537966
0.987290
0.239261
0.081835
0.701093
0.875535
0.060010
0.040246
0.299857
0.858969
0.860943
0.493625
0.478575
0.763768
0.617803
0.928945
0.561078
0.730184
0.121341
0.582884
0.832619
0.255890
0.933182
0.436851
0.661587
0.133283
0.247540
0.969724
0.803168
0.463622
0.673833
0.293315
0.638338
0.981002
0.727816
0.232128
0.248576
0.431680
0.615597
0.971619
0.731252
0.398564
0.309200
0.298552
0.683687
0.175857
0.878055
0.275952
0.030177
0.565037
0.242813
0.011011
0.277530
0.266044
0.226713
0.278262
0.404085
0.055292
0.187111
0.598896
0.182721
0.098706
0.229250
0.330479
0.545428
0.031480
0.186061
0.427220
0.293858
0.996439
0.213990
0.824107
0.534798
0.800567
0.096221
0.056273
