0.603324
0.309120
0.664070
0.888037
0.094212
0.783893
0.153374
0.543014
0.598047
0.468357
0.629015
0.799394
0.583481
0.692588
0.040363
0.261051
0.211944
0.520118
0.645303
0.974810
0.403626
0.370220
0.181904
0.849402
0.451021
0.463487
0.108928
0.325166
0.520152
0.074989
0.125777
0.890081
0.453646
0.559332
0.911188
0.520379
0.566526
0.635415
0.887612
0.307779
0.216431
0.063940
0.763631
0.445166
0.506446
0.799928
0.315289
0.478304
0.411469
0.912611
0.286708
0.410723
0.972407
0.908669
0.438468
0.536497
0.369525
0.354867
0.096115
0.885451
0.593984
0.985133
0.732537
0.825262
0.767274
0.998332
0.407953
0.768362
0.088333
0.191740
0.194548
0.889892
0.722389
0.603414
0.576295
0.890769
0.794053
0.084363
0.488002
0.778292
0.635886
0.140229
0.701598
0.669576
0.457378
0.860786
0.412831
0.760446
0.747043
0.469576
0.928970
0.974237
0.875988
0.985504
0.142071
0.289742
0.346267
0.209147
0.510226
0.896644
