0.447977
0.809064
0.726316
0.675785
0.154707
0.359043
0.516024
0.495929
0.482042
0.938868
0.217745
0.491503
0.843330
0.182015
0.792805
0.281946
0.690238
0.208014
0.755342
0.294918
0.207187
0.117699
0.722748
0.802450
0.915852
0.961097
0.823447
0.767597
0.448024
0.284106
0.664697
0.941757
0.392201
0.193069
0.457891
0.595051
0.782866
0.741346
0.635720
0.187571
0.131909
0.173938
0.855522
0.879695
0.196097
0.459586
0.217984
0.933841
0.912398
0.295413
0.853753
0.575817
0.234907
0.970607
0.875162
0.109300
0.223126
0.306563
0.332561
0.754883
0.190128
0.747345
0.577119
0.419483
0.707759
0.702810
0.509108
0.502865
0.863033
0.500819
0.704570
0.129293
0.942625
0.797617
0.520636
0.941698
0.171877
0.901122
0.033761
0.148540
0.749379
0.052716
0.517948
0.099602
0.469106
0.150915
0.048637
0.917884
0.469300
0.974072
0.637234
0.253572
0.589351
0.437086
0.591538
0.452868
0.002925
0.922832
0.410282
0.227542
