0.929014
0.327261
0.784015
0.996038
0.710925
0.053812
0.306452
0.985981
0.779951
0.556188
0.303022
0.095034
0.000298
0.398900
0.622321
0.135709
0.570768
0.404192
0.245060
0.831015
0.542448
0.203051
0.105301
0.190622
0.701285
0.029072
0.925862
0.938488
0.177786
0.364992
0.944860
0.510818
0.075647
0.575182
0.996996
0.441613
0.209395
0.318723
0.374848
0.235936
0.354654
0.762456
0.606235
0.879378
0.873716
0.074813
0.154548
0.267662
0.872679
0.322445
0.371530
0.875364
0.001356
0.740985
0.191691
0.461360
0.221093
0.332984
0.567065
0.136792
0.540128
0.947214
0.585483
0.533739
0.120576
0.829665
0.320450
0.141394
0.717073
0.502182
0.553837
0.832722
0.033750
0.826983
0.192961
0.046568
0.817540
0.966863
0.561137
0.946791
0.424025
0.338221
0.032952
0.656896
0.686037
0.615475
0.169661
0.092009
0.019174
0.884926
0.232656
0.102403
0.152142
0.424516
0.164150
0.270937
0.020886
0.090366
0.537175
0.565150
