0.568996
0.195729
0.014695
0.310042
0.824696
0.897302
0.039400
0.471189
0.060284
0.302376
0.786720
0.311520
0.342075
0.944927
0.587257
0.588639
0.950612
0.251703
0.167247
0.821060
0.775431
0.977294
0.949037
0.145307
0.631574
0.710400
0.880463
0.516743
0.239542
0.095385
0.957901
0.933910
0.157313
0.526073
0.689752
0.750427
0.190290
0.102410
0.165573
0.019665
0.253457
0.452533
0.127730
0.319871
0.891369
0.283872
0.021118
0.166195
0.361081
0.233745
0.793075
0.399516
0.751677
0.645584
0.753659
0.136513
0.374953
0.226853
0.642112
0.430559
0.753835
0.718561
0.519309
0.519789
0.621048
0.748802
0.121942
0.717822
0.089349
0.080745
0.698460
0.998642
0.589112
0.080498
0.809046
0.348611
0.198829
0.435063
0.862693
0.061419
0.764328
0.076446
0.619747
0.806295
0.711208
0.013417
0.967006
0.989423
0.531595
0.066158
0.053287
0.709839
0.577457
0.611063
0.314380
0.918275
0.060944
0.970798
0.233286
0.762596
