0.794770
0.209930
0.098850
0.033983
0.360292
0.479016
0.145276
0.736604
0.545858
0.680737
0.028084
0.839574
0.040589
0.685167
0.158893
0.995470
0.729310
0.038620
0.969527
0.044459
0.205323
0.792378
0.290960
0.993187
0.089720
0.238987
0.308580
0.209376
0.863652
0.215815
0.402290
0.386629
0.113350
0.518437
0.322848
0.680909
0.727905
0.377911
0.083827
0.976853
0.128121
0.863072
0.334821
0.030706
0.895150
0.039269
0.048626
0.096040
0.555889
0.421289
0.354835
0.695297
0.480110
0.854402
0.227323
0.465229
0.512948
0.725416
0.771320
0.467445
0.476905
0.906062
0.618270
0.971493
0.504010
0.384930
0.586791
0.430657
0.371116
0.035876
0.287779
0.397656
0.220497
0.072703
0.492541
0.119687
0.435636
0.955059
0.293750
0.823350
0.821353
0.861800
0.588680
0.358335
0.696535
0.956276
0.213152
0.188617
0.202696
0.226430
0.371891
0.014870
0.060250
0.196216
0.204533
0.350764
0.238611
0.280692
0.829897
0.111031
