0.245772
0.563098
0.203037
0.933973
0.744425
0.363910
0.799555
0.392534
0.944147
0.888308
0.754687
0.764869
0.713888
0.566967
0.022604
0.865446
0.956085
0.863410
0.719530
0.165839
0.088400
0.105910
0.637234
0.478838
0.483892
0.441605
0.456470
0.346413
0.214433
0.015147
0.189077
0.245583
0.612645
0.387280
0.839593
0.448754
0.601847
0.947994
0.194802
0.519134
0.567130
0.321241
0.554156
0.090519
0.313817
0.163251
0.437695
0.461756
0.765210
0.068642
0.110197
0.149458
0.748579
0.862904
0.592448
0.745342
0.641887
0.773511
0.310796
0.627409
0.981542
0.463410
0.226402
0.505601
0.253806
0.099396
0.647548
0.321000
0.229091
0.643291
0.102775
0.712077
0.484727
0.443629
0.748202
0.997668
0.985907
0.372596
0.980819
0.375700
0.769815
0.754097
0.531525
0.546698
0.475176
0.720790
0.473909
0.122833
0.116591
0.670970
0.391108
0.112600
0.102629
0.701784
0.333437
0.082748
0.940664
0.154133
0.079430
0.751257
