0.732655
0.770545
0.211464
0.028593
0.605894
0.411139
0.924623
0.688435
0.720043
0.983333
0.470108
0.766172
0.874695
0.416083
0.536082
0.844942
0.046085
0.263108
0.375350
0.723926
0.510340
0.439147
0.354938
0.273900
0.648467
0.385833
0.671598
0.864323
0.546974
0.956873
0.319396
0.002786
0.143682
0.058030
0.151931
0.049433
0.973003
0.224429
0.270017
0.428294
0.534070
0.343595
0.804443
0.057083
0.469024
0.725214
0.515340
0.216145
0.231881
0.187504
0.060978
0.110537
0.282841
0.279687
0.890284
0.740938
0.309819
0.136140
0.730803
0.832639
0.909719
0.266516
0.283857
0.319524
0.614093
0.724534
0.362974
0.296523
0.133953
0.949398
0.178468
0.424238
0.906982
0.565316
0.116339
0.039845
0.807427
0.760900
0.379349
0.481691
0.087493
0.734294
0.774424
0.426004
0.593326
0.453921
0.650488
0.860896
0.673741
0.026257
0.849276
0.889481
0.691425
0.183488
0.604682
0.921280
0.338941
0.061317
0.144697
0.906519
