0.932341
0.925124
0.420292
0.965373
0.710024
0.968404
0.864307
0.690688
0.411610
0.721697
0.166778
0.782584
0.837795
0.043438
0.416471
0.109709
0.840828
0.558389
0.661287
0.415767
0.173342
0.728431
0.890790
0.625636
0.495146
0.520600
0.852398
0.931898
0.563905
0.450505
0.302386
0.683550
0.014147
0.773224
0.185054
0.960118
0.767905
0.106397
0.318453
0.594521
0.879070
0.316713
0.058232
0.598341
0.097301
0.716917
0.419814
0.109894
0.800370
0.736966
0.161895
0.661404
0.238140
0.256353
0.765160
0.717276
0.540443
0.334510
0.650988
0.288299
0.194028
0.356699
0.709522
0.946371
0.378671
0.188847
0.162065
0.700091
0.261803
0.498616
0.884854
0.614214
0.180112
0.180492
0.365251
0.929128
0.157922
0.784542
0.320697
0.051720
0.191019
0.248152
0.944863
0.114607
0.492051
0.749547
0.440684
0.517932
0.497883
0.659719
0.042830
0.978726
0.284476
0.856256
0.663701
0.543714
0.787985
0.034103
0.446244
0.240797
