0.575348
0.383848
0.096677
0.222279
0.293809
0.603365
0.472769
0.505627
0.514705
0.748903
0.127450
0.757777
0.560597
0.541540
0.491632
0.742202
0.842280
0.464745
0.148103
0.311831
0.811907
0.608682
0.734349
0.315854
0.800131
0.673595
0.910996
0.808179
0.932795
0.152193
0.552238
0.560237
0.742785
0.926170
0.145607
0.278804
0.672063
0.336695
0.396630
0.090011
0.045154
0.740798
0.294321
0.885969
0.140818
0.651422
0.528434
0.857337
0.038270
0.030327
0.801937
0.670301
0.057177
0.147734
0.138286
0.965333
0.006660
0.854470
0.606536
0.131544
0.146443
0.711821
0.525909
0.880777
0.587921
0.984023
0.583733
0.500724
0.652085
0.982075
0.834952
0.223530
0.072802
0.069955
0.501305
0.348499
0.659613
0.586061
0.324488
0.855701
0.891362
0.989926
0.487684
0.712002
0.052620
0.577187
0.285856
0.070458
0.033869
0.777094
0.999483
0.738096
0.293786
0.339574
0.518556
0.973173
0.400663
0.147566
0.226603
0.380551
