0.645900
0.662299
0.685940
0.437835
0.833533
0.536146
0.964819
0.176663
0.913063
0.567010
0.965064
0.360855
0.899650
0.872448
0.429784
0.522534
0.015467
0.574763
0.347891
0.995214
0.001640
0.690737
0.871414
0.273454
0.232609
0.419286
0.756694
0.113982
0.445530
0.379830
0.955132
0.674965
0.313672
0.278792
0.619265
0.653177
0.503984
0.371720
0.616515
0.508666
0.072310
0.858670
0.434878
0.535537
0.108330
0.483131
0.956452
0.845853
0.763373
0.505847
0.143002
0.367289
0.816635
0.688869
0.474203
0.369093
0.347428
0.438898
0.630520
0.765838
0.123376
0.118489
0.202038
0.626163
0.881514
0.634848
0.982347
0.469871
0.678757
0.037174
0.741535
0.160455
0.663415
0.643668
0.754090
0.811444
0.625041
0.219607
0.994375
0.185979
0.459728
0.667597
0.459168
0.739695
0.950720
0.558970
0.602020
0.360244
0.039302
0.855878
0.926266
0.410865
0.403791
0.136188
0.754903
0.018444
0.187547
0.246856
0.243998
0.356505
