0.345483
0.248795
0.580791
0.013531
0.051264
0.911903
0.075814
0.641277
0.761839
0.608689
0.844650
0.410113
0.931207
0.477782
0.370738
0.633573
0.668950
0.202243
0.609251
0.841628
0.248347
0.073582
0.381298
0.340604
0.908418
0.441451
0.865854
0.903826
0.049504
0.949128
0.226883
0.969947
0.621757
0.353512
0.431511
0.044397
0.104427
0.393353
0.267556
0.307445
0.787929
0.043866
0.157875
0.818058
0.420775
0.608525
0.756250
0.651604
0.103419
0.017084
0.632541
0.657194
0.537562
0.342703
0.768693
0.384060
0.642541
0.104186
0.623647
0.609427
0.690706
0.342112
0.800025
0.097526
0.066668
0.428666
0.611981
0.898389
0.615879
0.021692
0.726288
0.703884
0.275666
0.656971
0.480272
0.422291
0.894407
0.405059
0.999725
0.350515
0.380914
0.875139
0.385819
0.369911
0.023373
0.974347
0.928803
0.613511
0.883458
0.228495
0.343273
0.561881
0.561835
0.210726
0.300357
0.843219
0.611856
0.345483
0.647653
0.470660
