0.407175
0.364044
0.323069
0.000284
0.421616
0.668826
0.119566
0.738122
0.334512
0.268169
0.305977
0.249498
0.848371
0.546397
0.684394
0.134842
0.553936
0.843919
0.552905
0.857478
0.221634
0.182754
0.226062
0.706618
0.846746
0.917889
0.844930
0.695126
0.260753
0.255302
0.590555
0.614807
0.848086
0.470578
0.672477
0.239209
0.106504
0.480131
0.336364
0.120555
0.704557
0.301150
0.060346
0.161198
0.393574
0.278965
0.473993
0.936428
0.169423
0.004932
0.055734
0.846070
0.938520
0.175568
0.600466
0.429106
0.041860
0.243873
0.000228
0.378870
0.320825
0.475448
0.228061
0.001420
0.846304
0.441440
0.480878
0.946925
0.181646
0.186496
0.837866
0.349755
0.154458
0.843034
0.509228
0.634071
0.963302
0.178378
0.635964
0.436867
0.821838
0.994020
0.329876
0.830869
0.642088
0.876530
0.492892
0.256462
0.783655
0.919153
0.221388
0.711789
0.838582
0.695357
0.370666
0.825744
0.509505
0.256851
0.590824
0.884182
