0.840709
0.863474
0.143756
0.516451
0.114119
0.417982
0.214506
0.031129
0.624025
0.433321
0.673452
0.565416
0.276635
0.807416
0.377647
0.963635
0.206768
0.609140
0.472766
0.379557
0.862327
0.193087
0.333303
0.527727
0.685882
0.765778
0.533518
0.369239
0.688464
0.363721
0.857083
0.820117
0.040928
0.645159
0.544314
0.302171
0.185200
0.438822
0.958243
0.584185
0.969657
0.617067
0.777098
0.602154
0.776656
0.459193
0.629672
0.337164
0.406018
0.707718
0.002743
0.531894
0.372694
0.965724
0.788569
0.461829
0.423100
0.659475
0.264794
0.893558
0.073560
0.402476
0.418861
0.036084
0.231327
0.741052
0.789635
0.394506
0.209791
0.062085
0.290020
0.572363
0.858798
0.012361
0.014138
0.736032
0.122391
0.432344
0.718692
0.853892
0.175124
0.547818
0.003770
0.155511
0.483532
0.749488
0.185464
0.666623
0.074104
0.434714
0.260329
0.815093
0.611021
0.611045
0.560275
0.814505
0.072545
0.079775
0.690233
0.484377
