0.800774
0.399009
0.612200
0.251810
0.258081
0.087274
0.824381
0.105820
0.432316
0.254203
0.375568
0.760233
0.256816
0.603169
0.135967
0.992215
0.973244
0.158767
0.993607
0.886784
0.507871
0.055065
0.036433
0.986224
0.887827
0.007833
0.812692
0.109719
0.417699
0.479947
0.285558
0.749004
0.884394
0.368031
0.989529
0.637018
0.892574
0.072591
0.195181
0.433693
0.628740
0.592546
0.222915
0.258850
0.365271
0.017525
0.639250
0.116965
0.923881
0.486444
0.325132
0.269538
0.608434
0.338118
0.150684
0.365022
0.622687
0.649967
0.578258
0.005213
0.327737
0.904302
0.249003
0.684856
0.384759
0.733765
0.114738
0.716549
0.618622
0.099906
0.823762
0.177575
0.973310
0.384585
0.389488
0.357227
0.120307
0.634985
0.807426
0.639324
0.349735
0.602530
0.577837
0.979232
0.315940
0.311460
0.373495
0.613180
0.672111
0.427592
0.333450
0.055501
0.810340
0.193413
0.249554
0.122427
0.409695
0.153250
0.491808
0.581974
