0.414721
0.249326
0.039244
0.963084
0.432451
0.631865
0.104299
0.308815
0.268449
0.245619
0.570479
0.440447
0.231340
0.237488
0.033946
0.003319
0.660647
0.969728
0.625640
0.113285
0.982822
0.909676
0.730428
0.341353
0.482508
0.836826
0.034370
0.499947
0.470556
0.039112
0.565716
0.998331
0.107375
0.944591
0.588158
0.478763
0.461665
0.672908
0.488132
0.803768
0.763514
0.966243
0.413497
0.358220
0.723242
0.991402
0.331662
0.051490
0.474176
0.900679
0.638375
0.446763
0.770514
0.275477
0.720043
0.620389
0.430308
0.953376
0.445082
0.667003
0.627612
0.331767
0.561280
0.067348
0.755921
0.788924
0.983952
0.201319
0.722732
0.210229
0.044021
0.604743
0.123400
0.623849
0.985651
0.879394
0.523263
0.589754
0.010114
0.618983
0.921938
0.937846
0.311894
0.462689
0.973270
0.362757
0.060142
0.098208
0.303675
0.012727
0.313265
0.430791
0.206863
0.558245
0.445472
0.141980
0.229851
0.804668
0.633237
0.929146
