0.318109
0.375413
0.460274
0.473552
0.497581
0.277322
0.969401
0.639557
0.755657
0.335487
0.151314
0.247141
0.540586
0.444264
0.431399
0.359324
0.178192
0.552526
0.303360
0.602052
0.140367
0.324542
0.045113
0.732818
0.242600
0.615852
0.100629
0.589020
0.123234
0.501066
0.362194
0.294288
0.314488
0.628852
0.621026
0.655519
0.790532
0.050202
0.463303
0.298783
0.227576
0.275190
0.963681
0.254618
0.280419
0.114461
0.406873
0.698443
0.650359
0.774041
0.286948
0.172230
0.381156
0.747517
0.308433
0.285009
0.394800
0.795288
0.992658
0.069021
0.068874
0.330404
0.127551
0.416957
0.038102
0.962224
0.183556
0.867440
0.089210
0.009634
0.402263
0.702553
0.293498
0.121989
0.686122
0.151749
0.631434
0.976889
0.421860
0.750034
0.643332
0.990637
0.202822
0.682532
0.328905
0.873141
0.014050
0.631080
0.896043
0.286893
0.308185
0.644569
0.323191
0.385486
0.665872
0.827388
0.802021
0.930576
0.214792
0.446959
