0.866362
0.126777
0.732488
0.987146
0.075191
0.523502
0.797056
0.993960
0.990751
0.792899
0.789509
0.053202
0.266848
0.422273
0.997956
0.770546
0.983533
0.501705
0.333477
0.044850
0.677900
0.905124
0.158875
0.567246
0.377981
0.719724
0.556804
0.781716
0.421142
0.044196
0.009688
0.145831
0.118537
0.567591
0.815254
0.021839
0.979029
0.524119
0.879076
0.553248
0.819098
0.904760
0.603463
0.506970
0.809045
0.280436
0.162146
0.281500
0.988029
0.242747
0.703786
0.160771
0.616191
0.367914
0.182340
0.207232
0.679136
0.440115
0.932954
0.674426
0.814502
0.689746
0.097190
0.147782
0.191585
0.937133
0.751409
0.023009
0.764666
0.477078
0.577285
0.082035
0.276011
0.132361
0.497191
0.764655
0.871215
0.085585
0.649431
0.372279
0.755292
0.083045
0.999334
0.131586
0.504672
0.180099
0.452861
0.581201
0.139210
0.694517
0.554177
0.107501
0.578139
0.542498
0.998891
0.606932
0.068090
0.320506
0.204116
0.631321
