0.294322
0.006968
0.870093
0.487783
0.978462
0.758373
0.838704
0.851996
0.774647
0.522579
0.621019
0.528496
0.220614
0.640298
0.602639
0.849882
0.060980
0.336208
0.525860
0.614872
0.209829
0.778444
0.008576
0.451768
0.714223
0.978862
0.047202
0.843823
0.295114
0.434971
0.246577
0.954762
0.344253
0.092271
0.170844
0.660932
0.432091
0.458953
0.686840
0.896402
0.380574
0.129488
0.209010
0.695606
0.154635
0.602548
0.002226
0.527543
0.313978
0.161544
0.067760
0.373999
0.707480
0.926699
0.415163
0.210109
0.400926
0.288736
0.037695
0.443080
0.810447
0.436947
0.134362
0.019806
0.318757
0.297281
0.205313
0.897251
0.193769
0.447581
0.956397
0.286099
0.977916
0.425179
0.189066
0.547829
0.249983
0.235307
0.470952
0.851997
0.563637
0.974545
0.901055
0.531815
0.857291
0.477961
0.084477
0.120331
0.981398
0.661072
0.820549
0.987324
0.654378
0.703574
0.893069
0.053913
0.392081
0.964033
0.281703
0.879576
