0.786517
0.467392
0.037152
0.351909
0.670843
0.765733
0.153882
0.084339
0.917076
0.210325
0.144110
0.171526
0.381234
0.223417
0.090036
0.225226
0.566267
0.345181
0.008548
0.781622
0.611096
0.736758
0.774603
0.761200
0.480800
0.207551
0.423814
0.226502
0.300187
0.594082
0.542824
0.381540
0.488856
0.891883
0.149340
0.235763
0.417594
0.140747
0.987951
0.406405
0.966522
0.951900
0.683452
0.623682
0.696444
0.985391
0.686691
0.584431
0.949036
0.175979
0.377277
0.615454
0.865614
0.666700
0.840219
0.981827
0.503474
0.921260
0.576816
0.645616
0.500927
0.503695
0.618342
0.553558
0.126279
0.504688
0.441181
0.467441
0.021982
0.396047
0.423210
0.690509
0.218323
0.696327
0.507884
0.308141
0.663682
0.756634
0.202876
0.067830
0.054381
0.274516
0.465400
0.785808
0.606247
0.150862
0.626879
0.317283
0.639025
0.021612
0.093111
0.033402
0.410230
0.184917
0.814725
0.180029
0.066267
0.658291
0.041648
0.425386
