0.393999
0.094811
0.910358
0.387816
0.744656
0.922644
0.675275
0.659120
0.112198
0.045827
0.813304
0.984500
0.484427
0.752394
0.485283
0.377705
0.793701
0.301059
0.692055
0.764429
0.865661
0.025423
0.260976
0.999861
0.137910
0.440448
0.230119
0.165205
0.796040
0.220569
0.278097
0.471089
0.039040
0.904980
0.876165
0.246075
0.167076
0.052484
0.290093
0.972565
0.135982
0.785806
0.471540
0.188127
0.260933
0.589440
0.335984
0.427356
0.519879
0.862603
0.313412
0.879732
0.053021
0.921902
0.060216
0.091674
0.508529
0.547476
0.376532
0.768242
0.828340
0.080554
0.742586
0.990450
0.738434
0.264916
0.421300
0.014912
0.761955
0.735568
0.109710
0.666855
0.205939
0.095010
0.620313
0.876881
0.674980
0.001152
0.322424
0.189692
0.715674
0.477742
0.585272
0.614436
0.772087
0.330418
0.576838
0.286741
0.649060
0.104550
0.651848
0.268796
0.633672
0.156047
0.138495
0.022633
0.095531
0.956665
0.133639
0.997560
