0.367239
0.692105
0.710049
0.926194
0.986135
0.483668
0.392568
0.166084
0.847048
0.902354
0.204654
0.116361
0.490059
0.304524
0.209978
0.205961
0.980588
0.734652
0.869524
0.695017
0.181014
0.301804
0.159509
0.904034
0.897503
0.359091
0.564843
0.705523
0.808872
0.819565
0.388354
0.159635
0.374274
0.368073
0.553707
0.653657
0.360842
0.549988
0.289470
0.556421
0.491411
0.646745
0.849847
0.789101
0.423374
0.179655
0.113860
0.253668
0.113797
0.740600
0.017988
0.036135
0.230930
0.621963
0.347816
0.583209
0.308646
0.280091
0.348194
0.571018
0.502531
0.786572
0.878661
0.758734
0.330248
0.916307
0.658442
0.352917
0.598855
0.614368
0.478884
0.829036
0.589381
0.177079
0.590422
0.986412
0.811829
0.013497
0.450878
0.865384
0.877385
0.051246
0.798530
0.896483
0.666423
0.202586
0.406244
0.012586
0.426545
0.494711
0.330210
0.696126
0.586895
0.138805
0.497024
0.382841
0.114455
0.138275
0.833182
0.651832
