0.594709
0.373943
0.735508
0.336509
0.663316
0.404945
0.789846
0.167148
0.879580
0.347757
0.721636
0.112880
0.147203
0.390559
0.810942
0.759560
0.590073
0.520635
0.407698
0.179435
0.538256
0.918631
0.818608
0.239897
0.231175
0.074805
0.833209
0.378152
0.554608
0.725409
0.459810
0.176168
0.563244
0.514700
0.102431
0.888826
0.522604
0.769987
0.684165
0.351093
0.430076
0.953644
0.917612
0.871640
0.041513
0.885306
0.907874
0.049242
0.495433
0.890580
0.500977
0.852025
0.780788
0.332685
0.855002
0.121762
0.014165
0.063474
0.915107
0.631856
0.321247
0.201212
0.804433
0.523222
0.454734
0.749133
0.099078
0.549162
0.799758
0.152663
0.455151
0.890208
0.644971
0.938759
0.343374
0.521188
0.409563
0.264824
0.239758
0.579327
0.418281
0.842349
0.341988
0.408978
0.087131
0.584072
0.267224
0.820288
0.077424
0.904422
0.881750
0.184531
0.600897
0.490154
0.862621
0.280426
0.352727
0.108319
0.204039
0.722871
