0.648551
0.613902
0.809380
0.154711
0.000875
0.172111
0.305151
0.248129
0.461593
0.069578
0.520336
0.256465
0.246896
0.057144
0.954245
0.451061
0.081560
0.944028
0.510981
0.389546
0.542483
0.774573
0.956711
0.646570
0.925026
0.731775
0.891854
0.472271
0.655859
0.201014
0.136566
0.336431
0.854639
0.299887
0.950726
0.223125
0.894843
0.113798
0.139832
0.122565
0.340617
0.676216
0.676370
0.079804
0.966661
0.123156
0.199138
0.981507
0.393329
0.495621
0.924427
0.018979
0.354268
0.001059
0.486173
0.277224
0.198621
0.063334
0.629157
0.097803
0.856682
0.742950
0.376089
0.769591
0.639551
0.836075
0.391750
0.353429
0.773054
0.589878
0.242921
0.321747
0.903885
0.009508
0.780244
0.609530
0.298818
0.496778
0.244754
0.317438
0.536890
0.055579
0.709276
0.688269
0.764758
0.068269
0.641123
0.229254
0.377028
0.211922
0.290103
0.029843
0.464470
0.477773
0.372854
0.889762
0.314404
0.573812
0.642348
0.012983
