0.522112
0.444504
0.983905
0.794968
0.194382
0.969397
0.497532
0.737408
0.250136
0.539277
0.524692
0.964110
0.566202
0.689284
0.500472
0.152093
0.307111
0.954182
0.318806
0.336358
0.691622
0.316272
0.291562
0.525760
0.643665
0.842136
0.608263
0.786449
0.848806
0.498263
0.572139
0.614277
0.345088
0.158893
0.953798
0.980365
0.570056
0.370343
0.077381
0.174215
0.383301
0.525467
0.957639
0.355382
0.790967
0.040787
0.749095
0.988117
0.003196
0.884252
0.042305
0.308601
0.387368
0.941973
0.150938
0.970072
0.454102
0.351106
0.143080
0.062065
0.555449
0.507191
0.079321
0.526819
0.435513
0.521452
0.585288
0.463836
0.002413
0.280102
0.056842
0.254481
0.691153
0.028592
0.082609
0.968098
0.955752
0.145184
0.830794
0.525365
0.797072
0.085793
0.857797
0.170281
0.935069
0.230746
0.348724
0.997346
0.804817
0.737180
0.172463
0.782443
0.190803
0.471410
0.315240
0.028551
0.198201
0.859976
0.873840
0.114572
