0.684725
0.317657
0.845582
0.249941
0.125777
0.363259
0.405123
0.397637
0.152235
0.810928
0.857205
0.654705
0.516678
0.035592
0.937422
0.113702
0.880460
0.617474
0.690814
0.652449
0.315420
0.009969
0.756173
0.918402
0.151726
0.281796
0.961866
0.342149
0.046060
0.614284
0.310339
0.011335
0.991069
0.044372
0.246421
0.840001
0.598871
0.732353
0.124632
0.287321
0.724183
0.798748
0.224844
0.178347
0.210917
0.307435
0.938722
0.097628
0.858086
0.062969
0.043058
0.327543
0.007812
0.470995
0.384435
0.583693
0.516573
0.265215
0.640264
0.354369
0.825410
0.203298
0.604286
0.937414
0.896925
0.958281
0.782578
0.428848
0.938067
0.639767
0.347427
0.659137
0.662461
0.184039
0.299825
0.895684
0.574043
0.929134
0.156663
0.722752
0.256179
0.090603
0.341797
0.259421
0.967326
0.618198
0.878707
0.184585
0.475302
0.745791
0.819489
0.699262
0.892507
0.384423
0.402448
0.250250
0.561721
0.701402
0.460863
0.570381
