0.067705
0.672267
0.675790
0.313842
0.040964
0.580756
0.729426
0.098913
0.407537
0.898522
0.566847
0.428727
0.132025
0.242940
0.767420
0.294993
0.339516
0.123072
0.648087
0.311909
0.034734
0.827828
0.232538
0.391651
0.464879
0.047912
0.018711
0.692313
0.659411
0.646080
0.950250
0.386967
0.549735
0.129908
0.052193
0.917479
0.583688
0.015262
0.425655
0.365096
0.271816
0.962045
0.777648
0.317932
0.090780
0.574369
0.517398
0.705492
0.433053
0.592408
0.005214
0.479390
0.785287
0.027788
0.006293
0.280619
0.806989
0.763272
0.997513
0.826170
0.622859
0.182634
0.684801
0.582851
0.933014
0.659329
0.017634
0.463876
0.734954
0.298432
0.970745
0.153233
0.727513
0.843441
0.814893
0.975931
0.900480
0.375177
0.268927
0.911528
0.225590
0.670764
0.955015
0.349955
0.401700
0.732325
0.492761
0.686108
0.481658
0.559479
0.346675
0.221406
0.720566
0.805685
0.554521
0.666532
0.481355
0.946974
0.191608
0.892424
