0.440829
0.924582
0.717087
0.743484
0.774817
0.929890
0.037021
0.146470
0.431266
0.050804
0.666216
0.253619
0.624818
0.893862
0.141686
0.307919
0.329687
0.137666
0.916705
0.487178
0.248690
0.402882
0.851676
0.105360
0.597385
0.288108
0.815158
0.920569
0.610788
0.428282
0.513227
0.241331
0.727957
0.996404
0.166604
0.392475
0.308888
0.383204
0.358452
0.248240
0.040093
0.755617
0.510918
0.637940
0.752309
0.085937
0.674894
0.703701
0.280817
0.281646
0.807962
0.572932
0.284127
0.851511
0.259379
0.599400
0.496780
0.637723
0.540199
0.476769
0.373959
0.265514
0.014280
0.469860
0.095202
0.436486
0.308804
0.978294
0.057536
0.730128
0.878156
0.835541
0.842494
0.026895
0.511817
0.668109
0.820694
0.831630
0.861045
0.541524
0.744987
0.850117
0.484982
0.955175
0.738431
0.227500
0.840839
0.375021
0.848422
0.359527
0.703540
0.072121
0.829151
0.503364
0.188848
0.451533
0.926546
0.394369
0.442112
0.712741
