0.596172
0.356681
0.867111
0.378782
0.434766
0.659268
0.906426
0.270219
0.260308
0.579304
0.263696
0.962565
0.588513
0.013981
0.501243
0.897748
0.039158
0.321109
0.356309
0.302400
0.416460
0.445352
0.808075
0.661975
0.499294
0.390262
0.752043
0.039585
0.956493
0.013813
0.071152
0.049217
0.939235
0.656342
0.237469
0.157638
0.510461
0.876249
0.447716
0.463749
0.797843
0.573956
0.011349
0.486715
0.878963
0.233223
0.809714
0.832977
0.989971
0.554473
0.964091
0.146617
0.229024
0.165075
0.913156
0.003532
0.819786
0.610615
0.125314
0.689746
0.275759
0.469733
0.230434
0.376934
0.938526
0.436473
0.455810
0.927374
0.057683
0.105100
0.307383
0.812415
0.725633
0.177773
0.340330
0.583659
0.051466
0.933082
0.345740
0.232819
0.570465
0.163582
0.494381
0.079000
0.823221
0.476339
0.113397
0.490210
0.031599
0.905352
0.458456
0.161953
0.373401
0.527148
0.925745
0.082068
0.509517
0.942951
0.178920
0.675339
