0.142513
0.058154
0.726181
0.496866
0.920045
0.385616
0.722817
0.893913
0.547268
0.257534
0.647733
0.252948
0.624665
0.195412
0.153885
0.257473
0.357033
0.477709
0.588268
0.382207
0.097062
0.107470
0.520154
0.261759
0.950162
0.059743
0.091578
0.972604
0.058222
0.880124
0.734332
0.315517
0.120386
0.224662
0.746257
0.249357
0.675563
0.120238
0.903305
0.893996
0.790231
0.395792
0.103561
0.803209
0.068970
0.483025
0.891885
0.504520
0.546043
0.789884
0.460469
0.164437
0.012933
0.424369
0.087499
0.062431
0.851534
0.982052
0.564015
0.239716
0.994636
0.684227
0.095506
0.500808
0.053813
0.957990
0.439471
0.343177
0.524782
0.074034
0.570075
0.901363
0.331529
0.633585
0.879081
0.786428
0.833157
0.661639
0.111925
0.775368
0.557665
0.319417
0.945012
0.193920
0.661761
0.706438
0.444232
0.993318
0.448265
0.281050
0.804476
0.171399
0.526167
0.283710
0.348918
0.555956
0.314469
0.761709
0.243239
0.674226
