0.189131
0.078101
0.622854
0.318976
0.563496
0.191024
0.453664
0.311021
0.040692
0.633362
0.234756
0.824301
0.128456
0.334710
0.971671
0.453404
0.901175
0.612585
0.821208
0.125158
0.399774
0.674348
0.779665
0.937225
0.546257
0.111697
0.449434
0.147582
0.293695
0.380958
0.736556
0.528794
0.665808
0.601850
0.236674
0.495317
0.115500
0.398645
0.082811
0.158699
0.478042
0.271249
0.560316
0.417699
0.094194
0.834674
0.760569
0.131009
0.893328
0.724444
0.074775
0.307478
0.208671
0.516326
0.079509
0.634185
0.102339
0.869444
0.450413
0.741193
0.614173
0.258681
0.117501
0.237554
0.628279
0.696219
0.227921
0.653318
0.384485
0.348144
0.830300
0.835463
0.534413
0.698241
0.978421
0.356952
0.528506
0.844681
0.191672
0.301285
0.405748
0.777050
0.759312
0.093454
0.243020
0.987944
0.612394
0.900697
0.688059
0.908684
0.400126
0.253292
0.150523
0.653163
0.555132
0.814031
0.390284
0.840611
0.409556
0.984689
