0.679751
0.203654
0.056964
0.463914
0.725529
0.766763
0.608304
0.593697
0.772360
0.869622
0.199475
0.141327
0.300547
0.403272
0.045682
0.653746
0.465285
0.433044
0.256471
0.435902
0.862528
0.443779
0.086136
0.284766
0.523319
0.836780
0.852892
0.067086
0.402264
0.001422
0.209891
0.409397
0.463365
0.954675
0.307825
0.171383
0.029988
0.396091
0.743606
0.938466
0.723033
0.609883
0.726652
0.192987
0.582165
0.123614
0.359712
0.124630
0.870891
0.239554
0.373546
0.538397
0.654833
0.922728
0.405511
0.694565
0.706480
0.576658
0.828703
0.182082
0.295065
0.518381
0.061293
0.080856
0.552093
0.503251
0.872588
0.035117
0.359537
0.432068
0.699277
0.041510
0.320980
0.847922
0.282575
0.933588
0.873355
0.118489
0.037464
0.583801
0.852438
0.414558
0.765519
0.204784
0.601355
0.264318
0.658989
0.109371
0.489060
0.020112
0.197871
0.392492
0.223245
0.016394
0.277297
0.324732
0.011885
0.773094
0.471518
0.300670
