0.768076
0.657418
0.968141
0.564104
0.573740
0.872717
0.669465
0.207406
0.289852
0.221165
0.213565
0.055047
0.855166
0.408850
0.273091
0.104582
0.969412
0.020546
0.477158
0.855424
0.618477
0.549281
0.759864
0.537287
0.360979
0.776285
0.208496
0.643703
0.113483
0.616782
0.193194
0.961442
0.507600
0.387444
0.245202
0.738703
0.793044
0.836385
0.517298
0.009730
0.626080
0.356950
0.061410
0.742658
0.757886
0.320370
0.224804
0.321454
0.262051
0.669569
0.754582
0.233531
0.022150
0.972002
0.548600
0.827294
0.230458
0.827960
0.221193
0.462560
0.610648
0.658802
0.915238
0.447464
0.584085
0.959733
0.325947
0.030306
0.735564
0.182015
0.141942
0.506368
0.708001
0.562227
0.141436
0.901180
0.550216
0.727783
0.024264
0.819469
0.849157
0.173449
0.849416
0.666013
0.372920
0.176548
0.590096
0.062680
0.070380
0.023142
0.085829
0.813618
0.685646
0.783210
0.375434
0.896962
0.015188
0.831610
0.043468
0.894057
