0.921247
0.659477
0.399602
0.853773
0.392388
0.297509
0.591230
0.050980
0.644312
0.161986
0.013577
0.476535
0.960671
0.878910
0.168338
0.752203
0.292190
0.397265
0.810828
0.652802
0.963248
0.683650
0.831381
0.617737
0.690262
0.143061
0.812896
0.038874
0.923306
0.738095
0.032401
0.366347
0.537860
0.810046
0.025377
0.385486
0.373280
0.672464
0.549953
0.514241
0.101505
0.462976
0.738434
0.802298
0.690149
0.598520
0.291252
0.633350
0.404597
0.464731
0.888071
0.641849
0.988581
0.103687
0.292992
0.913467
0.712994
0.076745
0.928979
0.471585
0.941091
0.534081
0.174892
0.367359
0.059541
0.659218
0.450316
0.930722
0.418771
0.272150
0.793164
0.702432
0.892523
0.007895
0.018864
0.022719
0.975722
0.786863
0.967210
0.275590
0.903368
0.947259
0.151412
0.595229
0.533493
0.063748
0.732979
0.614478
0.335236
0.134015
0.941813
0.326780
0.617664
0.733731
0.189730
0.623557
0.823990
0.123231
0.778402
0.172441
