0.334310
0.023651
0.977069
0.095052
0.343445
0.338023
0.472665
0.434773
0.020612
0.802687
0.732026
0.444974
0.466612
0.686108
0.327426
0.371860
0.115902
0.450725
0.803013
0.211989
0.739969
0.216228
0.947715
0.281616
0.198761
0.908326
0.587471
0.825531
0.149232
0.414813
0.111173
0.672822
0.930500
0.782216
0.360253
0.352733
0.345696
0.903100
0.664133
0.853713
0.890493
0.668068
0.813017
0.444489
0.292409
0.761562
0.724523
0.923236
0.386616
0.763849
0.328354
0.784414
0.837872
0.015009
0.934225
0.866371
0.703057
0.992110
0.852893
0.545311
0.477069
0.693357
0.884610
0.666733
0.556300
0.359409
0.846987
0.522996
0.582270
0.247579
0.716810
0.833540
0.175319
0.934554
0.548775
0.460074
0.009309
0.852521
0.236067
0.565156
0.805014
0.473188
0.805469
0.255453
0.161854
0.307300
0.961179
0.597125
0.180773
0.200951
0.193063
0.876325
0.918453
0.910727
0.950749
0.488443
0.801714
0.528955
0.008842
0.398234
