0.685651
0.783815
0.477326
0.323208
0.984925
0.695496
0.268679
0.216451
0.333574
0.399420
0.280094
0.796896
0.071967
0.318420
0.949121
0.459750
0.491242
0.081065
0.760043
0.294862
0.849023
0.319646
0.168869
0.336693
0.724043
0.530636
0.153030
0.765644
0.364008
0.565344
0.619885
0.451252
0.450318
0.077201
0.398022
0.164457
0.165919
0.207692
0.658500
0.570721
0.331989
0.249272
0.539738
0.322014
0.442009
0.557813
0.729479
0.315635
0.657041
0.089381
0.880710
0.182172
0.858207
0.745118
0.020722
0.964242
0.915832
0.194131
0.868588
0.289579
0.086257
0.919080
0.026771
0.788241
0.672727
0.948046
0.902755
0.645011
0.509394
0.496137
0.935293
0.118305
0.515124
0.246455
0.875873
0.846394
0.340343
0.393771
0.860684
0.650581
0.622958
0.021511
0.446615
0.713869
0.282653
0.924550
0.015591
0.606092
0.777548
0.978156
0.163168
0.793484
0.621696
0.770816
0.463966
0.515372
0.762732
0.806239
0.039494
0.940810
