0.945152
0.426034
0.040640
0.668010
0.329033
0.452322
0.170837
0.080237
0.685306
0.531646
0.102139
0.220835
0.747543
0.458401
0.864628
0.246727
0.622230
0.957976
0.286722
0.333334
0.288371
0.306039
0.487944
0.522141
0.232201
0.711176
0.464517
0.753941
0.436701
0.614704
0.988086
0.957241
0.097066
0.828495
0.973450
0.661923
0.258689
0.897335
0.738805
0.422166
0.928807
0.798391
0.224127
0.806394
0.890339
0.503121
0.886889
0.656665
0.991493
0.791998
0.315615
0.530215
0.613418
0.370172
0.105848
0.132979
0.879023
0.430261
0.374929
0.403837
0.375852
0.324813
0.436033
0.322751
0.681245
0.927314
0.186595
0.339846
0.712202
0.788382
0.479860
0.263219
0.637739
0.724072
0.284627
0.906478
0.752845
0.178184
0.342765
0.695752
0.410975
0.575668
0.489232
0.020918
0.287776
0.276902
0.117323
0.930477
0.434747
0.127243
0.042630
0.109906
0.726125
0.938219
0.981211
0.362082
0.462227
0.142367
0.395445
0.213577
