0.647224
0.584050
0.583551
0.325369
0.910667
0.402236
0.277650
0.416745
0.918950
0.385178
0.508734
0.770678
0.626544
0.277339
0.943188
0.103558
0.827452
0.006318
0.690360
0.952920
0.801633
0.924904
0.037333
0.750689
0.997127
0.114027
0.078529
0.970778
0.084938
0.216751
0.818605
0.545397
0.149204
0.905056
0.299746
0.017186
0.864971
0.268065
0.406559
0.833643
0.926161
0.666859
0.342100
0.235644
0.692764
0.640163
0.446498
0.536373
0.104201
0.092234
0.398332
0.107229
0.355930
0.412389
0.688665
0.282938
0.346849
0.866640
0.176010
0.091031
0.900124
0.226797
0.557016
0.963718
0.109477
0.910861
0.216349
0.105197
0.722883
0.127944
0.438901
0.908737
0.639045
0.401412
0.881273
0.497087
0.625133
0.619176
0.814205
0.621082
0.823965
0.379911
0.514823
0.970100
0.363936
0.354957
0.603307
0.287420
0.075305
0.930491
0.257414
0.879817
0.335092
0.727444
0.316164
0.856170
0.176598
0.321707
0.486081
0.383478
