0.409664
0.507434
0.174968
0.850598
0.894037
0.241607
0.541741
0.806927
0.157200
0.162863
0.206360
0.193264
0.717966
0.941245
0.003838
0.019800
0.981187
0.175194
0.728818
0.392872
0.279604
0.973716
0.263769
0.787645
0.704692
0.597245
0.962239
0.773978
0.182921
0.329268
0.565902
0.835889
0.030414
0.868109
0.943542
0.636530
0.836323
0.182808
0.581921
0.542660
0.598263
0.902672
0.276467
0.246025
0.943906
0.458895
0.441868
0.633125
0.147719
0.020628
0.926916
0.276530
0.012619
0.804490
0.084335
0.683026
0.635988
0.856999
0.650657
0.323830
0.121542
0.477527
0.437919
0.063264
0.767970
0.371201
0.576023
0.402918
0.031870
0.281962
0.657052
0.462414
0.748407
0.252429
0.279396
0.708913
0.114537
0.551213
0.120513
0.930921
0.420866
0.062671
0.321162
0.447194
0.441942
0.554606
0.677420
0.364733
0.592267
0.103289
0.554312
0.363489
0.718519
0.686817
0.363235
0.243305
0.788682
0.924513
0.308233
0.584378
