0.514548
0.267855
0.891110
0.690418
0.728165
0.209138
0.505120
0.456339
0.718806
0.387331
0.437442
0.147279
0.601664
0.495162
0.303357
0.495797
0.442734
0.087355
0.720656
0.094307
0.870358
0.795752
0.247346
0.351165
0.867967
0.645433
0.734861
0.354643
0.081463
0.811884
0.213941
0.208453
0.607813
0.250971
0.477044
0.934932
0.389316
0.919239
0.204167
0.885314
0.655655
0.103122
0.000938
0.827317
0.834887
0.263772
0.789417
0.969567
0.773117
0.471617
0.579739
0.812373
0.734664
0.714108
0.604817
0.086245
0.650521
0.806482
0.720119
0.246335
0.967830
0.528662
0.615805
0.410379
0.748702
0.939417
0.799846
0.697869
0.864419
0.414921
0.627551
0.052102
0.516008
0.614911
0.423154
0.258155
0.405307
0.221177
0.037079
0.333976
0.682787
0.533922
0.443213
0.975814
0.813700
0.014434
0.481743
0.343427
0.490594
0.134895
0.013504
0.693020
0.488146
0.360758
0.272670
0.052705
0.677492
0.991888
0.038310
0.167305
