0.747662
0.768214
0.336111
0.977221
0.296143
0.335844
0.040488
0.317378
0.473221
0.848796
0.696089
0.750729
0.300020
0.111531
0.472213
0.081968
0.082483
0.887413
0.447682
0.507904
0.448623
0.624380
0.739770
0.258113
0.574800
0.593425
0.910468
0.981604
0.093149
0.901362
0.290345
0.335328
0.290755
0.879784
0.629347
0.452561
0.339995
0.539186
0.863458
0.110644
0.101216
0.596800
0.852014
0.232624
0.267265
0.282546
0.716887
0.210579
0.869213
0.024973
0.744630
0.793566
0.966171
0.822105
0.994762
0.527749
0.086573
0.823862
0.664742
0.048234
0.376697
0.275400
0.119673
0.456751
0.071419
0.835147
0.103277
0.122923
0.096964
0.433617
0.345514
0.453894
0.082166
0.653153
0.867502
0.520252
0.439663
0.942121
0.363691
0.708896
0.142754
0.274528
0.229313
0.567961
0.769378
0.027170
0.036574
0.488806
0.910679
0.129621
0.768892
0.216459
0.928349
0.876423
0.768415
0.767000
0.295378
0.658206
0.849028
0.045895
