0.875635
0.878298
0.997955
0.988217
0.704587
0.662304
0.806464
0.427406
0.528321
0.753314
0.615308
0.225315
0.348953
0.355855
0.868886
0.467223
0.384889
0.462693
0.191699
0.228623
0.188532
0.607371
0.640040
0.827204
0.378607
0.277122
0.831457
0.654391
0.120727
0.963211
0.433848
0.990727
0.683889
0.306486
0.719862
0.547230
0.804587
0.250722
0.390544
0.806817
0.534675
0.770553
0.026555
0.700614
0.668539
0.555368
0.525500
0.287048
0.690038
0.777231
0.110288
0.689836
0.426659
0.447731
0.423319
0.352288
0.204545
0.972923
0.300299
0.049493
0.772814
0.061708
0.122938
0.473162
0.214167
0.589847
0.363209
0.683966
0.382289
0.800698
0.133107
0.120691
0.342931
0.157198
0.438956
0.505939
0.454003
0.250842
0.906916
0.866069
0.548533
0.430819
0.793550
0.568829
0.802247
0.269133
0.874342
0.577114
0.422314
0.981128
0.686977
0.626883
0.066022
0.386360
0.014803
0.259562
0.478624
0.741882
0.299045
0.784215
