0.847492
0.426090
0.515353
0.639772
0.082869
0.205050
0.565019
0.761529
0.455456
0.040296
0.372424
0.592067
0.890430
0.027602
0.582530
0.643604
0.559691
0.810410
0.740904
0.038890
0.275757
0.416195
0.252361
0.896966
0.070156
0.500769
0.534841
0.386052
0.648378
0.688257
0.232965
0.871632
0.205882
0.804524
0.065992
0.000354
0.784967
0.388263
0.227494
0.977831
0.936354
0.161466
0.318203
0.404126
0.150802
0.609363
0.993163
0.315052
0.448776
0.708852
0.293588
0.139438
0.550934
0.691411
0.351600
0.003556
0.723556
0.405609
0.949111
0.962858
0.591523
0.475528
0.791591
0.828987
0.090811
0.999738
0.228559
0.067956
0.210871
0.963003
0.084246
0.163356
0.823991
0.598114
0.457578
0.866713
0.952710
0.032407
0.916918
0.901342
0.835428
0.435695
0.678660
0.277391
0.045062
0.784752
0.805157
0.323455
0.573517
0.886497
0.811277
0.284566
0.139720
0.020433
0.236513
0.397931
0.168391
0.817919
0.895418
0.465464
