0.894420
0.577491
0.091436
0.696681
0.514884
0.704306
0.809855
0.125697
0.141743
0.324609
0.224943
0.715191
0.040216
0.011655
0.358837
0.823578
0.090130
0.385258
0.040886
0.769413
0.288136
0.417235
0.262532
0.258102
0.596724
0.282968
0.383840
0.129596
0.609087
0.020686
0.657720
0.931760
0.238968
0.413437
0.463639
0.265851
0.655019
0.097547
0.762144
0.799733
0.215527
0.344871
0.654668
0.702199
0.402683
0.030030
0.957293
0.428140
0.305518
0.891939
0.310223
0.574592
0.560208
0.654919
0.992101
0.537754
0.562995
0.151856
0.299288
0.833011
0.913234
0.382688
0.122888
0.900990
0.800462
0.738662
0.665611
0.712387
0.494137
0.831700
0.551179
0.518474
0.736514
0.475046
0.708821
0.243682
0.213869
0.598451
0.837931
0.141549
0.773293
0.566146
0.438053
0.234901
0.082728
0.117569
0.616922
0.011589
0.830980
0.238611
0.196252
0.148421
0.320308
0.189471
0.190415
0.362444
0.673244
0.304218
0.483156
0.790081
