0.838023
0.374809
0.864517
0.445317
0.881235
0.726993
0.380986
0.390566
0.875771
0.761683
0.299008
0.832368
0.797001
0.531457
0.311387
0.876092
0.983752
0.025141
0.996681
0.632343
0.776645
0.626137
0.157274
0.878644
0.283658
0.428260
0.714389
0.019858
0.264851
0.229458
0.305646
0.610033
0.202751
0.580609
0.642707
0.994840
0.264140
0.435537
0.886164
0.218665
0.514489
0.761667
0.675130
0.731264
0.777105
0.478393
0.647866
0.347189
0.494450
0.886374
0.615690
0.370537
0.245771
0.456968
0.374424
0.240679
0.251759
0.595985
0.654316
0.275059
0.359483
0.417981
0.295680
0.244098
0.500124
0.933448
0.028063
0.763228
0.375656
0.243441
0.580971
0.835544
0.742994
0.322234
0.174672
0.202038
0.030878
0.360316
0.201346
0.789515
0.589938
0.926972
0.838022
0.963262
0.134255
0.027789
0.708391
0.987023
0.957844
0.059439
0.621027
0.373756
0.691957
0.606828
0.276541
0.698204
0.612356
0.958619
0.454009
0.705472
