0.830303
0.978299
0.694512
0.896360
0.709739
0.270672
0.435029
0.236659
0.206433
0.041871
0.570329
0.175743
0.206681
0.012404
0.509725
0.683812
0.411132
0.474874
0.989094
0.078601
0.971682
0.042516
0.181115
0.060242
0.576572
0.058136
0.973483
0.437674
0.084684
0.399354
0.518668
0.036871
0.002306
0.709417
0.574169
0.156204
0.706325
0.147442
0.019291
0.851160
0.957646
0.814039
0.952649
0.794722
0.972179
0.744530
0.484625
0.249509
0.532673
0.819828
0.405165
0.819657
0.736520
0.822522
0.774797
0.237086
0.267467
0.136503
0.617194
0.813244
0.601984
0.269980
0.838767
0.932185
0.649071
0.612621
0.143525
0.746647
0.400220
0.311970
0.637345
0.141136
0.390987
0.475724
0.608942
0.619294
0.304098
0.005012
0.706615
0.139422
0.051722
0.618539
0.639927
0.138678
0.670549
0.012160
0.373644
0.675461
0.140888
0.582532
0.291002
0.363980
0.693494
0.481874
0.776175
0.401237
0.667916
0.655685
0.088732
0.203695
