0.355069
0.611664
0.485143
0.589118
0.093267
0.548522
0.639282
0.042567
0.821877
0.272763
0.890591
0.701270
0.082332
0.157358
0.730745
0.982128
0.544283
0.725335
0.885294
0.943971
0.872834
0.167706
0.893290
0.838080
0.616887
0.576027
0.241635
0.854691
0.839690
0.898318
0.384195
0.263084
0.159885
0.004021
0.707808
0.505116
0.826316
0.738358
0.594561
0.019345
0.638945
0.629176
0.117326
0.590316
0.274071
0.193872
0.188006
0.058947
0.269225
0.268005
0.682347
0.612444
0.154506
0.313965
0.115498
0.500827
0.463876
0.677999
0.195240
0.545838
0.000015
0.443434
0.114324
0.152017
0.382433
0.175144
0.156066
0.276571
0.726581
0.282400
0.956878
0.283899
0.442503
0.641630
0.349434
0.254629
0.935734
0.540408
0.068347
0.335322
0.480604
0.785166
0.959476
0.455791
0.677190
0.062120
0.760033
0.294215
0.667802
0.508492
0.202823
0.004734
0.921271
0.854681
0.091719
0.654058
0.614617
0.990904
0.889131
0.692680
