0.765609
0.792129
0.016942
0.561791
0.458512
0.506398
0.187156
0.467153
0.893373
0.881163
0.041671
0.578999
0.515466
0.626704
0.848586
0.899542
0.299660
0.087757
0.716213
0.338680
0.369939
0.914636
0.292097
0.630567
0.766022
0.095705
0.128300
0.371353
0.795839
0.474165
0.986402
0.398190
0.714829
0.562903
0.924410
0.619431
0.358938
0.535615
0.069433
0.219473
0.506049
0.441888
0.640063
0.536190
0.469688
0.928005
0.544390
0.338161
0.850785
0.544304
0.726283
0.004158
0.070655
0.500885
0.194514
0.911732
0.712884
0.102146
0.480918
0.058103
0.375792
0.714881
0.255334
0.902904
0.666317
0.032962
0.373563
0.549880
0.297677
0.208265
0.847866
0.681072
0.854106
0.592941
0.242965
0.519328
0.979556
0.196250
0.207507
0.220555
0.105178
0.084670
0.021289
0.502918
0.165519
0.764093
0.684213
0.806420
0.473419
0.803899
0.010713
0.211949
0.474648
0.730960
0.916188
0.827457
0.065029
0.741276
0.753552
0.667376
