0.882195
0.835451
0.768269
0.862735
0.949313
0.790134
0.737314
0.193442
0.835007
0.383611
0.209580
0.987724
0.608958
0.696586
0.197894
0.629965
0.917345
0.088912
0.196627
0.316325
0.580648
0.332541
0.458110
0.009975
0.171310
0.833195
0.413911
0.452498
0.175147
0.864735
0.486932
0.677920
0.232745
0.990649
0.854188
0.619973
0.122165
0.056519
0.599639
0.147904
0.495574
0.779770
0.796605
0.750287
0.141934
0.437139
0.494438
0.009462
0.827579
0.054674
0.635896
0.046793
0.064259
0.982499
0.232335
0.788379
0.391308
0.950724
0.596860
0.843798
0.282130
0.180061
0.053312
0.012338
0.946553
0.026289
0.110263
0.287627
0.165510
0.765963
0.411748
0.235836
0.436569
0.812419
0.427564
0.314493
0.367658
0.161088
0.520115
0.978086
0.219543
0.446046
0.277751
0.671631
0.028815
0.559437
0.469986
0.028696
0.689216
0.039648
0.829531
0.720257
0.170849
0.124784
0.111281
0.565242
0.871843
0.743486
0.038197
0.990689
