0.581262
0.051298
0.207415
0.428886
0.312696
0.262972
0.199924
0.710558
0.193259
0.194509
0.847087
0.062426
0.677693
0.210905
0.071892
0.311033
0.615416
0.130037
0.414181
0.149347
0.357608
0.832280
0.296421
0.627483
0.052992
0.318082
0.925168
0.706721
0.351137
0.881029
0.107323
0.153647
0.494777
0.199792
0.679076
0.581482
0.091335
0.226989
0.310229
0.643862
0.203564
0.832444
0.508762
0.058045
0.919183
0.105754
0.611815
0.849478
0.953880
0.662530
0.642207
0.472389
0.116922
0.058539
0.557075
0.365171
0.111098
0.887307
0.787673
0.823202
0.187867
0.459519
0.809902
0.761019
0.779224
0.925616
0.887114
0.218250
0.239770
0.136369
0.564740
0.175627
0.581088
0.556849
0.908257
0.525599
0.118473
0.298358
0.963477
0.730644
0.480643
0.423494
0.388658
0.609676
0.737633
0.174393
0.136325
0.920274
0.009026
0.280646
0.730921
0.324629
0.341118
0.316401
0.204413
0.656621
0.372762
0.202505
0.696399
0.171548
