0.211372
0.230805
0.512678
0.755231
0.845826
0.597876
0.120978
0.588096
0.060271
0.440854
0.322382
0.094870
0.748773
0.953543
0.505261
0.206585
0.660152
0.278255
0.499056
0.476267
0.230920
0.048518
0.127255
0.055105
0.338263
0.426859
0.880481
0.597754
0.259716
0.241900
0.974438
0.621471
0.475376
0.717828
0.984486
0.000946
0.827143
0.998054
0.806238
0.013264
0.267480
0.063987
0.350380
0.129427
0.179287
0.532311
0.116625
0.746620
0.666954
0.615449
0.765332
0.917540
0.135105
0.554043
0.804618
0.104955
0.387307
0.821807
0.199339
0.125069
0.286014
0.169171
0.989762
0.476596
0.213080
0.609285
0.687960
0.437044
0.439590
0.993406
0.110302
0.101527
0.523248
0.526017
0.118945
0.664712
0.955817
0.603736
0.241280
0.608993
0.176787
0.001131
0.618152
0.614300
0.184133
0.330975
0.921311
0.669895
0.492159
0.834083
0.639925
0.815930
0.329507
0.194567
0.289684
0.906637
0.115554
0.082744
0.283868
0.717715
