0.681854
0.215843
0.751037
0.986972
0.285989
0.872848
0.537154
0.287675
0.316114
0.170504
0.167107
0.173413
0.420026
0.255767
0.442203
0.818159
0.987213
0.523863
0.554916
0.583913
0.144008
0.549213
0.164405
0.427362
0.335812
0.617133
0.604901
0.337171
0.911934
0.362524
0.313449
0.755483
0.438588
0.012466
0.643089
0.137853
0.849354
0.780005
0.184683
0.792637
0.898477
0.789909
0.863444
0.460942
0.046176
0.566359
0.835740
0.317652
0.178432
0.174195
0.465159
0.908619
0.097305
0.078950
0.658594
0.156228
0.909423
0.116278
0.438733
0.973455
0.519849
0.654877
0.317064
0.065447
0.436281
0.494307
0.617313
0.991315
0.843683
0.079596
0.443904
0.610426
0.992542
0.074374
0.346225
0.729699
0.999834
0.292095
0.762040
0.947659
0.809378
0.120601
0.075971
0.775871
0.340366
0.931403
0.472131
0.554812
0.400099
0.448338
0.854117
0.213483
0.275100
0.429473
0.046211
0.577809
0.204640
0.820905
0.662157
0.324021
