0.117630
0.119808
0.589193
0.982254
0.035260
0.620153
0.142661
0.043019
0.948883
0.785585
0.542077
0.380381
0.886971
0.992470
0.728508
0.887043
0.913401
0.018653
0.773145
0.177871
0.961185
0.535266
0.069900
0.280041
0.387130
0.699266
0.540093
0.747345
0.765677
0.716702
0.003868
0.454333
0.202235
0.018598
0.728322
0.407868
0.709802
0.535738
0.524014
0.875577
0.356787
0.354568
0.523498
0.858404
0.840587
0.532144
0.158772
0.214861
0.523087
0.114324
0.159120
0.319441
0.122767
0.255683
0.955114
0.496479
0.711289
0.539034
0.092584
0.305276
0.079203
0.619139
0.409574
0.157995
0.833117
0.127103
0.020136
0.360783
0.398978
0.518959
0.108252
0.867176
0.820825
0.413032
0.264671
0.029444
0.021985
0.231274
0.162811
0.704390
0.285578
0.605386
0.297381
0.817587
0.631668
0.379657
0.074079
0.196764
0.733033
0.156255
0.241296
0.801906
0.825301
0.326132
0.604210
0.587094
0.606392
0.328376
0.457035
0.164522
