0.572459
0.981764
0.257106
0.143015
0.698253
0.519076
0.934188
0.819639
0.357763
0.859138
0.217825
0.500410
0.912458
0.496495
0.632686
0.716103
0.586619
0.529618
0.941079
0.108138
0.313929
0.444809
0.989852
0.246584
0.298053
0.387996
0.020321
0.075749
0.005266
0.547272
0.458104
0.528252
0.074430
0.795833
0.155223
0.979691
0.906382
0.396793
0.878687
0.361724
0.818787
0.647758
0.262354
0.134336
0.773213
0.977395
0.649649
0.072436
0.083921
0.234747
0.671283
0.360687
0.014971
0.583800
0.916012
0.143784
0.308568
0.024977
0.446628
0.450128
0.563377
0.813266
0.975746
0.001236
0.540812
0.156335
0.649618
0.155678
0.541831
0.574694
0.033316
0.754266
0.160642
0.618782
0.588134
0.472265
0.509332
0.952337
0.263908
0.615637
0.672486
0.785575
0.255707
0.207804
0.366247
0.273037
0.770608
0.577522
0.336910
0.365609
0.845169
0.332110
0.860099
0.709811
0.087527
0.774381
0.063969
0.822774
0.138182
0.666231
