0.822709
0.480199
0.263747
0.422905
0.736994
0.918541
0.638160
0.962356
0.974161
0.625322
0.129898
0.544085
0.583794
0.270248
0.396015
0.625691
0.806629
0.913852
0.457596
0.068975
0.601237
0.477149
0.010699
0.612958
0.379923
0.659905
0.181632
0.641220
0.387282
0.099886
0.062024
0.815117
0.240184
0.805384
0.534773
0.039808
0.270272
0.750448
0.245257
0.893345
0.968052
0.796346
0.193410
0.357221
0.013095
0.664380
0.116692
0.766100
0.647575
0.839190
0.257184
0.173147
0.146498
0.379091
0.002617
0.753691
0.568244
0.435430
0.510501
0.628542
0.542631
0.204961
0.085305
0.614080
0.176372
0.966169
0.118139
0.066482
0.078523
0.668909
0.567282
0.272563
0.868551
0.009168
0.712854
0.253785
0.414161
0.845585
0.264052
0.466062
0.298386
0.930521
0.638563
0.140840
0.287002
0.235905
0.637735
0.462316
0.577289
0.145484
0.916236
0.871289
0.563932
0.890540
0.237597
0.209989
0.618068
0.181829
0.698047
0.907835
