0.645489
0.602269
0.925989
0.067590
0.610004
0.968586
0.418038
0.300970
0.980637
0.429290
0.816561
0.324148
0.082912
0.756456
0.386140
0.325319
0.313169
0.946709
0.419470
0.271253
0.544063
0.496100
0.985244
0.494498
0.870635
0.350345
0.988455
0.989108
0.544915
0.725452
0.668247
0.894489
0.093917
0.524314
0.062150
0.862810
0.615740
0.852500
0.389032
0.210326
0.591593
0.564593
0.593605
0.749848
0.781380
0.042760
0.497754
0.653341
0.175960
0.709112
0.308819
0.759151
0.751787
0.817136
0.870643
0.593152
0.198652
0.651550
0.146111
0.754709
0.510326
0.477572
0.225052
0.232976
0.061062
0.541553
0.198418
0.729911
0.456407
0.333650
0.536265
0.280968
0.922307
0.757417
0.828037
0.913875
0.787241
0.451823
0.794858
0.815711
0.680064
0.392910
0.206876
0.764301
0.629739
0.853306
0.921257
0.477890
0.742128
0.340761
0.355433
0.598442
0.704964
0.168457
0.698230
0.692070
0.570840
0.033859
0.082091
0.542923
