0.257838
0.051609
0.055816
0.491590
0.874916
0.330784
0.430238
0.425506
0.902357
0.366441
0.471905
0.118593
0.281251
0.515563
0.885198
0.638743
0.989522
0.834319
0.605524
0.436591
0.789954
0.290644
0.941954
0.785403
0.293609
0.719864
0.996117
0.276931
0.552197
0.876383
0.128929
0.570849
0.611955
0.904675
0.092528
0.023409
0.732834
0.808061
0.833545
0.975061
0.666473
0.574844
0.001508
0.313039
0.479839
0.695179
0.925022
0.094999
0.290545
0.913409
0.437370
0.145482
0.787261
0.292618
0.911101
0.905724
0.102012
0.740419
0.738450
0.428504
0.624343
0.017921
0.190730
0.830974
0.480215
0.659869
0.029192
0.998037
0.947870
0.370825
0.325250
0.161315
0.777069
0.614700
0.257530
0.422438
0.217246
0.559719
0.148417
0.537638
0.748705
0.256885
0.657582
0.788411
0.313594
0.082179
0.535041
0.797133
0.125792
0.268707
0.494356
0.511832
0.894581
0.669823
0.765093
0.864814
0.922501
0.630087
0.363350
0.009733
