0.616341
0.654021
0.755122
0.669208
0.769466
0.232522
0.499701
0.635870
0.824631
0.473841
0.204800
0.268712
0.005515
0.126052
0.034695
0.156579
0.762242
0.822643
0.259033
0.788736
0.274409
0.229123
0.223670
0.144319
0.570674
0.037115
0.897353
0.429183
0.117332
0.585140
0.183744
0.485269
0.958805
0.862124
0.939155
0.010904
0.250083
0.517740
0.455845
0.680741
0.697182
0.118561
0.445711
0.293443
0.952140
0.459018
0.279436
0.553860
0.759701
0.424795
0.316686
0.290956
0.034109
0.049555
0.952669
0.725809
0.848965
0.365887
0.350876
0.982025
0.606829
0.064930
0.799740
0.439795
0.897304
0.838142
0.604463
0.968422
0.149826
0.989077
0.634170
0.162822
0.187810
0.169099
0.961267
0.467769
0.825721
0.624890
0.019464
0.846667
0.304542
0.007304
0.990855
0.707903
0.508428
0.787775
0.042243
0.141387
0.755788
0.529973
0.662553
0.939645
0.843079
0.335891
0.400216
0.245980
0.190955
0.387504
0.263094
0.092209
