0.123336
0.730927
0.864621
0.124587
0.253620
0.877315
0.678603
0.945153
0.616368
0.307143
0.953307
0.993469
0.569325
0.932377
0.660376
0.325424
0.947237
0.685411
0.636324
0.486449
0.763313
0.339796
0.601574
0.076346
0.467289
0.833620
0.323229
0.195873
0.098224
0.996971
0.919877
0.084624
0.570031
0.734402
0.771431
0.534786
0.557603
0.232572
0.979859
0.171611
0.094917
0.216562
0.300558
0.827300
0.013748
0.557344
0.128711
0.414406
0.318822
0.972367
0.136142
0.803198
0.754842
0.477244
0.952233
0.857840
0.248848
0.396908
0.965819
0.730575
0.370404
0.191182
0.798143
0.858709
0.538739
0.760064
0.185141
0.426643
0.629702
0.822311
0.650135
0.528675
0.239919
0.811294
0.460200
0.457939
0.769939
0.920597
0.868577
0.717141
0.523151
0.753830
0.703544
0.987117
0.113743
0.448942
0.924457
0.162925
0.647915
0.792621
0.403044
0.405095
0.585566
0.476361
0.629584
0.451269
0.503392
0.817640
0.480846
0.098613
