0.793332
0.815809
0.696260
0.846067
0.390014
0.790337
0.484018
0.788368
0.287449
0.811285
0.504584
0.969581
0.148791
0.582425
0.102356
0.449043
0.090578
0.405624
0.663146
0.962405
0.487341
0.968471
0.475692
0.792544
0.765460
0.250458
0.998741
0.288243
0.441169
0.712125
0.087364
0.721634
0.086406
0.964915
0.540920
0.695566
0.411571
0.791628
0.410152
0.286324
0.505490
0.910831
0.943664
0.461479
0.375346
0.725230
0.904662
0.130235
0.694442
0.720771
0.152659
0.079649
0.559921
0.875908
0.016172
0.786231
0.776311
0.581820
0.371226
0.472335
0.385735
0.207464
0.951987
0.888694
0.904490
0.528016
0.327614
0.252883
0.853625
0.282662
0.538442
0.175696
0.357716
0.879041
0.551142
0.395668
0.667548
0.902033
0.853720
0.165578
0.644656
0.840539
0.480812
0.408089
0.322495
0.361682
0.807877
0.000355
0.397296
0.874851
0.413784
0.160758
0.101679
0.495187
0.300628
0.174877
0.245391
0.264356
0.071483
0.908260
