0.822029
0.212622
0.297784
0.398514
0.841862
0.599004
0.698448
0.285526
0.014500
0.224847
0.406215
0.961441
0.905885
0.235035
0.836689
0.902219
0.792454
0.283486
0.531180
0.193658
0.011340
0.050467
0.299424
0.156007
0.726110
0.186201
0.837044
0.242072
0.516106
0.177996
0.517646
0.163991
0.108025
0.435676
0.319544
0.344408
0.070969
0.568485
0.973633
0.804486
0.229278
0.509889
0.388552
0.241517
0.344737
0.819345
0.613194
0.727770
0.987974
0.821390
0.210730
0.419716
0.316121
0.508899
0.437281
0.329441
0.751187
0.259481
0.649536
0.949563
0.609319
0.079785
0.233320
0.886874
0.964772
0.989501
0.064034
0.450003
0.097108
0.077036
0.018411
0.639139
0.661618
0.217970
0.994014
0.292479
0.478548
0.236271
0.542329
0.110604
0.218049
0.852759
0.508232
0.221126
0.055564
0.965341
0.892943
0.095011
0.866813
0.494888
0.203874
0.093234
0.716085
0.329258
0.620600
0.544813
0.081030
0.528752
0.324326
0.518976
