0.314301
0.660797
0.544692
0.425532
0.507343
0.077289
0.973368
0.768896
0.904366
0.169470
0.300814
0.703461
0.092065
0.448345
0.283217
0.421781
0.465709
0.931630
0.283716
0.957582
0.677595
0.143386
0.733963
0.569803
0.162262
0.433354
0.403402
0.081671
0.935129
0.349457
0.902729
0.108871
0.922718
0.023810
0.061620
0.526389
0.588125
0.931225
0.527969
0.088622
0.926454
0.094227
0.043051
0.768848
0.376090
0.720666
0.829426
0.930405
0.237999
0.348503
0.139514
0.872437
0.964284
0.268833
0.656675
0.166888
0.914981
0.305816
0.511030
0.531786
0.328269
0.265999
0.937428
0.287415
0.531231
0.665247
0.751115
0.304057
0.823767
0.491660
0.833274
0.578003
0.331854
0.049351
0.009814
0.171489
0.958416
0.824522
0.172974
0.591525
0.167866
0.223963
0.169723
0.766361
0.908526
0.110388
0.834253
0.426909
0.707725
0.631048
0.981668
0.222615
0.732770
0.945789
0.566465
0.107907
0.439803
0.510513
0.308597
0.465927
