0.927480
0.563303
0.265078
0.179060
0.445072
0.192555
0.240317
0.158510
0.887102
0.853322
0.878506
0.903178
0.729718
0.176854
0.626151
0.247733
0.435113
0.275367
0.876463
0.395011
0.220658
0.045646
0.430647
0.260695
0.933335
0.337995
0.636059
0.376439
0.015427
0.297590
0.916427
0.900630
0.937684
0.563235
0.585960
0.019237
0.949921
0.605800
0.830272
0.231672
0.314421
0.715511
0.539498
0.286090
0.140983
0.257091
0.484065
0.796735
0.541578
0.605039
0.437156
0.149091
0.558665
0.012967
0.592383
0.585184
0.159157
0.226431
0.402044
0.102711
0.700070
0.474848
0.871433
0.537995
0.892842
0.138939
0.057528
0.445781
0.538391
0.931410
0.135968
0.925082
0.832849
0.158688
0.967692
0.891457
0.101057
0.050548
0.482892
0.024590
0.788867
0.241819
0.794557
0.484710
0.430484
0.883052
0.484536
0.668236
0.942641
0.754440
0.060090
0.686949
0.927018
0.923348
0.095132
0.867337
0.784157
0.684891
0.930699
0.742189
