0.427285
0.391335
0.794974
0.661158
0.197776
0.604304
0.171233
0.373402
0.343649
0.403879
0.765348
0.493122
0.269317
0.279777
0.528569
0.277368
0.994716
0.151201
0.144548
0.034591
0.623374
0.241008
0.441036
0.978948
0.679175
0.925945
0.327999
0.428004
0.817445
0.948523
0.685063
0.804063
0.296234
0.803893
0.974169
0.312632
0.718968
0.036143
0.839669
0.005827
0.065322
0.284750
0.087704
0.087967
0.419561
0.468098
0.256401
0.822023
0.903568
0.431415
0.679845
0.900590
0.810387
0.219183
0.984349
0.879957
0.158262
0.778498
0.901974
0.480063
0.099644
0.388950
0.681771
0.536588
0.286840
0.706159
0.394212
0.098122
0.791872
0.893786
0.212993
0.196916
0.918020
0.934496
0.833783
0.739854
0.392636
0.545278
0.645790
0.901161
0.283513
0.282687
0.196900
0.305182
0.251178
0.472689
0.269233
0.031053
0.741369
0.164194
0.045181
0.363505
0.902562
0.670808
0.664468
0.651848
0.869319
0.832756
0.122694
0.976713
