0.609935
0.178017
0.139780
0.075593
0.729517
0.716652
0.278329
0.098487
0.806304
0.934498
0.704705
0.311772
0.853621
0.222634
0.866020
0.895502
0.497026
0.198145
0.905097
0.131810
0.419299
0.942540
0.765306
0.345265
0.780080
0.133294
0.631734
0.792240
0.677009
0.646114
0.153913
0.833787
0.979826
0.453310
0.554058
0.432172
0.673345
0.433300
0.639864
0.681969
0.297212
0.293611
0.165837
0.552415
0.319394
0.650786
0.511486
0.152383
0.074340
0.943347
0.781295
0.230048
0.871724
0.096556
0.255351
0.160255
0.721520
0.818007
0.534041
0.804699
0.774033
0.341247
0.594982
0.408782
0.102435
0.969030
0.353480
0.684650
0.258056
0.562618
0.103116
0.055080
0.630304
0.489457
0.721924
0.433166
0.015965
0.603304
0.421543
0.460858
0.497373
0.943948
0.022196
0.987101
0.857292
0.101011
0.625413
0.239881
0.373350
0.206998
0.041881
0.821825
0.622430
0.075673
0.600470
0.024532
0.896143
0.844285
0.005669
0.158673
