0.983953
0.580289
0.040749
0.801661
0.648693
0.031903
0.402948
0.298939
0.827807
0.506073
0.429941
0.617340
0.505132
0.962263
0.841398
0.509752
0.780896
0.015008
0.637799
0.171753
0.551324
0.744613
0.341067
0.393687
0.723248
0.875290
0.650608
0.784806
0.462198
0.121745
0.053417
0.164951
0.903319
0.449710
0.507030
0.856712
0.730613
0.194664
0.943511
0.655602
0.043173
0.663005
0.867448
0.612982
0.985774
0.028771
0.951761
0.848791
0.681642
0.713591
0.848531
0.443551
0.746342
0.586898
0.524247
0.385370
0.187647
0.835017
0.891280
0.806906
0.985367
0.469697
0.044078
0.492066
0.666916
0.444807
0.852139
0.822460
0.610657
0.773866
0.178816
0.416150
0.611502
0.037061
0.541471
0.613627
0.584121
0.843595
0.485160
0.240494
0.126936
0.000978
0.655630
0.656704
0.972179
0.256986
0.420319
0.999214
0.723935
0.182758
0.508364
0.289637
0.041404
0.616035
0.631007
0.059317
0.589158
0.825876
0.064810
0.672809
