0.823044
0.943915
0.920829
0.128893
0.603851
0.582073
0.375025
0.330259
0.593282
0.897918
0.121900
0.118649
0.711120
0.513604
0.808024
0.834336
0.531661
0.611919
0.976752
0.937214
0.544751
0.601431
0.332042
0.253636
0.778585
0.479838
0.532572
0.175281
0.887440
0.044329
0.429328
0.459014
0.484084
0.977311
0.505939
0.609401
0.918021
0.032863
0.295044
0.677898
0.257517
0.886132
0.022080
0.338396
0.415224
0.616865
0.713300
0.059563
0.354756
0.948245
0.092331
0.729227
0.048444
0.766886
0.035206
0.085447
0.358053
0.051714
0.966201
0.846678
0.054507
0.185558
0.846938
0.986812
0.459591
0.101077
0.842169
0.554349
0.628950
0.225940
0.929118
0.296155
0.864313
0.135445
0.766837
0.641568
0.574796
0.004250
0.981906
0.443164
0.105322
0.148437
0.832869
0.463154
0.732754
0.595547
0.508815
0.800431
0.102292
0.127314
0.334909
0.810276
0.398312
0.350147
0.437710
0.994140
0.047039
0.639696
0.217483
0.948045
