0.473611
0.684430
0.421698
0.647025
0.935546
0.437459
0.938542
0.768766
0.925166
0.567782
0.677289
0.231258
0.960707
0.236376
0.085365
0.434697
0.602753
0.574202
0.839476
0.791350
0.551698
0.772216
0.456748
0.093123
0.763818
0.779899
0.864621
0.183023
0.595159
0.482029
0.862789
0.618380
0.925327
0.647359
0.856096
0.133522
0.678495
0.520121
0.568951
0.769477
0.222658
0.574990
0.897615
0.891816
0.445247
0.841252
0.714329
0.061390
0.955330
0.833162
0.298348
0.545059
0.533470
0.363497
0.190277
0.547717
0.445275
0.115938
0.835313
0.952123
0.844789
0.756778
0.272066
0.144044
0.233698
0.882147
0.884846
0.496385
0.384451
0.191828
0.055790
0.733602
0.776925
0.326116
0.080080
0.823986
0.849813
0.167869
0.554473
0.859392
0.353133
0.280571
0.281496
0.490621
0.669463
0.209637
0.283659
0.735253
0.848742
0.627190
0.497735
0.942001
0.180347
0.113949
0.311557
0.364933
0.990119
0.002721
0.134852
0.404673
