0.319057
0.250996
0.498849
0.909027
0.975969
0.032336
0.193661
0.078725
0.436419
0.356861
0.376370
0.441157
0.115046
0.264444
0.336771
0.193153
0.717043
0.532317
0.160149
0.627023
0.443580
0.418833
0.332511
0.251206
0.999555
0.545660
0.287573
0.653643
0.592382
0.360199
0.384668
0.429762
0.450715
0.699198
0.908220
0.412186
0.144748
0.809528
0.768942
0.977138
0.444457
0.601693
0.617386
0.039697
0.183560
0.338397
0.264391
0.595206
0.726295
0.003553
0.836787
0.798799
0.698266
0.179242
0.763131
0.546724
0.243564
0.952257
0.311911
0.682020
0.608410
0.644460
0.502857
0.854149
0.740793
0.291562
0.625666
0.513719
0.790942
0.342175
0.617037
0.134452
0.164520
0.948445
0.447836
0.744916
0.981283
0.500668
0.838553
0.087259
0.386219
0.307709
0.605937
0.840496
0.136054
0.533047
0.361720
0.980657
0.702145
0.549322
0.474940
0.451008
0.696967
0.723067
0.284363
0.526900
0.009789
0.617019
0.978078
0.272518
