0.440880
0.365020
0.082456
0.081644
0.029965
0.962779
0.026231
0.834529
0.440959
0.552851
0.927423
0.896808
0.641869
0.082767
0.008179
0.625107
0.623633
0.920890
0.813563
0.398509
0.861321
0.624871
0.370469
0.457669
0.890766
0.378995
0.937940
0.474336
0.996940
0.688568
0.153022
0.864989
0.415361
0.397805
0.959640
0.327182
0.303383
0.602617
0.512769
0.866458
0.724703
0.853625
0.416002
0.212822
0.443313
0.763951
0.216092
0.792129
0.037781
0.841902
0.405744
0.552957
0.262013
0.936480
0.801214
0.743625
0.272851
0.564275
0.781604
0.883974
0.816592
0.044994
0.190827
0.332396
0.975469
0.768166
0.829548
0.980875
0.861969
0.104552
0.259142
0.119837
0.540084
0.821606
0.203708
0.811738
0.811228
0.184244
0.547217
0.811030
0.826708
0.395715
0.361394
0.532956
0.603153
0.735819
0.994944
0.477352
0.464077
0.176992
0.057656
0.232065
0.107596
0.845149
0.286305
0.452978
0.017616
0.573939
0.850379
0.379401
