0.528281
0.872178
0.688979
0.911553
0.042744
0.266975
0.722651
0.328855
0.781016
0.651982
0.122273
0.741136
0.814820
0.054148
0.150532
0.458607
0.443194
0.250813
0.762653
0.076022
0.702341
0.901283
0.072354
0.575189
0.858633
0.703893
0.711556
0.567299
0.995716
0.203237
0.247319
0.130769
0.492520
0.911561
0.272501
0.280749
0.583863
0.630524
0.505933
0.201804
0.729626
0.710135
0.354933
0.000177
0.730518
0.976080
0.458851
0.475330
0.491123
0.751761
0.712065
0.116756
0.560447
0.143526
0.674275
0.661887
0.768151
0.210133
0.321685
0.905066
0.821508
0.602221
0.016288
0.896865
0.897126
0.686290
0.066261
0.595739
0.296478
0.255074
0.097638
0.360442
0.097504
0.366877
0.377891
0.274361
0.314081
0.446258
0.811262
0.249160
0.291718
0.370839
0.251018
0.579985
0.585675
0.081575
0.951177
0.407725
0.057311
0.361510
0.292219
0.521200
0.148696
0.843453
0.577845
0.051695
0.894548
0.402824
0.083859
0.163871
