0.056653
0.974962
0.070733
0.207437
0.156153
0.489437
0.856779
0.428200
0.782111
0.069553
0.456472
0.488599
0.471862
0.129258
0.594693
0.342808
0.674376
0.049944
0.520338
0.980032
0.473603
0.871524
0.465876
0.815795
0.523824
0.118497
0.748572
0.999834
0.610889
0.685505
0.253324
0.225384
0.107021
0.004392
0.219388
0.853646
0.990075
0.420343
0.328783
0.731045
0.810506
0.541514
0.114884
0.126892
0.575250
0.788364
0.005389
0.861914
0.589689
0.388078
0.556276
0.470667
0.787265
0.634875
0.756090
0.175521
0.526803
0.231080
0.666235
0.769176
0.380179
0.563847
0.519148
0.468811
0.988944
0.700650
0.378484
0.823601
0.882992
0.905376
0.566527
0.344149
0.270806
0.077740
0.283354
0.647857
0.493103
0.029526
0.763825
0.351614
0.798622
0.186287
0.389183
0.033569
0.570784
0.388506
0.374328
0.886017
0.411706
0.169568
0.923108
0.895192
0.151400
0.060905
0.131788
0.533296
0.536671
0.485983
0.829204
0.407663
