0.877208
0.455154
0.383213
0.552822
0.979344
0.263245
0.445644
0.168647
0.001143
0.649201
0.579315
0.355008
0.377621
0.050133
0.239691
0.832224
0.469266
0.277443
0.811557
0.068157
0.375987
0.573848
0.923306
0.418224
0.317362
0.116877
0.684932
0.885371
0.961072
0.238459
0.377876
0.142797
0.280575
0.207124
0.403774
0.206057
0.617251
0.802759
0.095818
0.311780
0.925088
0.927979
0.706625
0.655964
0.360484
0.520934
0.415091
0.167404
0.910819
0.930155
0.064004
0.865311
0.172919
0.845307
0.145011
0.348951
0.224680
0.451272
0.524878
0.833236
0.219490
0.713263
0.803828
0.511171
0.139703
0.112581
0.382500
0.267299
0.602593
0.837543
0.973279
0.130262
0.037915
0.504724
0.522800
0.561338
0.346744
0.039550
0.703609
0.144079
0.126959
0.810974
0.415476
0.211122
0.008476
0.677877
0.437549
0.283406
0.378836
0.075640
0.622177
0.661792
0.864793
0.251077
0.859584
0.488246
0.782923
0.547904
0.167142
0.257775
