0.441912
0.624222
0.458773
0.441904
0.154879
0.832915
0.051906
0.841986
0.265597
0.521687
0.337734
0.846690
0.402784
0.108239
0.736468
0.917271
0.995617
0.592900
0.983325
0.114237
0.201750
0.269932
0.051792
0.061445
0.738766
0.176294
0.617596
0.348228
0.135424
0.335407
0.015782
0.932078
0.785462
0.526773
0.385330
0.805738
0.636154
0.698836
0.912954
0.478531
0.689793
0.377543
0.575271
0.527819
0.743849
0.276405
0.298756
0.443758
0.770710
0.187027
0.381810
0.848218
0.290225
0.595288
0.797559
0.964287
0.497185
0.939114
0.868401
0.045141
0.758079
0.689864
0.893472
0.425415
0.875792
0.910438
0.937537
0.595656
0.595687
0.535486
0.025104
0.338475
0.103994
0.890550
0.654854
0.842296
0.309727
0.797167
0.248645
0.213938
0.601003
0.304616
0.782147
0.684162
0.306000
0.549181
0.807081
0.426070
0.483438
0.333107
0.649634
0.223317
0.383122
0.630269
0.458964
0.614572
0.882458
0.054782
0.520935
0.503297
