0.702187
0.462629
0.292635
0.972137
0.233035
0.492303
0.353315
0.115934
0.960661
0.544072
0.115184
0.985338
0.384260
0.106877
0.976513
0.939071
0.939114
0.005694
0.547861
0.988224
0.344118
0.587918
0.601116
0.361868
0.248528
0.522387
0.544067
0.167573
0.874982
0.148263
0.803201
0.139213
0.198055
0.772372
0.746034
0.964130
0.978560
0.644406
0.500017
0.601566
0.112659
0.135297
0.088337
0.152676
0.574842
0.444187
0.493990
0.792774
0.252124
0.147896
0.353784
0.965654
0.653693
0.909940
0.116784
0.494731
0.956822
0.154623
0.821809
0.067148
0.511111
0.072579
0.582145
0.879807
0.077677
0.952057
0.208591
0.700311
0.448067
0.937065
0.020419
0.278323
0.516027
0.069085
0.832291
0.967641
0.145761
0.313142
0.606039
0.991494
0.542924
0.655780
0.758339
0.603093
0.197954
0.017026
0.339406
0.870686
0.384632
0.538287
0.570940
0.467291
0.029124
0.900964
0.937624
0.891613
0.036038
0.348803
0.177344
0.393020
