0.028900
0.767914
0.194654
0.899758
0.149818
0.429386
0.897651
0.852115
0.737330
0.263475
0.628984
0.013457
0.878481
0.960756
0.033310
0.377615
0.026343
0.287462
0.537870
0.617297
0.253885
0.180789
0.440499
0.016743
0.397224
0.881993
0.424209
0.301355
0.159686
0.923408
0.973623
0.025875
0.242520
0.372543
0.765801
0.542815
0.176727
0.922192
0.644519
0.928286
0.387128
0.574255
0.372790
0.482557
0.069179
0.079604
0.770206
0.044193
0.417443
0.533824
0.953008
0.846926
0.949019
0.985631
0.119537
0.886583
0.403527
0.584773
0.380514
0.191867
0.337342
0.830492
0.783346
0.165292
0.737566
0.754004
0.479483
0.713693
0.607548
0.002334
0.572099
0.609206
0.301758
0.653795
0.322389
0.931013
0.819245
0.704917
0.935574
0.903346
0.545996
0.825235
0.203558
0.172903
0.617631
0.271942
0.340538
0.764235
0.314289
0.589651
0.290937
0.190790
0.283992
0.805513
0.792262
0.085553
0.305950
0.235958
0.116595
0.670090
