0.604149
0.967180
0.552063
0.076960
0.094944
0.900952
0.447198
0.798396
0.334665
0.727160
0.926027
0.782305
0.321822
0.109923
0.434163
0.815740
0.996330
0.227841
0.511941
0.929777
0.817681
0.841169
0.314735
0.588429
0.115203
0.622128
0.780180
0.229955
0.918467
0.455502
0.427735
0.220286
0.998101
0.066516
0.498498
0.604714
0.797917
0.477017
0.751085
0.981921
0.402238
0.294952
0.406797
0.538664
0.466546
0.732481
0.200966
0.573030
0.662110
0.285873
0.736538
0.691041
0.049467
0.085509
0.235401
0.120087
0.503718
0.289009
0.520676
0.557519
0.353864
0.470481
0.813989
0.681268
0.297305
0.937747
0.226758
0.451674
0.643044
0.272355
0.731582
0.960875
0.761558
0.941515
0.558679
0.236083
0.943868
0.046774
0.265295
0.320785
0.437956
0.210520
0.794083
0.769608
0.352662
0.242624
0.584231
0.572938
0.814421
0.555229
0.560536
0.190546
0.781238
0.271057
0.581276
0.418555
0.305333
0.470060
0.506915
0.152248
