0.747022
0.043657
0.672743
0.911024
0.070888
0.607983
0.389509
0.439732
0.691316
0.741372
0.192874
0.341718
0.975207
0.552266
0.699215
0.647364
0.634527
0.846013
0.915984
0.530399
0.957909
0.376108
0.471511
0.393101
0.616689
0.526186
0.225629
0.839496
0.825557
0.831631
0.669081
0.235665
0.970205
0.603973
0.659751
0.191552
0.794402
0.490918
0.533304
0.732518
0.706077
0.932700
0.690657
0.809730
0.986108
0.687783
0.885020
0.821744
0.261484
0.849382
0.095527
0.464367
0.776097
0.310593
0.216662
0.036951
0.760047
0.639031
0.638424
0.931493
0.474845
0.191628
0.320020
0.575800
0.027916
0.490059
0.416388
0.825265
0.277010
0.345120
0.908706
0.562087
0.160770
0.352450
0.119843
0.853627
0.019168
0.241564
0.234796
0.411301
0.326237
0.507657
0.282710
0.701160
0.988768
0.822413
0.518687
0.047911
0.248608
0.371890
0.916030
0.772192
0.254173
0.032117
0.123815
0.209857
0.036004
0.801275
0.153034
0.259839
