0.078422
0.087867
0.358078
0.927506
0.682889
0.632762
0.102348
0.391734
0.073885
0.859649
0.121394
0.679615
0.567380
0.065904
0.924057
0.815501
0.211423
0.887195
0.551557
0.264528
0.670179
0.307647
0.693200
0.740227
0.177345
0.644712
0.793121
0.588792
0.816887
0.686969
0.775596
0.919850
0.601322
0.571917
0.567747
0.537576
0.220784
0.321017
0.901007
0.912621
0.980900
0.049637
0.581223
0.239993
0.376253
0.673022
0.168031
0.190471
0.249854
0.806480
0.429481
0.694699
0.603020
0.100223
0.488182
0.336570
0.957978
0.245151
0.127993
0.312385
0.699368
0.371097
0.709606
0.261106
0.611536
0.577065
0.857860
0.403883
0.398409
0.256724
0.316303
0.204059
0.691846
0.373230
0.733142
0.544779
0.117126
0.241837
0.515684
0.653291
0.958982
0.847348
0.899369
0.716379
0.879913
0.653637
0.300510
0.574824
0.556123
0.830793
0.123166
0.468972
0.618763
0.953301
0.965529
0.370052
0.309510
0.621752
0.758669
0.727875
