0.149728
0.193163
0.925785
0.628627
0.990065
0.416535
0.144714
0.754969
0.445389
0.530595
0.384827
0.422104
0.097415
0.442381
0.911561
0.425077
0.062358
0.812651
0.730522
0.804590
0.969754
0.756500
0.060410
0.973472
0.533977
0.673357
0.976969
0.684137
0.006738
0.436787
0.495142
0.486040
0.307833
0.281608
0.933105
0.803731
0.293738
0.264964
0.868061
0.353762
0.913064
0.135668
0.449846
0.917244
0.853501
0.895971
0.468492
0.779943
0.300709
0.204932
0.540292
0.416097
0.832852
0.612975
0.428081
0.929520
0.721291
0.345461
0.012422
0.517580
0.210189
0.822787
0.198570
0.106744
0.009577
0.527728
0.373511
0.743634
0.725530
0.035078
0.698384
0.439241
0.694626
0.114556
0.351558
0.710154
0.937022
0.088833
0.169927
0.383757
0.884423
0.429772
0.379021
0.777081
0.630774
0.599287
0.794453
0.047732
0.570771
0.017482
0.301409
0.818731
0.244951
0.491410
0.753805
0.856757
0.370215
0.466538
0.566459
0.749208
