0.499599
0.182720
0.099274
0.618591
0.199748
0.599567
0.679880
0.314822
0.264926
0.694746
0.838520
0.464855
0.330755
0.850441
0.843623
0.941898
0.164751
0.251635
0.786214
0.570282
0.574082
0.008544
0.121422
0.313586
0.841092
0.327628
0.497064
0.523369
0.535221
0.284208
0.139556
0.088677
0.460739
0.607022
0.345519
0.907617
0.286405
0.676633
0.086191
0.864984
0.753002
0.069289
0.196854
0.749510
0.505139
0.980077
0.036015
0.951420
0.154472
0.342158
0.277922
0.751928
0.693797
0.613718
0.253618
0.730425
0.879902
0.708224
0.139421
0.598999
0.054199
0.338667
0.543423
0.835566
0.699857
0.862386
0.921129
0.207863
0.766737
0.481126
0.360942
0.291638
0.860134
0.855584
0.508370
0.181888
0.076803
0.857867
0.697874
0.793065
0.295933
0.199773
0.055195
0.425246
0.395842
0.796587
0.785313
0.140000
0.151158
0.584861
0.249781
0.711477
0.761253
0.991099
0.634817
0.611928
0.264470
0.974377
0.600640
0.096686
