0.175088
0.493741
0.234773
0.141764
0.718883
0.632852
0.860537
0.939433
0.271120
0.304213
0.410118
0.714253
0.488671
0.040822
0.004549
0.020435
0.487941
0.258074
0.493543
0.810271
0.693723
0.510985
0.708745
0.758930
0.387104
0.506791
0.938186
0.028183
0.772162
0.761276
0.366678
0.631866
0.329598
0.464412
0.858924
0.179220
0.835975
0.949338
0.420774
0.931720
0.954078
0.477195
0.083184
0.166400
0.484782
0.272060
0.820141
0.947051
0.432188
0.922756
0.952927
0.129735
0.884338
0.931516
0.528909
0.061797
0.820451
0.753797
0.429860
0.650294
0.187030
0.985490
0.827947
0.387495
0.196856
0.921236
0.060819
0.857832
0.668333
0.513817
0.812420
0.975599
0.038109
0.890746
0.988492
0.827022
0.714250
0.858260
0.509386
0.699639
0.321280
0.647937
0.215480
0.778119
0.097709
0.442584
0.742206
0.403490
0.070819
0.548278
0.868204
0.921811
0.005996
0.097518
0.261149
0.980234
0.236068
0.150351
0.096748
0.509925
