0.992388
0.704574
0.134772
0.609684
0.110317
0.614093
0.880019
0.715020
0.527377
0.318092
0.798044
0.738306
0.548970
0.908934
0.180394
0.302772
0.062163
0.709751
0.729762
0.273760
0.574315
0.178088
0.079249
0.009886
0.554854
0.195411
0.530880
0.903389
0.650085
0.591956
0.984393
0.932159
0.380668
0.130010
0.858731
0.952743
0.938158
0.919481
0.541591
0.002040
0.018172
0.302813
0.010971
0.836582
0.263548
0.792819
0.673093
0.254946
0.361173
0.368982
0.027500
0.763314
0.921396
0.461317
0.785565
0.708960
0.153437
0.523226
0.927222
0.396909
0.905169
0.037989
0.089957
0.694772
0.980936
0.125712
0.446708
0.418632
0.991714
0.282461
0.109711
0.460414
0.219999
0.424130
0.107343
0.274689
0.718357
0.520265
0.735888
0.015840
0.719144
0.421276
0.158220
0.907188
0.403585
0.607143
0.305784
0.311967
0.929075
0.712682
0.818891
0.763665
0.579993
0.112914
0.911640
0.720423
0.583221
0.514810
0.872879
0.706948
