0.654573
0.723531
0.801970
0.912891
0.034956
0.966564
0.785164
0.470958
0.699169
0.209237
0.480629
0.763626
0.338610
0.728126
0.143429
0.672456
0.255048
0.406041
0.054694
0.017409
0.426793
0.378600
0.474752
0.714092
0.687138
0.050341
0.182875
0.127935
0.925629
0.093006
0.037722
0.877475
0.137158
0.378242
0.960753
0.344073
0.678380
0.302154
0.834768
0.171937
0.528202
0.919744
0.376415
0.930123
0.282579
0.882199
0.811932
0.667361
0.489489
0.736739
0.572690
0.169968
0.662932
0.071043
0.782812
0.447358
0.729679
0.619152
0.655067
0.969634
0.193708
0.638265
0.572150
0.794538
0.612468
0.008475
0.106303
0.122387
0.884094
0.950840
0.682069
0.099246
0.930239
0.022262
0.375989
0.458224
0.356367
0.201778
0.226618
0.136074
0.755577
0.069738
0.108614
0.723474
0.059395
0.640569
0.938433
0.673417
0.479979
0.790826
0.083750
0.644302
0.721428
0.229866
0.197563
0.590364
0.014614
0.836505
0.208382
0.812687
