0.780819
0.768649
0.839696
0.297858
0.948174
0.791596
0.373475
0.785903
0.887995
0.701478
0.645810
0.799966
0.109084
0.092910
0.205891
0.104285
0.043786
0.350505
0.882549
0.108367
0.567970
0.684464
0.929683
0.715684
0.776536
0.935379
0.259053
0.275212
0.094842
0.677897
0.295412
0.954272
0.430062
0.091244
0.315650
0.754267
0.780159
0.542418
0.933578
0.796721
0.599775
0.614240
0.477504
0.226707
0.281009
0.537360
0.899132
0.349881
0.912629
0.055036
0.496798
0.953332
0.296423
0.624023
0.587234
0.595653
0.195644
0.545473
0.988944
0.529091
0.343739
0.147674
0.124036
0.430499
0.580393
0.248244
0.113936
0.712348
0.898174
0.968640
0.667964
0.422050
0.794713
0.399702
0.678982
0.152796
0.050218
0.564143
0.265409
0.780239
0.565436
0.629166
0.669434
0.892000
0.211260
0.539203
0.546376
0.456843
0.046708
0.925082
0.579813
0.598007
0.773964
0.710970
0.614405
0.171123
0.834729
0.045265
0.016833
0.964890
