0.221112
0.634766
0.096923
0.023189
0.613328
0.404844
0.842102
0.098594
0.875323
0.099506
0.630579
0.701421
0.455884
0.666212
0.682248
0.425529
0.185826
0.577358
0.048045
0.496064
0.314652
0.940828
0.049141
0.258809
0.225453
0.189296
0.302525
0.768037
0.540694
0.673932
0.928908
0.660220
0.348129
0.307100
0.058799
0.770172
0.838273
0.444850
0.834046
0.214446
0.243250
0.406635
0.909442
0.122572
0.476122
0.028549
0.614637
0.445619
0.946634
0.775164
0.949253
0.902630
0.235868
0.154051
0.242187
0.426279
0.100592
0.213957
0.158964
0.948956
0.943163
0.609155
0.678718
0.251508
0.659826
0.068630
0.753849
0.980233
0.761588
0.059469
0.377117
0.725158
0.054910
0.159307
0.770882
0.800964
0.821526
0.508756
0.434364
0.406958
0.387111
0.263154
0.036626
0.565672
0.160139
0.463972
0.510056
0.894836
0.394848
0.267466
0.958497
0.090490
0.442277
0.634888
0.303595
0.864162
0.869052
0.952291
0.719190
0.827488
