0.360149
0.636101
0.955096
0.904624
0.254381
0.755104
0.415709
0.765469
0.063580
0.738668
0.997795
0.049951
0.304757
0.098085
0.049703
0.177404
0.465918
0.293228
0.018391
0.074324
0.568905
0.093279
0.383201
0.779042
0.622404
0.478084
0.163377
0.012312
0.013703
0.827906
0.092857
0.388370
0.873717
0.819827
0.127157
0.380138
0.688174
0.917768
0.702151
0.812087
0.145109
0.341681
0.969465
0.355116
0.461123
0.876663
0.436564
0.747164
0.059532
0.196174
0.247523
0.685925
0.358964
0.657275
0.150151
0.322753
0.548376
0.165022
0.830466
0.380636
0.625354
0.911551
0.847083
0.045147
0.374615
0.903316
0.744644
0.548445
0.412820
0.647409
0.511044
0.792575
0.154251
0.835519
0.360542
0.277848
0.593338
0.193538
0.635105
0.254686
0.656825
0.304748
0.842151
0.607641
0.849849
0.551257
0.998536
0.276131
0.405680
0.980606
0.549595
0.867646
0.607949
0.980540
0.725913
0.855696
0.950526
0.367962
0.909092
0.396971
