0.115364
0.063432
0.228975
0.909719
0.948175
0.600009
0.366537
0.505772
0.899839
0.978724
0.597773
0.546772
0.621307
0.079078
0.205878
0.572425
0.845035
0.322634
0.424972
0.466308
0.332044
0.013931
0.367215
0.320708
0.651334
0.645188
0.751634
0.193768
0.312494
0.189688
0.465294
0.206947
0.457458
0.187162
0.192946
0.956045
0.208136
0.906451
0.770375
0.333993
0.827274
0.580151
0.143705
0.445514
0.039789
0.665778
0.986097
0.943544
0.636288
0.268030
0.960721
0.365965
0.571378
0.861326
0.024908
0.020599
0.753780
0.271607
0.712724
0.160658
0.720088
0.107411
0.290023
0.914998
0.892561
0.652277
0.298884
0.726382
0.442494
0.054463
0.038277
0.715383
0.533241
0.311023
0.414972
0.244630
0.637666
0.660466
0.413324
0.100992
0.467611
0.900745
0.615045
0.178721
0.208851
0.243210
0.432486
0.648534
0.524564
0.636436
0.792153
0.851578
0.013305
0.809863
0.051192
0.865122
0.547778
0.240349
0.626207
0.173542
