0.854050
0.979231
0.308192
0.286693
0.009053
0.058458
0.121854
0.487845
0.538969
0.466534
0.956907
0.979433
0.048406
0.038980
0.401355
0.505492
0.048982
0.847463
0.868461
0.179283
0.292858
0.774525
0.508029
0.361728
0.859702
0.856083
0.342625
0.912380
0.713425
0.775179
0.458292
0.107200
0.416955
0.500676
0.868110
0.261752
0.483694
0.075488
0.027336
0.809297
0.445463
0.978574
0.432516
0.198430
0.331919
0.247312
0.828382
0.708345
0.702049
0.363119
0.752884
0.573927
0.405153
0.322094
0.838744
0.203513
0.336257
0.217539
0.558346
0.032433
0.592863
0.379787
0.517839
0.183607
0.867688
0.615021
0.463963
0.427251
0.692883
0.353945
0.371424
0.572562
0.687251
0.042980
0.978386
0.819389
0.383844
0.817511
0.351913
0.176670
0.116425
0.192614
0.501495
0.835571
0.710718
0.601300
0.941516
0.282220
0.571782
0.524081
0.493420
0.208152
0.308316
0.045414
0.971002
0.730480
0.013869
0.243313
0.320076
0.115541
