0.389425
0.049458
0.954315
0.683182
0.856905
0.424886
0.683265
0.022662
0.306130
0.491818
0.946447
0.236065
0.492361
0.317726
0.275665
0.118288
0.446981
0.415181
0.250971
0.044170
0.164869
0.318887
0.352433
0.975177
0.411748
0.664201
0.457869
0.492604
0.711314
0.174607
0.765526
0.783271
0.368639
0.030329
0.287378
0.199820
0.958881
0.760064
0.328265
0.008887
0.736452
0.299640
0.105808
0.821298
0.887336
0.490520
0.198835
0.436566
0.506236
0.620635
0.274843
0.167231
0.703186
0.088861
0.978779
0.814424
0.486306
0.937780
0.128376
0.183359
0.606377
0.494893
0.263945
0.227378
0.294435
0.980212
0.942774
0.586031
0.726124
0.070905
0.282194
0.799539
0.950270
0.319765
0.189140
0.889966
0.814001
0.976605
0.171803
0.342008
0.210008
0.497709
0.160393
0.701627
0.120233
0.509478
0.168721
0.975225
0.759998
0.505065
0.118728
0.788503
0.997524
0.639557
0.663421
0.974688
0.279700
0.451517
0.840435
0.889505
