0.331199
0.447469
0.210098
0.360396
0.474230
0.088040
0.942993
0.033610
0.614333
0.042137
0.411897
0.685034
0.546107
0.046984
0.371225
0.170693
0.651984
0.661086
0.398285
0.312323
0.015411
0.094363
0.824442
0.035239
0.965570
0.305507
0.653746
0.551209
0.054597
0.992963
0.213485
0.156614
0.345014
0.163708
0.188533
0.138604
0.625240
0.719050
0.194710
0.765641
0.889001
0.594722
0.285571
0.446561
0.031323
0.328283
0.951354
0.575056
0.566717
0.892357
0.958926
0.352417
0.014163
0.002827
0.051561
0.345222
0.650140
0.739060
0.036073
0.363189
0.137304
0.854741
0.737040
0.198075
0.978773
0.038569
0.015453
0.242178
0.335334
0.257413
0.055753
0.910944
0.070339
0.249933
0.819457
0.801508
0.925555
0.468301
0.447139
0.083525
0.706859
0.494834
0.200802
0.429987
0.441009
0.161684
0.737980
0.898122
0.116847
0.506015
0.324531
0.141812
0.138572
0.261672
0.050961
0.450971
0.528803
0.277757
0.980810
0.811081
