0.198667
0.221349
0.947291
0.477470
0.928172
0.396229
0.703487
0.239238
0.333040
0.098283
0.859365
0.193297
0.326012
0.144293
0.414194
0.821095
0.455774
0.054255
0.526409
0.577286
0.016176
0.981490
0.821153
0.939897
0.509722
0.692701
0.893648
0.421508
0.197693
0.993169
0.528149
0.110067
0.175784
0.242465
0.575298
0.683433
0.909158
0.079017
0.060948
0.186499
0.719643
0.426654
0.352573
0.843968
0.430625
0.874185
0.493964
0.640930
0.295590
0.393040
0.105228
0.777102
0.218701
0.011233
0.194396
0.621314
0.261784
0.769374
0.274007
0.897231
0.450692
0.511206
0.984362
0.845317
0.799994
0.355873
0.349121
0.592776
0.873712
0.634077
0.869729
0.942631
0.955787
0.781189
0.751817
0.864293
0.985856
0.061805
0.972319
0.841931
0.849193
0.787705
0.510379
0.038110
0.301555
0.519140
0.499722
0.851399
0.906482
0.531968
0.373237
0.334615
0.631771
0.521077
0.300773
0.427798
0.269115
0.583331
0.569274
0.115201
