0.710534
0.825951
0.379718
0.971838
0.250713
0.076222
0.793076
0.443566
0.795353
0.472757
0.312931
0.584211
0.203426
0.633430
0.470635
0.045292
0.555410
0.463065
0.305845
0.204728
0.469027
0.617106
0.052941
0.990720
0.335439
0.414536
0.051328
0.655675
0.240364
0.254975
0.037255
0.025898
0.461570
0.153102
0.631096
0.790493
0.613552
0.662317
0.409966
0.853022
0.789248
0.611699
0.614033
0.877345
0.445155
0.280295
0.738493
0.884194
0.163179
0.182874
0.112911
0.461390
0.854179
0.253468
0.539552
0.092368
0.318094
0.819678
0.526895
0.585014
0.775133
0.564475
0.854879
0.603201
0.924616
0.825274
0.725682
0.408026
0.569713
0.364339
0.078462
0.500725
0.804000
0.424033
0.767784
0.946802
0.610581
0.722285
0.367340
0.726780
0.922138
0.123114
0.288927
0.855545
0.879745
0.142890
0.441979
0.282110
0.558684
0.639195
0.103775
0.679376
0.323656
0.568500
0.602411
0.055592
0.162811
0.120231
0.403757
0.008302
