0.551264
0.972590
0.991742
0.733622
0.051422
0.095601
0.012228
0.959259
0.869470
0.629145
0.339380
0.460026
0.366579
0.776150
0.686832
0.421481
0.215646
0.827587
0.035229
0.789591
0.993164
0.926222
0.537049
0.725059
0.264724
0.469369
0.937964
0.331413
0.693217
0.203872
0.047650
0.444655
0.666087
0.452577
0.574754
0.827971
0.622927
0.927943
0.767476
0.165693
0.238423
0.382936
0.310581
0.676888
0.702242
0.249328
0.519163
0.813850
0.873418
0.974697
0.574363
0.264270
0.890478
0.040790
0.165665
0.046880
0.541743
0.382040
0.667006
0.398791
0.345734
0.929742
0.034172
0.031471
0.046099
0.923590
0.167425
0.391514
0.783889
0.714501
0.277398
0.234280
0.853924
0.004038
0.920773
0.199421
0.997768
0.292414
0.602212
0.418481
0.948705
0.215965
0.854486
0.269163
0.695064
0.621177
0.610890
0.782831
0.104654
0.774326
0.661842
0.110580
0.180807
0.104109
0.536050
0.418813
0.008777
0.972869
0.056273
0.017266
