0.000962
0.216853
0.260895
0.629387
0.488214
0.842192
0.955313
0.605567
0.626004
0.817341
0.016899
0.928315
0.166422
0.540116
0.371447
0.877193
0.130108
0.761431
0.283932
0.605999
0.828201
0.517284
0.440170
0.797371
0.130081
0.829615
0.746925
0.962751
0.963959
0.504794
0.027457
0.292791
0.990844
0.048529
0.670765
0.464875
0.524021
0.645462
0.691601
0.937195
0.881274
0.473292
0.924436
0.794542
0.540225
0.377186
0.801470
0.398757
0.820669
0.563923
0.155292
0.549406
0.617718
0.181644
0.397600
0.402620
0.368660
0.412225
0.015887
0.101834
0.375027
0.013025
0.749840
0.371232
0.818705
0.679183
0.800083
0.234250
0.317278
0.733087
0.766675
0.705372
0.831372
0.128474
0.885111
0.635043
0.704449
0.604455
0.036171
0.544585
0.282417
0.613843
0.713837
0.562844
0.523296
0.147616
0.106137
0.514688
0.832487
0.639053
0.943679
0.160607
0.521382
0.705243
0.619599
0.247144
0.127558
0.133313
0.468672
0.927754
