0.211586
0.932191
0.248149
0.744195
0.388767
0.518005
0.923471
0.828618
0.355457
0.456301
0.359085
0.354307
0.717804
0.513280
0.361066
0.357167
0.779519
0.425609
0.596342
0.188144
0.959407
0.692251
0.105998
0.246162
0.410930
0.920010
0.601712
0.548220
0.845016
0.349344
0.241351
0.130707
0.734100
0.223649
0.713447
0.114504
0.872307
0.524940
0.281823
0.948321
0.605718
0.881005
0.009073
0.280606
0.066643
0.705670
0.722733
0.855090
0.981549
0.343835
0.118456
0.228057
0.567476
0.474928
0.043312
0.663653
0.101391
0.924957
0.431052
0.827357
0.256637
0.027386
0.040109
0.947921
0.105041
0.683660
0.416167
0.373280
0.258085
0.723457
0.424812
0.246515
0.870530
0.057657
0.749824
0.755816
0.076459
0.742646
0.846571
0.317714
0.182503
0.822004
0.434357
0.034696
0.387031
0.838770
0.855841
0.414139
0.936626
0.302321
0.594080
0.947047
0.686131
0.615167
0.617398
0.171618
0.972986
0.088378
0.846630
0.512568
