0.811134
0.253826
0.819625
0.626092
0.043822
0.916138
0.553111
0.181173
0.375376
0.116471
0.034296
0.898350
0.655902
0.301436
0.367747
0.780328
0.221749
0.322838
0.826811
0.759308
0.242181
0.351027
0.870659
0.681505
0.705876
0.075275
0.367234
0.416122
0.783798
0.831018
0.587582
0.944057
0.985304
0.271077
0.506936
0.748488
0.887816
0.925923
0.525656
0.051489
0.064603
0.387397
0.221404
0.165814
0.590652
0.979791
0.859786
0.864469
0.780835
0.269843
0.800681
0.153649
0.675953
0.735824
0.049903
0.637020
0.153478
0.747793
0.144511
0.968771
0.486785
0.579237
0.434030
0.845850
0.015415
0.965669
0.645519
0.892145
0.117785
0.120706
0.951934
0.589552
0.944934
0.614271
0.415795
0.405906
0.902160
0.678686
0.479868
0.650300
0.559867
0.840018
0.685793
0.061847
0.852440
0.296567
0.876624
0.679245
0.081405
0.135701
0.770016
0.820914
0.259525
0.050692
0.158895
0.553352
0.071677
0.016438
0.342791
0.431013
