0.755716
0.249522
0.172852
0.898050
0.171480
0.951924
0.593198
0.076751
0.794580
0.511088
0.376332
0.721291
0.617737
0.464282
0.119603
0.406593
0.413709
0.949847
0.327036
0.581047
0.094790
0.280781
0.856890
0.312845
0.072048
0.189049
0.486970
0.568466
0.564243
0.033936
0.960052
0.135840
0.561483
0.980341
0.835992
0.687248
0.848908
0.383282
0.151383
0.450338
0.668957
0.248046
0.844816
0.913649
0.728133
0.690485
0.399705
0.624154
0.416794
0.909359
0.962445
0.712911
0.016511
0.922583
0.338920
0.050921
0.314977
0.825222
0.636923
0.549133
0.282507
0.071198
0.370964
0.294187
0.489146
0.522555
0.406444
0.262540
0.233050
0.086724
0.996708
0.590801
0.592627
0.899981
0.047477
0.346592
0.488840
0.312045
0.097025
0.737625
0.885938
0.274243
0.562101
0.157719
0.159389
0.132941
0.975952
0.571934
0.449540
0.217580
0.643113
0.910037
0.731824
0.842839
0.832852
0.557610
0.477879
0.155716
0.920117
0.483005
