0.526451
0.423896
0.632800
0.268884
0.523108
0.029123
0.204637
0.406021
0.844088
0.903079
0.564856
0.836302
0.232508
0.982656
0.617646
0.309817
0.992783
0.585492
0.117426
0.875290
0.144982
0.607379
0.409160
0.800397
0.564581
0.241826
0.432029
0.091019
0.566816
0.058005
0.827164
0.024348
0.120853
0.876399
0.275693
0.436953
0.274480
0.208354
0.422300
0.823246
0.085506
0.881743
0.839312
0.648184
0.562134
0.273574
0.392484
0.534625
0.299371
0.680399
0.625773
0.926701
0.523567
0.935569
0.511279
0.072734
0.141038
0.917301
0.044352
0.103751
0.254569
0.674186
0.129021
0.000627
0.212667
0.655404
0.550929
0.936472
0.116145
0.721779
0.282141
0.345892
0.235889
0.044690
0.540842
0.153516
0.364587
0.632387
0.041865
0.816955
0.275473
0.293393
0.231345
0.661906
0.038941
0.940896
0.222554
0.241188
0.160948
0.756282
0.228352
0.958536
0.457196
0.234521
0.181502
0.729813
0.896204
0.505302
0.524942
0.045571
