0.525689
0.258415
0.899414
0.325889
0.134198
0.170495
0.727121
0.657060
0.310756
0.869138
0.548082
0.501236
0.073024
0.252659
0.630749
0.260114
0.180364
0.125608
0.667668
0.530480
0.382401
0.924492
0.926366
0.630849
0.924059
0.092312
0.197341
0.124589
0.945296
0.041075
0.790102
0.172882
0.339174
0.594049
0.846411
0.761285
0.506892
0.702448
0.904443
0.790758
0.222072
0.615804
0.046915
0.451471
0.520807
0.483804
0.654631
0.741423
0.434847
0.995394
0.279601
0.066411
0.795235
0.647170
0.253163
0.629044
0.538924
0.073885
0.086243
0.598832
0.856338
0.324694
0.251309
0.000821
0.789461
0.072923
0.973246
0.158049
0.981942
0.345229
0.433364
0.113579
0.294663
0.519061
0.937407
0.042170
0.170700
0.569049
0.510768
0.990881
0.282993
0.863512
0.117854
0.847015
0.272221
0.549865
0.630586
0.708438
0.220274
0.541207
0.574396
0.994218
0.534972
0.691808
0.284420
0.426701
0.792837
0.158522
0.047114
0.560251
