0.187897
0.113613
0.988619
0.466798
0.288203
0.109271
0.009791
0.125907
0.187362
0.045521
0.054772
0.313057
0.142523
0.796891
0.643343
0.903016
0.904338
0.573960
0.111796
0.624264
0.411174
0.590604
0.771504
0.117896
0.545497
0.057968
0.290175
0.260929
0.986831
0.804083
0.756437
0.457998
0.464906
0.855570
0.733062
0.662154
0.297929
0.833213
0.846712
0.855966
0.418756
0.656187
0.761159
0.478156
0.056470
0.492791
0.112999
0.485164
0.910386
0.081028
0.340964
0.461372
0.155703
0.196795
0.812704
0.305318
0.903150
0.422629
0.884490
0.933821
0.489538
0.887176
0.899359
0.574175
0.355022
0.368442
0.262404
0.209147
0.585728
0.460514
0.706764
0.659348
0.660851
0.465151
0.451315
0.953478
0.752219
0.823203
0.676440
0.244886
0.914687
0.221488
0.236480
0.740327
0.563833
0.967050
0.394148
0.675140
0.179387
0.838956
0.669901
0.262682
0.827551
0.209300
0.227683
0.901487
0.965728
0.320255
0.152027
0.543800
