0.509051
0.492892
0.288639
0.378098
0.287640
0.224227
0.979909
0.718222
0.482726
0.856774
0.166304
0.878901
0.251760
0.162255
0.900796
0.810072
0.605086
0.780235
0.408815
0.801677
0.503607
0.289904
0.481689
0.574238
0.178141
0.462873
0.332025
0.289694
0.217356
0.064898
0.521046
0.844832
0.605747
0.348171
0.581158
0.210245
0.721056
0.726964
0.550927
0.764632
0.307869
0.694482
0.646372
0.352844
0.044928
0.597811
0.876311
0.051731
0.609895
0.272889
0.065711
0.712941
0.101992
0.268065
0.664835
0.131871
0.537789
0.501761
0.413456
0.411357
0.551829
0.393788
0.645838
0.592900
0.507541
0.299778
0.659045
0.413663
0.948700
0.408077
0.809912
0.755189
0.133279
0.739980
0.542502
0.873028
0.166405
0.390407
0.358330
0.514275
0.945215
0.604352
0.024561
0.135940
0.356997
0.897895
0.683990
0.522520
0.312650
0.018154
0.497820
0.454973
0.446310
0.433134
0.130511
0.351658
0.145826
0.721106
0.886774
0.995789
