0.379698
0.688616
0.985020
0.798266
0.650077
0.471774
0.702673
0.183998
0.183505
0.359567
0.949987
0.729973
0.984324
0.646074
0.677867
0.641868
0.457702
0.433928
0.525727
0.334690
0.772890
0.491465
0.985179
0.956713
0.216232
0.023651
0.103883
0.300238
0.691299
0.352674
0.395639
0.825117
0.991165
0.371999
0.405380
0.376833
0.750889
0.362288
0.773158
0.855997
0.783714
0.498537
0.105487
0.147807
0.649665
0.667432
0.550719
0.973636
0.580584
0.350361
0.958052
0.638292
0.849625
0.056921
0.133522
0.976392
0.033627
0.973911
0.726075
0.813908
0.223702
0.391379
0.950056
0.532940
0.457158
0.314411
0.104976
0.456280
0.230190
0.116864
0.380136
0.814820
0.318551
0.944390
0.712285
0.132976
0.306302
0.314655
0.261870
0.149466
0.769427
0.564390
0.501387
0.920369
0.149957
0.082756
0.066440
0.016722
0.415292
0.082824
0.036491
0.148321
0.855757
0.418761
0.096439
0.189394
0.375252
0.306042
0.711656
0.797539
