0.360977
0.921616
0.882888
0.458407
0.184114
0.440811
0.720527
0.447227
0.485444
0.234737
0.173668
0.403709
0.100595
0.079912
0.234761
0.070665
0.842797
0.365021
0.269277
0.622049
0.405995
0.293751
0.107869
0.062073
0.490231
0.421851
0.760451
0.560390
0.973642
0.231419
0.178579
0.573816
0.096659
0.266248
0.565560
0.505109
0.690929
0.709791
0.640796
0.610478
0.960603
0.893916
0.987900
0.019162
0.262523
0.166675
0.572606
0.184102
0.850396
0.018960
0.165933
0.824536
0.630983
0.844814
0.779507
0.195942
0.656412
0.408457
0.880159
0.789472
0.917644
0.914324
0.452710
0.628546
0.698253
0.253103
0.990436
0.141681
0.282468
0.337719
0.116020
0.022246
0.849564
0.993659
0.787421
0.531602
0.161464
0.645486
0.273173
0.096199
0.443643
0.339698
0.178231
0.894021
0.374007
0.670736
0.282765
0.351012
0.234071
0.009771
0.111598
0.075544
0.758107
0.379039
0.563890
0.580653
0.040235
0.713696
0.654255
0.876805
