0.942066
0.805934
0.542159
0.945348
0.542517
0.433375
0.979466
0.302588
0.550335
0.364289
0.007432
0.886386
0.624774
0.171129
0.010717
0.780929
0.681699
0.029749
0.943541
0.562282
0.472271
0.676008
0.703430
0.384410
0.688974
0.000754
0.930678
0.790298
0.573495
0.416358
0.821244
0.109526
0.948709
0.620381
0.378714
0.295742
0.337115
0.546887
0.461543
0.276412
0.895276
0.834722
0.349327
0.158748
0.672050
0.606411
0.063951
0.874069
0.676596
0.299747
0.224444
0.250811
0.768351
0.618526
0.234246
0.947371
0.254396
0.712181
0.343285
0.696298
0.866177
0.968010
0.175691
0.348045
0.624142
0.266839
0.543266
0.910756
0.293677
0.267188
0.750831
0.356443
0.550107
0.394911
0.655495
0.086597
0.757473
0.047145
0.146725
0.344861
0.662002
0.698751
0.474221
0.550408
0.606969
0.653964
0.749368
0.770824
0.633875
0.951173
0.674069
0.299591
0.337577
0.586386
0.529068
0.088192
0.588855
0.229002
0.197469
0.399436
