0.339705
0.758444
0.957778
0.372999
0.915193
0.069830
0.305791
0.045700
0.888199
0.401864
0.988171
0.823807
0.646446
0.174439
0.618703
0.828825
0.017110
0.006162
0.070440
0.750718
0.323132
0.517408
0.760195
0.542869
0.841697
0.285919
0.895715
0.100802
0.185047
0.326996
0.657977
0.171141
0.871172
0.524257
0.447920
0.801890
0.423882
0.018169
0.041910
0.183839
0.617768
0.177211
0.055817
0.380788
0.070718
0.668104
0.962155
0.157080
0.122246
0.173527
0.889937
0.045471
0.365821
0.252121
0.520854
0.402591
0.663213
0.056751
0.090211
0.553655
0.226950
0.075287
0.827897
0.764007
0.924285
0.330679
0.003952
0.999876
0.731536
0.127348
0.314835
0.330254
0.995126
0.863975
0.156973
0.427211
0.369912
0.093147
0.632760
0.084157
0.849741
0.531121
0.908312
0.761112
0.792504
0.472737
0.277101
0.410074
0.449784
0.532288
0.346380
0.910158
0.451228
0.605043
0.266946
0.457641
0.780189
0.457868
0.978999
0.663950
