0.975292
0.174558
0.674414
0.419486
0.073221
0.746657
0.354194
0.326176
0.102356
0.716114
0.844730
0.509210
0.112229
0.305970
0.313072
0.880019
0.825606
0.196079
0.959336
0.413166
0.998581
0.064168
0.875048
0.740082
0.295650
0.965252
0.541681
0.866202
0.142367
0.627357
0.178408
0.240516
0.233405
0.031453
0.601854
0.563365
0.012270
0.887565
0.644640
0.134858
0.250662
0.764007
0.235191
0.451617
0.873498
0.931161
0.925064
0.874422
0.817534
0.367338
0.477977
0.973993
0.109593
0.270662
0.591419
0.850922
0.546653
0.512832
0.108456
0.303180
0.005276
0.608510
0.500950
0.492922
0.218313
0.188124
0.422676
0.250270
0.092804
0.671291
0.620891
0.775147
0.666709
0.350460
0.651231
0.510319
0.278087
0.768432
0.912903
0.593194
0.554064
0.943648
0.999353
0.043195
0.899771
0.297865
0.790224
0.206951
0.369941
0.057459
0.471073
0.116710
0.152034
0.475231
0.034488
0.601905
0.943966
0.318171
0.773369
0.273295
