0.105317
0.842535
0.331296
0.720334
0.410013
0.708869
0.928402
0.402377
0.874732
0.410041
0.033543
0.916535
0.609274
0.901919
0.084087
0.667433
0.219562
0.708828
0.841091
0.121727
0.062984
0.203441
0.868381
0.628729
0.534954
0.181797
0.155171
0.881711
0.532780
0.325226
0.068721
0.675007
0.766969
0.492938
0.890806
0.150528
0.955899
0.805775
0.044117
0.176888
0.412117
0.534439
0.118554
0.116647
0.473456
0.101327
0.270259
0.994368
0.698234
0.119837
0.262854
0.072139
0.117619
0.647862
0.604601
0.541257
0.956811
0.996341
0.664647
0.300815
0.181028
0.562877
0.221230
0.319907
0.606220
0.243068
0.732503
0.669646
0.768508
0.236679
0.780708
0.822620
0.585150
0.653416
0.880236
0.145834
0.807652
0.830281
0.423961
0.792049
0.876639
0.183591
0.312676
0.462175
0.145493
0.929925
0.505306
0.380496
0.296713
0.749023
0.645148
0.705033
0.306870
0.283886
0.963889
0.025776
0.859826
0.438993
0.008139
0.951009
