0.656484
0.995770
0.900165
0.883869
0.437006
0.445986
0.785543
0.250366
0.493269
0.198719
0.170403
0.996930
0.890396
0.835129
0.044759
0.507604
0.841471
0.174981
0.818233
0.121179
0.251055
0.794394
0.927647
0.919798
0.413241
0.168165
0.562910
0.435265
0.452040
0.627252
0.858848
0.109879
0.900621
0.970741
0.675721
0.218442
0.435917
0.404174
0.532988
0.672911
0.282224
0.676014
0.296109
0.742483
0.052064
0.139112
0.956124
0.813842
0.017464
0.699992
0.812903
0.463366
0.146706
0.753122
0.023641
0.055408
0.748732
0.866324
0.547067
0.233828
0.169290
0.033298
0.170112
0.763761
0.256274
0.732664
0.886023
0.258355
0.583078
0.470447
0.236376
0.389577
0.849464
0.033980
0.181754
0.545605
0.390989
0.824032
0.474065
0.208684
0.071811
0.960197
0.736566
0.869384
0.073324
0.217243
0.038598
0.795502
0.705585
0.380955
0.139371
0.369062
0.159849
0.189176
0.121339
0.277907
0.991688
0.876436
0.480439
0.202240
