0.553709
0.810171
0.362300
0.978522
0.865218
0.190869
0.883573
0.391566
0.522996
0.567902
0.853894
0.144523
0.109702
0.278409
0.506151
0.936200
0.269436
0.670702
0.112040
0.575493
0.575046
0.594918
0.128704
0.428848
0.200553
0.317751
0.057773
0.133477
0.845209
0.220218
0.485970
0.588899
0.224647
0.119304
0.835184
0.827672
0.033355
0.843677
0.748519
0.503647
0.237267
0.283653
0.281290
0.573472
0.230217
0.930307
0.321450
0.137468
0.191943
0.826996
0.167095
0.440228
0.350161
0.188437
0.027800
0.843928
0.723073
0.142340
0.191728
0.899215
0.108678
0.608179
0.404825
0.458039
0.386849
0.788381
0.885792
0.867120
0.940307
0.223176
0.634996
0.485507
0.869089
0.304839
0.140103
0.879224
0.699482
0.174231
0.121677
0.409473
0.083297
0.663832
0.537390
0.325473
0.391906
0.287678
0.637358
0.394774
0.971576
0.284785
0.643562
0.915244
0.822760
0.611276
0.765559
0.575058
0.638547
0.269080
0.926130
0.382753
