0.333872
0.242730
0.035201
0.988929
0.917022
0.915567
0.011855
0.879367
0.999370
0.544446
0.383360
0.847443
0.142629
0.765647
0.047327
0.759744
0.748806
0.227941
0.994984
0.187176
0.579147
0.563258
0.551244
0.915364
0.725507
0.920924
0.414802
0.101419
0.371336
0.834883
0.774157
0.827627
0.167518
0.669221
0.479530
0.991973
0.228863
0.266307
0.105844
0.028505
0.174511
0.296315
0.485855
0.407440
0.918023
0.267230
0.687587
0.743350
0.385802
0.827458
0.995631
0.871712
0.758030
0.403166
0.849572
0.163906
0.759583
0.905936
0.627835
0.021409
0.904021
0.891504
0.486035
0.466946
0.970291
0.018124
0.619495
0.362932
0.019974
0.407583
0.093204
0.605871
0.632839
0.189042
0.855324
0.800349
0.753801
0.176252
0.212912
0.296923
0.365677
0.718946
0.938535
0.807894
0.557787
0.577931
0.933288
0.810617
0.328383
0.237513
0.884025
0.750595
0.047842
0.467624
0.668289
0.993728
0.076332
0.552534
0.243137
0.833192
