0.232833
0.223994
0.113123
0.593385
0.344900
0.087642
0.032369
0.090765
0.851924
0.846866
0.579828
0.906242
0.433685
0.340500
0.062616
0.211416
0.655329
0.683578
0.519875
0.772461
0.370990
0.792814
0.434341
0.625865
0.408787
0.639588
0.868971
0.149100
0.425188
0.990204
0.382846
0.987751
0.296313
0.491393
0.315863
0.782193
0.212490
0.016278
0.436842
0.872319
0.821955
0.758742
0.712023
0.161070
0.071184
0.429899
0.356081
0.025225
0.736581
0.517652
0.299443
0.811565
0.109983
0.698085
0.257851
0.412338
0.882809
0.854335
0.312062
0.519001
0.004146
0.511360
0.830169
0.029200
0.813774
0.906341
0.932158
0.921200
0.932614
0.282616
0.718758
0.683849
0.811924
0.040999
0.107665
0.358320
0.818609
0.696741
0.298994
0.630628
0.641609
0.723721
0.063224
0.777420
0.773437
0.752738
0.688671
0.533724
0.104531
0.218604
0.297173
0.378944
0.130132
0.651442
0.525032
0.251273
0.787920
0.714030
0.465793
0.561303
