0.070350
0.519897
0.526479
0.472170
0.170528
0.607948
0.699865
0.324551
0.359706
0.192517
0.645747
0.688261
0.361189
0.672445
0.099152
0.894552
0.083831
0.548967
0.501616
0.991895
0.601595
0.289228
0.584432
0.097119
0.601657
0.406352
0.870503
0.237786
0.429278
0.284198
0.714163
0.917938
0.719353
0.250325
0.381711
0.923669
0.850076
0.280225
0.581777
0.376163
0.031593
0.012159
0.024970
0.403201
0.481936
0.253147
0.363647
0.402947
0.675775
0.661945
0.893659
0.405814
0.373777
0.531695
0.059297
0.312886
0.489593
0.930793
0.129124
0.589339
0.223210
0.225790
0.411257
0.444731
0.016391
0.075126
0.760309
0.814298
0.279113
0.204295
0.810291
0.336371
0.939575
0.117174
0.471906
0.305327
0.606629
0.813005
0.735910
0.470478
0.696176
0.090899
0.172247
0.024354
0.073709
0.760761
0.535321
0.660717
0.962270
0.893938
0.105192
0.267742
0.613782
0.984234
0.840995
0.180337
0.724055
0.068628
0.690239
0.244783
