0.826549
0.687332
0.535713
0.604182
0.748288
0.136311
0.259469
0.609978
0.509748
0.793738
0.038207
0.722123
0.838550
0.215398
0.693841
0.158577
0.760825
0.006901
0.460590
0.670132
0.690874
0.910897
0.942266
0.143069
0.687436
0.683860
0.305277
0.856501
0.883877
0.379708
0.545309
0.847730
0.289893
0.699144
0.952239
0.327003
0.867493
0.820498
0.266426
0.162791
0.122929
0.423938
0.935997
0.579575
0.802862
0.645843
0.990056
0.937371
0.866607
0.287598
0.176993
0.135626
0.025946
0.136927
0.338217
0.428252
0.903783
0.365722
0.680148
0.029856
0.531533
0.954687
0.868353
0.514022
0.977920
0.677633
0.010886
0.858477
0.854134
0.290233
0.584395
0.589207
0.375097
0.986164
0.115853
0.968376
0.653269
0.095401
0.548569
0.225429
0.915169
0.077040
0.886580
0.847564
0.766096
0.596324
0.650343
0.267045
0.851080
0.830440
0.241034
0.492819
0.643852
0.027909
0.708317
0.431833
0.033710
0.120391
0.536969
0.566214
