0.748028
0.934927
0.796844
0.514655
0.436149
0.363266
0.456850
0.183616
0.231305
0.661343
0.263808
0.363726
0.513805
0.917573
0.291213
0.207706
0.718755
0.115109
0.631505
0.899185
0.314590
0.546045
0.009444
0.960180
0.805124
0.780340
0.346612
0.162237
0.824936
0.388079
0.637021
0.204603
0.630438
0.578143
0.402646
0.882643
0.901511
0.247032
0.969869
0.588403
0.378854
0.644971
0.405761
0.951109
0.414187
0.337811
0.015530
0.046878
0.492342
0.079435
0.214877
0.942271
0.424775
0.301630
0.528542
0.317852
0.222517
0.045943
0.780333
0.034218
0.712349
0.349409
0.168736
0.085388
0.471909
0.851854
0.552910
0.340180
0.440803
0.170270
0.156793
0.136347
0.345917
0.032321
0.650999
0.870793
0.509675
0.356568
0.023961
0.167526
0.036930
0.550986
0.589201
0.114186
0.050218
0.421526
0.929797
0.505741
0.958752
0.182201
0.127618
0.292286
0.602864
0.309570
0.396224
0.556914
0.074616
0.479038
0.212410
0.209476
