0.449433
0.988338
0.161703
0.796969
0.770372
0.298663
0.996958
0.015103
0.213589
0.558103
0.452841
0.182378
0.407933
0.523887
0.383516
0.655778
0.116913
0.495955
0.889461
0.296832
0.324890
0.055162
0.194412
0.274536
0.428898
0.703091
0.486043
0.780458
0.058829
0.696935
0.446927
0.169585
0.433116
0.221127
0.641178
0.096740
0.997602
0.426565
0.507493
0.190180
0.135129
0.804675
0.586083
0.184361
0.866787
0.291072
0.134680
0.321811
0.769589
0.584727
0.372528
0.320121
0.084806
0.781724
0.716404
0.661862
0.642679
0.705858
0.857233
0.689251
0.599311
0.046967
0.510883
0.379346
0.505170
0.970835
0.460178
0.583710
0.381592
0.931228
0.122246
0.118576
0.945396
0.112704
0.381526
0.957666
0.588414
0.948414
0.683142
0.712231
0.899983
0.183183
0.660305
0.140465
0.132163
0.193716
0.018332
0.446758
0.576537
0.251259
0.315498
0.783512
0.354604
0.142909
0.093200
0.250145
0.875802
0.118325
0.433593
0.890928
