0.719660
0.466080
0.617765
0.268224
0.459547
0.524896
0.188589
0.557159
0.086460
0.404021
0.962360
0.920441
0.827482
0.829440
0.946464
0.023333
0.307703
0.325607
0.909665
0.597538
0.778126
0.258611
0.506458
0.097487
0.199749
0.176505
0.634722
0.791191
0.064779
0.273550
0.489283
0.104366
0.064594
0.987826
0.981035
0.673623
0.195832
0.758743
0.395674
0.671873
0.738621
0.761180
0.169015
0.471259
0.603350
0.402514
0.749285
0.450702
0.289743
0.954625
0.886548
0.861487
0.334814
0.863184
0.552594
0.828217
0.822935
0.776696
0.909919
0.972041
0.716462
0.305915
0.558197
0.271505
0.101768
0.246664
0.159149
0.808767
0.731936
0.045898
0.219221
0.532649
0.156423
0.994739
0.276254
0.452344
0.576738
0.909652
0.095485
0.490855
0.879905
0.210970
0.663095
0.212737
0.681284
0.494705
0.115420
0.456029
0.117549
0.740741
0.254920
0.620085
0.221236
0.948446
0.760870
0.623037
0.219280
0.221542
0.436091
0.657520
