0.473363
0.286552
0.858374
0.409440
0.140412
0.538266
0.374284
0.296662
0.454400
0.125828
0.535550
0.992265
0.881156
0.043352
0.104959
0.316238
0.724635
0.314797
0.252889
0.364699
0.392630
0.951057
0.383707
0.263282
0.030565
0.671110
0.650010
0.228753
0.930720
0.135407
0.566482
0.631830
0.636003
0.084389
0.906676
0.568684
0.694431
0.831618
0.004451
0.210595
0.055478
0.425469
0.690782
0.880875
0.136352
0.550465
0.986205
0.855392
0.721944
0.200084
0.394683
0.919454
0.792911
0.221435
0.336121
0.909000
0.145864
0.651387
0.658867
0.275559
0.213924
0.487193
0.925181
0.242111
0.166190
0.063276
0.084733
0.529407
0.859637
0.994085
0.861357
0.611493
0.972711
0.336138
0.297986
0.760554
0.825223
0.888596
0.358919
0.870656
0.138151
0.428444
0.807414
0.769182
0.642098
0.229810
0.910968
0.649410
0.585848
0.593753
0.557374
0.525642
0.923135
0.318996
0.838371
0.720662
0.725457
0.938727
0.769526
0.245483
