0.293128
0.672362
0.093418
0.007551
0.815574
0.376013
0.786288
0.240299
0.609947
0.695026
0.405991
0.209895
0.487974
0.099906
0.253145
0.214485
0.817712
0.905128
0.828052
0.746885
0.565880
0.060980
0.660935
0.268705
0.161546
0.388309
0.610904
0.521894
0.428239
0.924603
0.729688
0.033670
0.945878
0.332095
0.097455
0.512470
0.741324
0.626205
0.039693
0.447037
0.630827
0.029553
0.564135
0.132028
0.476491
0.121177
0.866415
0.658819
0.298696
0.051290
0.019621
0.065759
0.722635
0.246447
0.297899
0.184129
0.031572
0.206603
0.329515
0.994690
0.680648
0.767577
0.741547
0.426779
0.672918
0.764255
0.902846
0.842821
0.474726
0.163467
0.887207
0.569090
0.150079
0.015355
0.914894
0.470595
0.736226
0.384278
0.136724
0.414633
0.282818
0.883438
0.331327
0.680689
0.974758
0.754048
0.726823
0.730443
0.982275
0.934872
0.633193
0.101940
0.564415
0.290999
0.022647
0.850977
0.303336
0.373576
0.682538
0.874921
