0.432926
0.577008
0.086249
0.417827
0.767213
0.459061
0.672185
0.302492
0.387191
0.681411
0.567235
0.086231
0.094838
0.571689
0.392983
0.864673
0.024222
0.962878
0.833563
0.520131
0.836457
0.942205
0.818222
0.428510
0.418039
0.387688
0.659654
0.541865
0.878444
0.379214
0.128164
0.573523
0.416773
0.618088
0.039565
0.582268
0.189554
0.083537
0.924964
0.513471
0.730215
0.212760
0.123455
0.718186
0.104725
0.817040
0.418189
0.699313
0.815710
0.259435
0.536993
0.604853
0.901563
0.441056
0.655397
0.255396
0.459451
0.241422
0.798411
0.444598
0.752013
0.398107
0.495489
0.557350
0.750867
0.751187
0.106409
0.889611
0.097004
0.003676
0.078928
0.164195
0.961611
0.247761
0.624069
0.356713
0.155878
0.495332
0.495057
0.292396
0.230644
0.597268
0.024174
0.223181
0.387318
0.605374
0.102403
0.328956
0.916729
0.230512
0.440548
0.662300
0.196738
0.742804
0.121796
0.772115
0.753627
0.095995
0.892475
0.261701
