0.110365
0.323384
0.729886
0.703291
0.219009
0.694526
0.217421
0.847532
0.865453
0.848610
0.544204
0.591334
0.512971
0.498646
0.837204
0.907818
0.437361
0.177304
0.036348
0.220139
0.732553
0.037089
0.937801
0.734145
0.590108
0.621880
0.111298
0.264679
0.173967
0.734640
0.543640
0.019417
0.848034
0.011157
0.768438
0.740200
0.358662
0.027638
0.633283
0.342938
0.368797
0.811379
0.020264
0.747758
0.226400
0.945187
0.896184
0.813943
0.883736
0.778860
0.850946
0.937569
0.560706
0.935573
0.808424
0.196000
0.884389
0.158449
0.499472
0.372785
0.012880
0.062615
0.489214
0.474314
0.927910
0.674916
0.786658
0.425850
0.729767
0.076829
0.942841
0.303523
0.113289
0.317641
0.620041
0.565652
0.351383
0.369186
0.823838
0.919552
0.735649
0.415044
0.719132
0.007362
0.132010
0.363459
0.539827
0.078788
0.150737
0.587339
0.689833
0.610589
0.248659
0.273892
0.678384
0.441164
0.787430
0.020637
0.971443
0.958317
