0.506724
0.370876
0.421624
0.495034
0.412311
0.751597
0.287316
0.586566
0.007999
0.636904
0.987687
0.135710
0.876191
0.917792
0.913447
0.628488
0.990337
0.582556
0.589208
0.376166
0.235615
0.797305
0.454367
0.240511
0.865154
0.828516
0.458910
0.590118
0.233480
0.737871
0.730444
0.452853
0.301731
0.860968
0.187033
0.722874
0.345235
0.018498
0.403256
0.480902
0.172266
0.643813
0.567142
0.978737
0.878321
0.039623
0.345723
0.192813
0.259233
0.198288
0.291449
0.256901
0.954123
0.137968
0.059325
0.797565
0.048381
0.567816
0.304735
0.151966
0.118440
0.019500
0.682683
0.528271
0.093781
0.819692
0.599300
0.751356
0.806114
0.095601
0.598116
0.936445
0.110480
0.959381
0.762823
0.766071
0.659264
0.561814
0.561185
0.127483
0.673693
0.456634
0.240243
0.424278
0.436712
0.251678
0.915224
0.355428
0.676690
0.562712
0.530006
0.665301
0.381497
0.791818
0.862946
0.700344
0.022331
0.028086
0.914756
0.491703
