0.200518
0.218245
0.784173
0.293108
0.945928
0.523417
0.935245
0.176332
0.058532
0.044938
0.892133
0.290067
0.381180
0.019880
0.680294
0.800092
0.136961
0.776809
0.217432
0.493131
0.365749
0.067418
0.660867
0.191448
0.891551
0.390833
0.172606
0.204308
0.775116
0.503972
0.088086
0.076328
0.527819
0.535346
0.209772
0.189520
0.246679
0.173086
0.646883
0.338728
0.280181
0.512810
0.410919
0.325147
0.043644
0.509715
0.012719
0.813575
0.754401
0.968857
0.659817
0.186313
0.080352
0.393236
0.617522
0.898605
0.054903
0.085299
0.023341
0.233437
0.616112
0.452518
0.287933
0.720442
0.181546
0.198028
0.685407
0.896798
0.953179
0.185163
0.384971
0.305698
0.331675
0.015221
0.227806
0.512485
0.652611
0.097764
0.693412
0.209112
0.649037
0.051907
0.611159
0.172430
0.983304
0.655452
0.857864
0.318641
0.281229
0.699868
0.995317
0.927878
0.583955
0.461045
0.458117
0.143081
0.306035
0.799368
0.685183
0.430562
