0.370933
0.210567
0.547237
0.849558
0.568910
0.659240
0.126143
0.368374
0.384448
0.471643
0.294332
0.312272
0.199853
0.242557
0.116382
0.546732
0.289410
0.685877
0.928897
0.678197
0.888751
0.965637
0.288372
0.989103
0.965983
0.348447
0.603725
0.175281
0.308074
0.267692
0.021416
0.417211
0.172806
0.724191
0.169471
0.416559
0.574068
0.513864
0.879596
0.696887
0.448904
0.152132
0.178474
0.534862
0.684814
0.953592
0.833839
0.916202
0.694971
0.885668
0.754366
0.600575
0.232234
0.350271
0.115650
0.835355
0.449144
0.508586
0.192078
0.913573
0.092832
0.421675
0.373783
0.361366
0.278386
0.235616
0.115490
0.566078
0.429995
0.075062
0.187458
0.284308
0.309257
0.299377
0.813244
0.985753
0.727277
0.063191
0.426915
0.856400
0.205473
0.365488
0.766854
0.825001
0.425807
0.696604
0.842513
0.304515
0.156290
0.094616
0.744725
0.952929
0.467466
0.027991
0.543117
0.378760
0.255427
0.614979
0.932584
0.747652
