0.359821
0.665191
0.765059
0.668326
0.868959
0.060311
0.117848
0.453097
0.637661
0.383971
0.497204
0.697712
0.945485
0.984533
0.464669
0.175521
0.030580
0.329436
0.185398
0.991908
0.946721
0.568274
0.843851
0.618165
0.874210
0.867903
0.725930
0.270375
0.101203
0.487004
0.483796
0.695204
0.169964
0.963378
0.175812
0.523976
0.817716
0.178548
0.886062
0.211263
0.235556
0.168674
0.548857
0.116683
0.486927
0.357988
0.986581
0.430845
0.394751
0.362494
0.325593
0.017980
0.394094
0.171209
0.273015
0.307138
0.873180
0.581791
0.489007
0.198943
0.502658
0.893578
0.459420
0.977891
0.914156
0.071979
0.041596
0.251007
0.955708
0.170417
0.056435
0.836120
0.448160
0.683049
0.738042
0.779844
0.545554
0.521349
0.936800
0.588766
0.347471
0.636929
0.073675
0.930738
0.055663
0.459041
0.087856
0.365495
0.598217
0.849640
0.011509
0.881413
0.856479
0.526801
0.234104
0.804616
0.979075
0.798259
0.527661
0.124195
