0.325943
0.911112
0.081275
0.457367
0.717243
0.974336
0.161552
0.074726
0.959022
0.468295
0.322331
0.610751
0.814388
0.892895
0.865139
0.774587
0.883338
0.485337
0.149827
0.918936
0.773056
0.341512
0.126674
0.626167
0.806408
0.704454
0.834552
0.335526
0.970039
0.087457
0.738042
0.160801
0.349336
0.721477
0.179215
0.351128
0.932396
0.476201
0.489272
0.829296
0.849005
0.082310
0.330180
0.888337
0.377757
0.783036
0.973678
0.685585
0.535279
0.271105
0.635276
0.173247
0.892999
0.016088
0.856122
0.542833
0.518380
0.881388
0.056868
0.331389
0.267131
0.935970
0.858665
0.419580
0.770788
0.006540
0.218267
0.150758
0.675654
0.322786
0.281404
0.821050
0.964724
0.083063
0.479732
0.544531
0.439053
0.767352
0.448709
0.268018
0.017160
0.814015
0.591590
0.485613
0.269602
0.425311
0.303445
0.546174
0.949361
0.651247
0.851808
0.154855
0.522475
0.482308
0.350275
0.645814
0.323311
0.570520
0.778254
0.834868
