0.527992
0.223072
0.505865
0.083907
0.728935
0.114583
0.855108
0.589478
0.506457
0.670556
0.812038
0.756858
0.649812
0.109200
0.597622
0.577902
0.181363
0.665605
0.201070
0.145492
0.703534
0.602523
0.172997
0.914927
0.740891
0.642665
0.258781
0.604522
0.653404
0.904980
0.631130
0.780936
0.161989
0.220807
0.848984
0.443857
0.112316
0.241538
0.259175
0.067664
0.328330
0.576209
0.683540
0.195858
0.735386
0.105450
0.668814
0.298995
0.092147
0.446690
0.057226
0.065117
0.338385
0.241784
0.711344
0.340461
0.876567
0.612546
0.049351
0.607357
0.859268
0.637331
0.914123
0.524137
0.867190
0.643472
0.341849
0.009522
0.603016
0.731224
0.695218
0.790780
0.493981
0.607909
0.606093
0.977269
0.466996
0.744063
0.345372
0.620720
0.611786
0.408760
0.686082
0.624880
0.626238
0.819547
0.208965
0.738949
0.666519
0.156853
0.091572
0.274739
0.985300
0.185562
0.659330
0.982082
0.899463
0.022642
0.868059
0.564805
