0.856086
0.056015
0.428316
0.922814
0.885515
0.547083
0.846450
0.387910
0.460480
0.554877
0.857292
0.270277
0.081456
0.631460
0.864420
0.430092
0.819731
0.959429
0.956844
0.897889
0.534095
0.833124
0.129876
0.642921
0.281150
0.752906
0.525028
0.816803
0.501669
0.985927
0.141074
0.453594
0.182766
0.634225
0.934691
0.028625
0.354868
0.659746
0.087896
0.311996
0.572064
0.934720
0.383879
0.354044
0.697046
0.924100
0.222835
0.222672
0.290144
0.662617
0.477371
0.064739
0.644460
0.103601
0.074716
0.221186
0.277725
0.400969
0.757949
0.412248
0.282664
0.996148
0.957447
0.978991
0.271231
0.549149
0.647650
0.145448
0.928386
0.383298
0.043457
0.246365
0.190341
0.476349
0.454615
0.457678
0.196861
0.680313
0.038222
0.326810
0.439872
0.519664
0.073265
0.760984
0.317089
0.804681
0.007344
0.030585
0.179745
0.072352
0.338813
0.980365
0.705176
0.129341
0.402924
0.096724
0.462222
0.014222
0.231105
0.456492
