0.201758
0.180333
0.631290
0.707626
0.641873
0.907094
0.101778
0.025771
0.543378
0.708136
0.706903
0.120680
0.167312
0.660471
0.273683
0.931269
0.125355
0.284309
0.102178
0.232420
0.892803
0.758804
0.012166
0.365014
0.480562
0.129545
0.101327
0.793714
0.723960
0.554411
0.662793
0.002614
0.483811
0.973172
0.548099
0.688019
0.459043
0.749982
0.025003
0.758858
0.358147
0.289304
0.659877
0.368944
0.417790
0.001931
0.564725
0.036168
0.110469
0.386336
0.301031
0.030981
0.811301
0.061750
0.237807
0.680252
0.262980
0.487910
0.642488
0.614430
0.800262
0.819164
0.001453
0.685886
0.165634
0.953261
0.544630
0.497671
0.042481
0.356737
0.552746
0.637527
0.589030
0.353463
0.190519
0.633919
0.588034
0.263175
0.623471
0.737523
0.210897
0.157145
0.805756
0.891570
0.544425
0.310631
0.980307
0.675052
0.243613
0.948005
0.229096
0.971706
0.991319
0.445588
0.087232
0.914557
0.103458
0.749031
0.244695
0.584335
