0.721700
0.875209
0.699885
0.620434
0.043416
0.154992
0.091646
0.079117
0.360299
0.759066
0.077187
0.039638
0.555782
0.992530
0.616899
0.027068
0.396682
0.362930
0.360749
0.426875
0.836110
0.902187
0.540665
0.550833
0.779711
0.964497
0.517464
0.524945
0.425277
0.072553
0.862927
0.852204
0.158618
0.782337
0.680186
0.885647
0.664512
0.283731
0.671184
0.464083
0.802185
0.323783
0.780731
0.591649
0.044166
0.709796
0.288060
0.702588
0.548015
0.067738
0.569690
0.039922
0.315617
0.677359
0.716773
0.387512
0.075346
0.077407
0.769512
0.868512
0.319186
0.909601
0.885917
0.967416
0.671235
0.846815
0.882807
0.706310
0.670420
0.288645
0.805481
0.357915
0.383546
0.332451
0.281736
0.797007
0.172036
0.768881
0.010232
0.172292
0.403522
0.237584
0.245985
0.544896
0.909948
0.257641
0.077414
0.247999
0.296650
0.929372
0.432428
0.011163
0.309669
0.319215
0.743198
0.066914
0.229477
0.998742
0.838962
0.753826
