0.263093
0.990338
0.867145
0.210492
0.542808
0.670863
0.183936
0.090124
0.231318
0.001888
0.617838
0.797827
0.953116
0.481198
0.214215
0.430420
0.881238
0.157672
0.302362
0.739899
0.254375
0.581185
0.549392
0.178960
0.608273
0.153384
0.944571
0.898443
0.581281
0.554499
0.953946
0.640587
0.928762
0.717683
0.798416
0.027450
0.845743
0.991192
0.922494
0.411895
0.914593
0.539353
0.605542
0.761115
0.015990
0.051973
0.469770
0.698928
0.046607
0.569104
0.949464
0.853979
0.162837
0.890487
0.194965
0.114045
0.147007
0.869156
0.837699
0.140066
0.897842
0.096293
0.376107
0.977484
0.388705
0.568746
0.056694
0.036690
0.222530
0.227781
0.157195
0.428732
0.929071
0.424173
0.890201
0.063552
0.050274
0.916163
0.533086
0.929779
0.128122
0.772688
0.596031
0.148582
0.070192
0.203667
0.012201
0.938188
0.561082
0.793399
0.846130
0.564613
0.023729
0.012415
0.394309
0.627165
0.850234
0.461279
0.328091
0.076977
