0.516062
0.387713
0.586370
0.990281
0.513458
0.329243
0.166230
0.815570
0.846679
0.430287
0.894991
0.093781
0.102149
0.186254
0.665538
0.636351
0.268943
0.344008
0.128068
0.578502
0.098320
0.489449
0.489571
0.243101
0.735746
0.890018
0.188781
0.046948
0.053603
0.041415
0.890106
0.303765
0.473590
0.862747
0.006099
0.075752
0.517229
0.374470
0.644689
0.863577
0.726730
0.194832
0.721691
0.535374
0.492145
0.094595
0.914243
0.734962
0.715519
0.538230
0.632279
0.286405
0.518291
0.735561
0.666683
0.825103
0.269715
0.731150
0.393276
0.680812
0.086258
0.376598
0.784587
0.540958
0.260874
0.564712
0.792726
0.685023
0.296511
0.898337
0.132783
0.758217
0.009569
0.254621
0.772518
0.049510
0.938865
0.082721
0.047959
0.926133
0.631209
0.416250
0.057321
0.587503
0.478171
0.591049
0.502231
0.110258
0.441852
0.652894
0.150190
0.525576
0.648740
0.092686
0.425035
0.654115
0.749339
0.227622
0.889272
0.006180
