0.715761
0.115074
0.357491
0.619261
0.953110
0.573765
0.573269
0.266018
0.392333
0.877279
0.375167
0.747010
0.218887
0.390785
0.070846
0.701002
0.454673
0.820702
0.712367
0.555364
0.280294
0.811253
0.179509
0.386437
0.005573
0.451479
0.257455
0.850279
0.831828
0.451104
0.374491
0.694622
0.250460
0.432050
0.409919
0.727489
0.626641
0.399784
0.879273
0.294551
0.225159
0.942417
0.810725
0.061915
0.180706
0.926624
0.030568
0.992704
0.083068
0.537802
0.946268
0.845430
0.596198
0.452676
0.618022
0.007382
0.535016
0.370464
0.973061
0.952872
0.719405
0.006800
0.795599
0.102915
0.826548
0.514055
0.436148
0.211050
0.222477
0.130598
0.967788
0.565711
0.499311
0.133149
0.812949
0.186148
0.001371
0.909654
0.127341
0.896908
0.926249
0.958310
0.156807
0.712478
0.713488
0.064481
0.714086
0.026824
0.356277
0.149944
0.753858
0.640349
0.170306
0.282551
0.067629
0.640371
0.048011
0.157331
0.254354
0.688762
