0.313851
0.042732
0.973813
0.770245
0.054144
0.103834
0.442490
0.298691
0.462453
0.993075
0.524167
0.947253
0.331860
0.124895
0.516736
0.456986
0.856840
0.470356
0.415043
0.591865
0.783161
0.412361
0.094232
0.377727
0.085539
0.736282
0.390952
0.906821
0.053369
0.143110
0.556262
0.201826
0.799334
0.295653
0.947540
0.201604
0.728999
0.311398
0.684406
0.987713
0.607841
0.838898
0.587970
0.048810
0.688256
0.219360
0.485945
0.296823
0.187491
0.210469
0.406410
0.451774
0.266539
0.006676
0.466998
0.482858
0.584329
0.081436
0.312935
0.744512
0.287254
0.589144
0.416819
0.057570
0.777041
0.458703
0.345350
0.732729
0.378861
0.441160
0.413447
0.022792
0.698127
0.557276
0.962769
0.734667
0.410557
0.217509
0.431874
0.803817
0.646598
0.019314
0.110861
0.556136
0.564682
0.851260
0.342778
0.275289
0.234216
0.226258
0.950618
0.805128
0.427019
0.130712
0.125132
0.276508
0.468339
0.454248
0.602100
0.821383
