0.940123
0.270222
0.350049
0.820896
0.637039
0.867941
0.592005
0.503028
0.456627
0.065613
0.888868
0.627669
0.821835
0.175256
0.428465
0.186263
0.558866
0.221422
0.561813
0.465197
0.368557
0.939543
0.349385
0.923312
0.236814
0.798808
0.404309
0.005713
0.585525
0.697711
0.855231
0.658276
0.238182
0.647053
0.137066
0.703551
0.908359
0.398480
0.054312
0.354627
0.533541
0.224911
0.133449
0.516602
0.473752
0.098495
0.652702
0.245258
0.824933
0.563581
0.922065
0.607990
0.855879
0.968503
0.104233
0.198173
0.424237
0.889944
0.035374
0.795783
0.343362
0.075402
0.081104
0.140888
0.288783
0.829318
0.802377
0.143275
0.728004
0.524495
0.286562
0.485818
0.746355
0.987333
0.291208
0.900864
0.199945
0.124901
0.827571
0.751292
0.771614
0.111896
0.264118
0.543132
0.186613
0.366454
0.507407
0.893643
0.627798
0.226722
0.465325
0.887744
0.772493
0.359376
0.262709
0.136260
0.400747
0.012739
0.590257
0.555418
