0.597694
0.065812
0.173162
0.256123
0.451169
0.868855
0.377858
0.601889
0.534865
0.018049
0.075303
0.772318
0.461290
0.062317
0.305261
0.188275
0.821223
0.148423
0.270017
0.123179
0.407310
0.520218
0.355844
0.340978
0.006480
0.413572
0.533103
0.676991
0.478190
0.436788
0.702201
0.169751
0.410147
0.557232
0.101739
0.966706
0.510069
0.559525
0.207254
0.534067
0.562049
0.654540
0.376688
0.063437
0.810751
0.338087
0.636763
0.828548
0.994893
0.548435
0.105095
0.657065
0.194598
0.424510
0.873570
0.249308
0.052861
0.920635
0.730061
0.627489
0.877200
0.561383
0.698457
0.217905
0.985959
0.389306
0.903472
0.759655
0.293409
0.003870
0.134362
0.182999
0.486378
0.388241
0.858885
0.310890
0.068935
0.513590
0.163234
0.618903
0.150180
0.342103
0.239166
0.120694
0.842779
0.060560
0.360872
0.982176
0.034647
0.366815
0.610525
0.001669
0.674993
0.109687
0.129882
0.552507
0.430616
0.952618
0.725382
0.481094
