0.919691
0.760631
0.407919
0.929681
0.732713
0.950862
0.380504
0.863479
0.614959
0.270546
0.512157
0.400305
0.495369
0.228906
0.636612
0.296348
0.512230
0.727755
0.479472
0.576731
0.660705
0.305841
0.915507
0.076783
0.684437
0.218103
0.737732
0.240113
0.516407
0.166175
0.107346
0.268251
0.956694
0.442906
0.125743
0.163843
0.177478
0.937342
0.858485
0.430702
0.621181
0.822285
0.562739
0.724889
0.498512
0.514766
0.685347
0.530643
0.989072
0.384799
0.628329
0.170539
0.008681
0.687162
0.659012
0.219980
0.082184
0.800989
0.586095
0.485473
0.278891
0.198121
0.552483
0.162011
0.424104
0.003587
0.825606
0.909934
0.508751
0.483377
0.612813
0.055467
0.267945
0.535515
0.920511
0.016869
0.952246
0.324861
0.158916
0.499642
0.109271
0.906558
0.092009
0.697578
0.155933
0.058570
0.110478
0.120863
0.906095
0.852174
0.006895
0.461646
0.115311
0.940758
0.405664
0.571463
0.957696
0.342308
0.280048
0.297929
