0.475984
0.770577
0.180017
0.552758
0.238532
0.476465
0.051967
0.550632
0.779328
0.761465
0.492360
0.502421
0.561970
0.011321
0.871101
0.396055
0.122254
0.429965
0.721940
0.247741
0.024775
0.165047
0.364214
0.930990
0.357832
0.574831
0.784728
0.469436
0.194359
0.613189
0.355592
0.741430
0.243325
0.216424
0.759692
0.364935
0.831043
0.302843
0.137561
0.416394
0.052586
0.336385
0.004876
0.684972
0.749641
0.067364
0.364085
0.697847
0.153994
0.938788
0.144091
0.717663
0.195616
0.993496
0.698641
0.155875
0.316589
0.203621
0.790942
0.305842
0.304187
0.819746
0.214978
0.150691
0.057018
0.455860
0.664224
0.732171
0.289884
0.080550
0.483018
0.179186
0.889130
0.528516
0.313257
0.812174
0.722313
0.788073
0.530306
0.566401
0.540385
0.585365
0.490053
0.448302
0.131345
0.798666
0.731522
0.220088
0.953624
0.869742
0.535327
0.143863
0.162638
0.399641
0.292395
0.869081
0.813792
0.556347
0.139306
0.951173
