0.041530
0.626014
0.650273
0.407121
0.865780
0.615762
0.684604
0.150145
0.880663
0.910159
0.778220
0.642526
0.807804
0.529655
0.078962
0.855819
0.592533
0.882187
0.974363
0.957909
0.709391
0.236459
0.563509
0.915287
0.816681
0.779695
0.726334
0.274058
0.234636
0.276532
0.772808
0.402724
0.743086
0.445054
0.482313
0.360883
0.846407
0.735618
0.921297
0.319774
0.086015
0.845660
0.919480
0.076319
0.294641
0.337975
0.636350
0.819452
0.695557
0.992735
0.690260
0.591372
0.253620
0.191681
0.498768
0.828653
0.720573
0.504727
0.536601
0.037032
0.659789
0.030823
0.461521
0.635857
0.555905
0.140589
0.106498
0.904443
0.413636
0.771157
0.802058
0.337866
0.396391
0.507171
0.169930
0.788166
0.912920
0.499582
0.866703
0.280150
0.258663
0.018111
0.679926
0.171753
0.628761
0.115391
0.951533
0.389851
0.553641
0.628410
0.654095
0.400905
0.035319
0.306266
0.015159
0.375843
0.382530
0.456873
0.985407
0.824116
