0.858956
0.134455
0.966950
0.827645
0.989894
0.887539
0.509362
0.442967
0.676840
0.682376
0.140082
0.140394
0.778194
0.560933
0.081725
0.617141
0.060060
0.497104
0.419885
0.902034
0.682648
0.045053
0.502287
0.894988
0.938144
0.161275
0.426128
0.206497
0.899590
0.777550
0.057010
0.965990
0.595133
0.088657
0.474655
0.150969
0.037421
0.622246
0.410109
0.023909
0.387213
0.982398
0.192720
0.615963
0.709894
0.835733
0.236429
0.337408
0.465574
0.998081
0.836836
0.484199
0.399328
0.317445
0.546082
0.201524
0.084170
0.467159
0.781381
0.541542
0.717879
0.693191
0.034936
0.965013
0.790610
0.089947
0.479239
0.248790
0.720056
0.341595
0.632988
0.587535
0.344182
0.669954
0.515444
0.344223
0.112901
0.287584
0.561696
0.267771
0.346527
0.366284
0.412069
0.045303
0.195243
0.042557
0.022103
0.313222
0.773066
0.906957
0.363706
0.238984
0.688415
0.937637
0.894744
0.714586
0.202008
0.733235
0.830373
0.315836
