0.708690
0.278211
0.323769
0.468916
0.447623
0.202902
0.438263
0.275206
0.036351
0.610956
0.646286
0.840043
0.906071
0.288738
0.426392
0.595432
0.400988
0.830593
0.713939
0.906595
0.710638
0.029129
0.920000
0.485256
0.693981
0.609935
0.505276
0.267520
0.134364
0.995525
0.360040
0.159007
0.861725
0.929704
0.476721
0.931437
0.794620
0.040744
0.586699
0.039872
0.997196
0.830433
0.834394
0.715113
0.338722
0.172944
0.911540
0.239632
0.448039
0.318509
0.861172
0.851583
0.123104
0.861154
0.205944
0.987315
0.608734
0.293418
0.794026
0.503587
0.883700
0.195117
0.461150
0.578293
0.724407
0.483710
0.581974
0.188540
0.896857
0.715791
0.085906
0.270908
0.307221
0.879929
0.924466
0.514640
0.094969
0.361923
0.248554
0.036332
0.023016
0.659514
0.542885
0.740823
0.589847
0.490219
0.269139
0.131750
0.036791
0.138872
0.278701
0.015126
0.075194
0.818268
0.303848
0.917911
0.244023
0.633221
0.468256
0.379434
