0.555225
0.887972
0.542375
0.222246
0.885656
0.751068
0.747212
0.549037
0.422378
0.278063
0.980426
0.224746
0.532528
0.140621
0.522409
0.918329
0.357395
0.064515
0.108901
0.749160
0.111209
0.866184
0.249058
0.334355
0.081656
0.677502
0.127629
0.562016
0.434617
0.127541
0.515960
0.410603
0.473135
0.955692
0.457981
0.452087
0.038036
0.270144
0.065243
0.449807
0.993447
0.355507
0.558530
0.521206
0.027850
0.785926
0.013976
0.585911
0.910051
0.634398
0.173026
0.673506
0.524976
0.986973
0.048298
0.638477
0.703699
0.509797
0.964890
0.875268
0.706527
0.519517
0.710581
0.006622
0.993487
0.834145
0.345965
0.451683
0.376459
0.980250
0.800286
0.542346
0.962863
0.756049
0.454267
0.330318
0.197156
0.619067
0.790130
0.522590
0.622491
0.485457
0.577973
0.690937
0.481595
0.865019
0.088394
0.089732
0.369608
0.848755
0.005282
0.827807
0.151723
0.310196
0.990256
0.608607
0.519332
0.770620
0.897384
0.474887
