0.760838
0.400760
0.204386
0.821726
0.681808
0.342904
0.523602
0.611090
0.358914
0.944124
0.035096
0.232552
0.968606
0.296999
0.634860
0.820377
0.058492
0.210732
0.966445
0.416624
0.692393
0.894750
0.301176
0.674812
0.158359
0.069454
0.837291
0.972057
0.208124
0.132430
0.350764
0.410731
0.467087
0.852619
0.348278
0.995823
0.723851
0.418916
0.417829
0.445536
0.752058
0.667931
0.299893
0.838453
0.820361
0.275996
0.789196
0.063497
0.431604
0.289282
0.763895
0.816954
0.686443
0.210627
0.104103
0.349867
0.329687
0.361743
0.448192
0.474481
0.666720
0.938223
0.783936
0.391016
0.585106
0.750308
0.844805
0.528809
0.967640
0.479930
0.252865
0.089257
0.043088
0.786064
0.084477
0.085973
0.453752
0.569124
0.998454
0.339575
0.651516
0.061304
0.363172
0.132417
0.324341
0.078345
0.335002
0.153620
0.406477
0.630180
0.664381
0.643437
0.414807
0.637136
0.410449
0.174761
0.094662
0.934896
0.808533
0.903781
