0.241059
0.076957
0.316639
0.908400
0.949990
0.788610
0.188056
0.627212
0.382090
0.696065
0.470937
0.021588
0.256769
0.122060
0.518664
0.464998
0.586663
0.523209
0.663325
0.433983
0.704334
0.413264
0.029449
0.033700
0.265064
0.490130
0.146408
0.752487
0.487456
0.673797
0.451659
0.353197
0.838090
0.750967
0.820593
0.430219
0.993496
0.619981
0.968503
0.233445
0.061027
0.410287
0.480743
0.367308
0.373467
0.479779
0.891149
0.558671
0.409846
0.733897
0.348820
0.016877
0.844412
0.805301
0.471231
0.967786
0.802948
0.343272
0.053795
0.079510
0.565568
0.422873
0.059279
0.035842
0.294543
0.088253
0.563679
0.507270
0.675752
0.851837
0.242359
0.309650
0.950320
0.789629
0.117858
0.932549
0.124388
0.990920
0.731378
0.927575
0.033942
0.078490
0.070110
0.610956
0.276759
0.409865
0.732939
0.167532
0.324967
0.780287
0.726049
0.851501
0.992551
0.078918
0.459972
0.769255
0.863325
0.626627
0.933811
0.649506
