0.300830
0.101711
0.163373
0.815342
0.633311
0.337153
0.933427
0.858924
0.377038
0.397789
0.138521
0.009011
0.250371
0.362852
0.848064
0.329797
0.803596
0.538897
0.587249
0.731608
0.443943
0.232709
0.453078
0.937046
0.308379
0.810947
0.708870
0.610604
0.912365
0.726157
0.511466
0.492973
0.217114
0.429563
0.158114
0.054619
0.759325
0.692770
0.177744
0.860485
0.118338
0.190198
0.865489
0.419942
0.298042
0.090363
0.444299
0.225399
0.425544
0.545442
0.161835
0.926120
0.421954
0.057870
0.546555
0.897130
0.502539
0.674078
0.366837
0.630268
0.054016
0.754333
0.421461
0.620024
0.449752
0.693286
0.299202
0.789800
0.170293
0.629388
0.332771
0.534644
0.299914
0.162072
0.013490
0.626678
0.712551
0.310638
0.764269
0.725746
0.912999
0.979927
0.616914
0.061629
0.709474
0.656034
0.307719
0.183152
0.166545
0.845188
0.370798
0.891035
0.676232
0.633582
0.456504
0.046625
0.264707
0.297059
0.045735
0.283709
