0.787139
0.548268
0.368286
0.664126
0.453241
0.017732
0.550206
0.385016
0.531614
0.857962
0.940348
0.578681
0.241433
0.722747
0.188909
0.480824
0.189562
0.483238
0.980872
0.751236
0.855301
0.728197
0.398405
0.681801
0.782299
0.398135
0.122970
0.003550
0.954230
0.375288
0.784904
0.929563
0.992078
0.032150
0.819733
0.441945
0.696785
0.321336
0.913411
0.385016
0.627962
0.553768
0.668704
0.552147
0.787511
0.670821
0.958474
0.818603
0.089526
0.124863
0.535753
0.547623
0.779696
0.382108
0.986668
0.776725
0.212053
0.106503
0.141492
0.512722
0.471827
0.756018
0.759704
0.902278
0.576034
0.368544
0.588658
0.869005
0.804330
0.024537
0.508054
0.137728
0.734391
0.939192
0.371647
0.756755
0.826517
0.243385
0.419285
0.845430
0.587323
0.931488
0.415114
0.227148
0.922637
0.092115
0.430529
0.697860
0.045537
0.561578
0.305527
0.441370
0.367513
0.115396
0.738773
0.327758
0.519922
0.718397
0.588324
0.689635
