0.908603
0.750730
0.873316
0.413367
0.799813
0.005677
0.086263
0.649885
0.804613
0.822505
0.646848
0.629226
0.119693
0.653942
0.417138
0.411525
0.419965
0.086244
0.447509
0.397035
0.721826
0.984570
0.789427
0.059055
0.256968
0.772849
0.388232
0.634406
0.289131
0.501146
0.795285
0.141129
0.832995
0.521147
0.634909
0.869683
0.157677
0.877958
0.467151
0.753256
0.223918
0.974006
0.512571
0.619225
0.714321
0.076464
0.255590
0.943602
0.087701
0.315814
0.574607
0.309074
0.182590
0.085250
0.941747
0.979091
0.328085
0.211998
0.352215
0.446638
0.259446
0.088154
0.312948
0.595736
0.161124
0.687411
0.581153
0.443317
0.676817
0.789151
0.047251
0.975923
0.786017
0.591633
0.053887
0.982855
0.455241
0.367031
0.064088
0.204117
0.775263
0.835318
0.011718
0.324311
0.885842
0.971922
0.179518
0.419650
0.735627
0.071122
0.086190
0.649236
0.867836
0.799236
0.436707
0.806642
0.560006
0.842506
0.698058
0.853987
