0.695834
0.057470
0.280481
0.152704
0.635482
0.956257
0.096326
0.161755
0.023128
0.080063
0.980103
0.312935
0.713120
0.144762
0.079923
0.123886
0.273774
0.030787
0.508173
0.780081
0.513753
0.731095
0.568328
0.935303
0.755136
0.538287
0.346610
0.724271
0.988954
0.496731
0.791859
0.861352
0.837195
0.128211
0.994395
0.133737
0.476432
0.129820
0.847571
0.894166
0.964611
0.007461
0.316487
0.545921
0.316487
0.744494
0.361339
0.064377
0.829187
0.390323
0.849008
0.373447
0.182738
0.430659
0.416034
0.659188
0.762809
0.941530
0.992233
0.729276
0.803961
0.398032
0.415338
0.525835
0.875089
0.129118
0.474336
0.382884
0.766861
0.050955
0.279960
0.503616
0.918069
0.738821
0.514553
0.952265
0.060765
0.618228
0.058252
0.623959
0.595090
0.396347
0.616689
0.790752
0.677689
0.997551
0.663689
0.085072
0.314210
0.532959
0.724271
0.587322
0.457604
0.756944
0.240569
0.323247
0.482176
0.546750
0.815269
0.633482
