0.709706
0.179233
0.720175
0.464888
0.953982
0.646630
0.025544
0.327032
0.126687
0.144531
0.977896
0.268951
0.818073
0.012279
0.142014
0.094045
0.322233
0.049445
0.826211
0.799796
0.810937
0.891070
0.792522
0.843444
0.697879
0.737912
0.367038
0.858749
0.968163
0.752649
0.980542
0.447096
0.531326
0.061924
0.830458
0.486804
0.197112
0.091494
0.914628
0.422334
0.954587
0.023643
0.298754
0.363706
0.281132
0.742906
0.331589
0.020598
0.396179
0.400909
0.941530
0.444176
0.422334
0.691745
0.802209
0.837614
0.971953
0.905148
0.995508
0.236435
0.761682
0.331441
0.559266
0.621532
0.567271
0.109354
0.489129
0.716534
0.610109
0.017856
0.175064
0.318059
0.818503
0.749027
0.521386
0.824505
0.051951
0.443811
0.273518
0.744267
0.554450
0.805054
0.176776
0.374093
0.575335
0.997568
0.370073
0.288508
0.290910
0.910450
0.542612
0.681085
0.200092
0.754910
0.031408
0.778071
0.490488
0.804399
0.931626
0.630376
