0.709706
0.695834
0.179233
0.057470
0.720175
0.280481
0.464888
0.152704
0.953982
0.635482
0.646630
0.956257
0.025544
0.096326
0.327032
0.161755
0.126687
0.023128
0.144531
0.080063
0.977896
0.980103
0.268951
0.312935
0.818073
0.713120
0.012279
0.144762
0.142014
0.079923
0.094045
0.123886
0.322233
0.273774
0.049445
0.030787
0.826211
0.508173
0.799796
0.780081
0.810937
0.513753
0.891070
0.731095
0.792522
0.568328
0.843444
0.935303
0.697879
0.755136
0.737912
0.538287
0.367038
0.346610
0.858749
0.724271
0.968163
0.988954
0.752649
0.496731
0.980542
0.791859
0.447096
0.861352
0.531326
0.837195
0.061924
0.128211
0.830458
0.994395
0.486804
0.133737
0.197112
0.476432
0.091494
0.129820
0.914628
0.847571
0.422334
0.894166
0.954587
0.964611
0.023643
0.007461
0.298754
0.316487
0.363706
0.545921
0.281132
0.316487
0.742906
0.744494
0.331589
0.361339
0.020598
0.064377
0.396179
0.829187
0.400909
0.390323
0.941530
0.849008
0.444176
0.373447
0.422334
0.182738
0.691745
0.430659
0.802209
0.416034
0.837614
0.659188
0.971953
0.762809
0.905148
0.941530
0.995508
0.992233
0.236435
0.729276
0.761682
0.803961
0.331441
0.398032
0.559266
0.415338
0.621532
0.525835
0.567271
0.875089
0.109354
0.129118
0.489129
0.474336
0.716534
0.382884
0.610109
0.766861
0.017856
0.050955
0.175064
0.279960
0.318059
0.503616
0.818503
0.918069
0.749027
0.738821
0.521386
0.514553
0.824505
0.952265
0.051951
0.060765
0.443811
0.618228
0.273518
0.058252
0.744267
0.623959
0.554450
0.595090
0.805054
0.396347
0.176776
0.616689
0.374093
0.790752
0.575335
0.677689
0.997568
0.997551
0.370073
0.663689
0.288508
0.085072
0.290910
0.314210
0.910450
0.532959
0.542612
0.724271
0.681085
0.587322
0.200092
0.457604
0.754910
0.756944
0.031408
0.240569
0.778071
0.323247
0.490488
0.482176
0.804399
0.546750
0.931626
0.815269
0.630376
0.633482
