0.783933
0.537358
0.929587
0.203246
0.671306
0.707098
0.046728
0.779201
0.335252
0.643342
0.776753
0.003329
0.670309
0.700906
0.465041
0.849021
0.378855
0.995021
0.518494
0.442912
0.880494
0.727322
0.307934
0.096976
0.955019
0.967810
0.424720
0.751254
0.765514
0.928580
0.718579
0.183085
0.893312
0.273126
0.070659
0.341847
0.445594
0.252989
0.918665
0.139052
0.279461
0.481533
0.889070
0.883227
0.751940
0.409911
0.730972
0.959270
0.895975
0.639834
0.481363
0.059343
0.362994
0.018550
0.156611
0.930507
0.448656
0.885474
0.836024
0.749915
0.603583
0.340701
0.264843
0.274423
0.410191
0.837135
0.123700
0.455256
0.521268
0.460647
0.266723
0.469054
0.560316
0.997327
0.980695
0.220108
0.179013
0.081005
0.796097
0.454599
0.082675
0.742290
0.636370
0.971064
0.600384
0.855848
0.636320
0.649934
0.089958
0.637884
0.099126
0.779380
0.332357
0.909674
0.852559
0.949173
0.762146
0.143866
0.914959
0.776505
