0.203240
0.253949
0.057042
0.808086
0.691070
0.507504
0.351930
0.635042
0.356272
0.887484
0.773904
0.678947
0.497287
0.864784
0.134759
0.790421
0.584704
0.886600
0.673108
0.258521
0.823304
0.798108
0.165361
0.970389
0.159603
0.690023
0.952052
0.192206
0.537404
0.768265
0.217548
0.332582
0.028726
0.632260
0.020258
0.000487
0.851117
0.790369
0.619703
0.059349
0.629173
0.058549
0.240435
0.137621
0.533361
0.950080
0.016671
0.222540
0.353548
0.319788
0.542404
0.890462
0.678231
0.489752
0.726601
0.769539
0.535744
0.187910
0.149593
0.545430
0.288621
0.371763
0.486686
0.508011
0.452912
0.401953
0.609626
0.764474
0.282499
0.503736
0.002769
0.479351
0.767172
0.440517
0.105958
0.984694
0.183194
0.068183
0.352963
0.258033
0.077274
0.083658
0.115345
0.916171
0.132042
0.292474
0.261521
0.087949
0.266620
0.548261
0.272270
0.172885
0.620879
0.989253
0.181181
0.654716
0.355506
0.913185
0.450635
0.406571
