0.463692
0.599285
0.041402
0.924532
0.527221
0.954329
0.040810
0.967918
0.003955
0.048042
0.114748
0.671366
0.265717
0.915554
0.189984
0.923685
0.258362
0.430368
0.635102
0.702386
0.828593
0.291906
0.533129
0.575799
0.363561
0.519222
0.723518
0.427466
0.562968
0.341574
0.755276
0.671724
0.680404
0.816077
0.649972
0.461505
0.640784
0.257707
0.311800
0.535185
0.453257
0.740359
0.674499
0.371753
0.160948
0.544472
0.950146
0.002782
0.586308
0.537819
0.552597
0.025544
0.825728
0.399938
0.587335
0.020125
0.267787
0.422867
0.852176
0.171454
0.060811
0.174997
0.061534
0.501805
0.175138
0.282400
0.512639
0.777689
0.333356
0.251379
0.461543
0.984282
0.572694
0.228929
0.731523
0.779871
0.441823
0.113591
0.116670
0.061169
0.970708
0.286060
0.352762
0.852997
0.108207
0.553829
0.548278
0.021275
0.438794
0.734392
0.358050
0.324055
0.979336
0.011895
0.605145
0.011104
0.317484
0.726457
0.803246
0.630653
