0.841315
0.584367
0.011822
0.862778
0.494643
0.687103
0.047955
0.995307
0.015924
0.609093
0.427991
0.811704
0.135522
0.740704
0.062835
0.360589
0.375132
0.694276
0.763132
0.770016
0.881409
0.339670
0.671236
0.517981
0.454068
0.387232
0.641129
0.325365
0.192084
0.009456
0.742039
0.250271
0.150218
0.294837
0.489966
0.511300
0.613065
0.467986
0.526787
0.205950
0.691838
0.956968
0.472799
0.222482
0.130337
0.480630
0.933787
0.026386
0.839463
0.624088
0.722792
0.205180
0.919631
0.862021
0.315856
0.209986
0.423263
0.805371
0.977393
0.104006
0.169162
0.393948
0.184948
0.396217
0.229641
0.080667
0.878312
0.907274
0.091221
0.113335
0.091927
0.892584
0.121011
0.596449
0.587869
0.759676
0.798984
0.067069
0.676628
0.080533
0.774015
0.050417
0.809322
0.893172
0.102125
0.622483
0.813599
0.025748
0.659935
0.307484
0.813858
0.417558
0.650953
0.026804
0.354743
0.384342
0.276734
0.753159
0.483155
0.741426
