0.841315
0.463692
0.584367
0.599285
0.011822
0.041402
0.862778
0.924532
0.494643
0.527221
0.687103
0.954329
0.047955
0.040810
0.995307
0.967918
0.015924
0.003955
0.609093
0.048042
0.427991
0.114748
0.811704
0.671366
0.135522
0.265717
0.740704
0.915554
0.062835
0.189984
0.360589
0.923685
0.375132
0.258362
0.694276
0.430368
0.763132
0.635102
0.770016
0.702386
0.881409
0.828593
0.339670
0.291906
0.671236
0.533129
0.517981
0.575799
0.454068
0.363561
0.387232
0.519222
0.641129
0.723518
0.325365
0.427466
0.192084
0.562968
0.009456
0.341574
0.742039
0.755276
0.250271
0.671724
0.150218
0.680404
0.294837
0.816077
0.489966
0.649972
0.511300
0.461505
0.613065
0.640784
0.467986
0.257707
0.526787
0.311800
0.205950
0.535185
0.691838
0.453257
0.956968
0.740359
0.472799
0.674499
0.222482
0.371753
0.130337
0.160948
0.480630
0.544472
0.933787
0.950146
0.026386
0.002782
0.839463
0.586308
0.624088
0.537819
0.722792
0.552597
0.205180
0.025544
0.919631
0.825728
0.862021
0.399938
0.315856
0.587335
0.209986
0.020125
0.423263
0.267787
0.805371
0.422867
0.977393
0.852176
0.104006
0.171454
0.169162
0.060811
0.393948
0.174997
0.184948
0.061534
0.396217
0.501805
0.229641
0.175138
0.080667
0.282400
0.878312
0.512639
0.907274
0.777689
0.091221
0.333356
0.113335
0.251379
0.091927
0.461543
0.892584
0.984282
0.121011
0.572694
0.596449
0.228929
0.587869
0.731523
0.759676
0.779871
0.798984
0.441823
0.067069
0.113591
0.676628
0.116670
0.080533
0.061169
0.774015
0.970708
0.050417
0.286060
0.809322
0.352762
0.893172
0.852997
0.102125
0.108207
0.622483
0.553829
0.813599
0.548278
0.025748
0.021275
0.659935
0.438794
0.307484
0.734392
0.813858
0.358050
0.417558
0.324055
0.650953
0.979336
0.026804
0.011895
0.354743
0.605145
0.384342
0.011104
0.276734
0.317484
0.753159
0.726457
0.483155
0.803246
0.741426
0.630653
