0.209837
0.109975
0.694996
0.736346
0.254287
0.914508
0.287650
0.491774
0.542011
0.709757
0.272141
0.170810
0.200211
0.811503
0.391508
0.765230
0.013307
0.269912
0.364633
0.520684
0.699673
0.233882
0.274143
0.905825
0.946746
0.161469
0.491939
0.749706
0.127967
0.800792
0.502980
0.262994
0.943305
0.846794
0.485457
0.309147
0.346180
0.132388
0.775582
0.427374
0.502512
0.162193
0.376738
0.120106
0.259419
0.434617
0.884775
0.002061
0.375644
0.621663
0.924672
0.967003
0.165131
0.924893
0.867045
0.745156
0.886615
0.719978
0.137718
0.291965
0.680359
0.317049
0.864391
0.282969
0.169540
0.638750
0.302769
0.105771
0.293187
0.186913
0.710805
0.911673
0.609459
0.658291
0.994160
0.424378
0.475665
0.797012
0.174481
0.629109
0.308412
0.196133
0.717599
0.778307
0.812052
0.995930
0.168349
0.176755
0.267014
0.133185
0.092317
0.670125
0.966459
0.550381
0.636089
0.199224
0.880662
0.466588
0.312522
0.046011
