0.573191
0.401906
0.337761
0.548237
0.365422
0.625665
0.080684
0.072324
0.292619
0.479689
0.681699
0.166294
0.426353
0.114619
0.783972
0.507504
0.512768
0.867289
0.993299
0.824608
0.595701
0.027347
0.974948
0.861081
0.460065
0.579785
0.693160
0.585979
0.640812
0.203479
0.529074
0.603170
0.719189
0.728876
0.881176
0.798654
0.667733
0.607997
0.673524
0.543749
0.591871
0.523024
0.180990
0.024218
0.963038
0.459393
0.727589
0.608230
0.690301
0.795123
0.551426
0.048995
0.322712
0.898150
0.696113
0.418089
0.664933
0.508276
0.008902
0.586900
0.167972
0.105495
0.273355
0.253329
0.400456
0.598866
0.837634
0.293014
0.934316
0.549964
0.892205
0.350382
0.846966
0.706088
0.625298
0.404249
0.425784
0.748978
0.745838
0.685432
0.069069
0.472987
0.301535
0.373022
0.820917
0.560899
0.775525
0.855592
0.403616
0.237922
0.067323
0.886074
0.737289
0.370894
0.377519
0.197768
0.448791
0.219312
0.217459
0.392946
