0.772099
0.451653
0.981073
0.643382
0.913858
0.384056
0.511117
0.948038
0.547480
0.760224
0.378015
0.057322
0.197658
0.814930
0.093227
0.152578
0.424098
0.422811
0.695162
0.976376
0.005371
0.154499
0.513048
0.054652
0.288784
0.378436
0.312276
0.368887
0.610300
0.723279
0.641233
0.514480
0.875806
0.214390
0.005829
0.743357
0.191541
0.708344
0.469206
0.031928
0.938575
0.185566
0.044376
0.088828
0.256739
0.543566
0.689669
0.486225
0.143851
0.736058
0.448121
0.556916
0.094974
0.138063
0.152801
0.280431
0.761324
0.399228
0.273557
0.955117
0.484349
0.739998
0.590207
0.118564
0.756841
0.983466
0.814930
0.281423
0.157089
0.107289
0.391382
0.320867
0.146521
0.423261
0.597899
0.533293
0.799439
0.978148
0.764713
0.007878
0.396313
0.804594
0.606645
0.568915
0.601994
0.287422
0.565904
0.569896
0.638610
0.191806
0.910333
0.481576
0.037783
0.944499
0.989937
0.221319
0.678243
0.641233
0.116818
0.910950
