0.774603
0.053139
0.709812
0.552494
0.926483
0.948833
0.619438
0.604058
0.077024
0.305130
0.919572
0.224565
0.217969
0.309661
0.025956
0.821694
0.442759
0.547324
0.664154
0.047167
0.901545
0.854398
0.824527
0.565931
0.536066
0.693648
0.107010
0.166372
0.497879
0.029089
0.555719
0.172257
0.872236
0.956841
0.187787
0.384351
0.622057
0.012451
0.602234
0.651858
0.553478
0.218665
0.386985
0.007085
0.790542
0.040315
0.016982
0.759747
0.658707
0.426717
0.646376
0.395481
0.534827
0.243771
0.209636
0.694985
0.152428
0.179151
0.397654
0.188875
0.732974
0.446224
0.861020
0.493348
0.856433
0.792729
0.500947
0.817787
0.832864
0.630834
0.973169
0.336767
0.131320
0.061427
0.313521
0.600460
0.438391
0.557357
0.138437
0.237469
0.966627
0.919456
0.245148
0.999297
0.073477
0.003742
0.719802
0.447346
0.349978
0.749911
0.910538
0.416778
0.229977
0.806944
0.395841
0.445772
0.487765
0.907651
0.358503
0.608412
